andalusian_mismatch_interrogative-total-yn_La-nina-lava-el-plato analysis information:
Number of steps:
20
Cutoff frequencies were: 
4700 4850 5000 5150 5300 5450 5600 5750 5900 6050 6200 6350 6500 6650 6800 6950 7100 7250 7400 7550
Number of coefficients for prediction: 
5
Number of formants: 
3
Winner is:
5450 5450 5450
Errors (total,f1,f2,f3): 
759.1 823.5 748 683.9 614.9 584.4 619 625.7 604.8 606 588.1 636.4 695.1 724.5 747.5 779.2 815.4 870.6 914.8 989.6
119.5 128.9 128.2 135.2 134.8 134.3 133.5 136.7 136 146.7 146.8 165.5 178 187.1 191.7 194.9 200.9 200.5 208.4 218.2
320 343.3 315.1 306.4 297.6 298.7 314.6 313.9 292.2 282.9 273.7 289.7 312.2 318.8 328.7 329 339.5 364.9 382.1 407.4
319.6 351.3 304.7 242.3 182.5 151.4 170.9 175.1 176.6 176.4 167.6 181.2 204.9 218.6 227.1 255.3 275 305.2 324.3 364
Coefficients are (row-wise by formant):
558.2 -14.8 -44.6 113.5 37.8 13.5
1569.4 187.8 99.1 274.6 -79.3 -59.1
2722.8 210 71.6 8.4 -61.3 21.1
