andalusian_mismatch_declarative-narrow-focus_El-nino-oye-el-rio analysis information:
Number of steps:
20
Cutoff frequencies were: 
4700 4850 5000 5150 5300 5450 5600 5750 5900 6050 6200 6350 6500 6650 6800 6950 7100 7250 7400 7550
Number of coefficients for prediction: 
5
Number of formants: 
3
Winner is:
6200 6200 6200
Errors (total,f1,f2,f3): 
672.1 738.9 748.3 718.7 688.6 670.7 665.8 694.7 694.1 678.2 585.8 589.3 655.3 711.7 697 666.2 664.2 663.9 684.1 713.5
73 73.4 78.7 82.1 90.2 90.1 91.1 88.9 83.2 100.6 97.9 105.9 125.5 140.2 149.3 153.6 156 166.2 176.8 200.6
354.7 401.1 406.1 387.7 403.7 396.8 392 410.8 405.1 374.1 305.3 304.3 338.3 352.9 321.2 278.6 249.5 240.8 228 224.2
244.4 264.4 263.5 248.9 194.7 183.8 182.7 195 205.8 203.5 182.6 179.1 191.5 218.6 226.5 234 258.7 256.9 279.3 288.7
Coefficients are (row-wise by formant):
487.3 -83.5 41.7 24.4 93.5 -4.4
2020.4 222.9 91.2 63 46.2 -166.7
2824.4 179.4 124 -14.6 53.7 -117.8
