andalusian_mismatch_declarative-broad-focus_Mi-madre-come-la-fruta analysis information:
Number of steps:
20
Cutoff frequencies were: 
4700 4850 5000 5150 5300 5450 5600 5750 5900 6050 6200 6350 6500 6650 6800 6950 7100 7250 7400 7550
Number of coefficients for prediction: 
5
Number of formants: 
3
Winner is:
6050 6050 6050
Errors (total,f1,f2,f3): 
818.5 823.4 763.7 679.9 657.3 646.5 642.3 652.9 645.5 612.9 650.6 686.8 743.4 761.7 769.6 778.7 814.9 848.2 945.3 1049.2
159.4 151 152 151.6 158.7 172.9 177 175 181.1 181.9 196.8 211 226.6 230.7 234.9 236.5 235.5 239.5 264.2 282.8
296.5 303.1 281.9 265.1 272.1 259.9 268.7 275.6 280.9 282.8 300.2 314.2 333.9 336.2 335.7 334.3 338.1 347.1 369.2 393.5
362.6 369.3 329.8 263.2 226.5 213.7 196.6 202.3 183.5 148.2 153.6 161.6 182.9 194.8 199 207.9 241.3 261.6 311.9 372.9
Coefficients are (row-wise by formant):
583.3 -53.1 -1.8 -29.6 -23.9 -17.4
1680.6 92.7 127.9 43.1 -78 -16.6
2765.5 73.6 67.5 87.7 -31.2 92.7
