andalusian_match_interrogative-partial-wh_Cuando-lleva-el-abrigo analysis information:
Number of steps:
20
Cutoff frequencies were: 
4700 4850 5000 5150 5300 5450 5600 5750 5900 6050 6200 6350 6500 6650 6800 6950 7100 7250 7400 7550
Number of coefficients for prediction: 
5
Number of formants: 
3
Winner is:
5900 5900 5900
Errors (total,f1,f2,f3): 
751.5 756.5 837.8 870.3 767.5 706.3 633.5 593.4 588.3 619.7 633 673.3 724 820.4 822.2 812.8 808.9 826.3 828.2 815.6
82 75.2 76.4 85.4 97.3 104.1 110.3 108.3 105.8 108.7 109.4 109.8 107.7 111.7 109.4 110.1 108.1 112.6 113.9 112.1
365 365 413.2 420.9 392.6 366.1 342 334.1 334.5 355 363.6 391.6 426.1 460.1 470.2 457.3 457.6 460.8 455.4 437.7
304.5 316.3 348.2 364 277.6 236.1 181.2 151 148 156 160 171.9 190.2 248.6 242.6 245.4 243.2 252.9 258.9 265.8
Coefficients are (row-wise by formant):
530.1 76.4 58.4 51.8 99.9 -30.8
1740.5 63.1 -184.7 137.5 -129.9 145
2828.4 110.9 18.9 56.3 -113.2 101
