andalusian_match_interrogative-partial-wh_Cuando-vendia-el-carro analysis information:
Number of steps:
20
Cutoff frequencies were: 
4700 4850 5000 5150 5300 5450 5600 5750 5900 6050 6200 6350 6500 6650 6800 6950 7100 7250 7400 7550
Number of coefficients for prediction: 
5
Number of formants: 
3
Winner is:
5600 5600 5600
Errors (total,f1,f2,f3): 
618.5 660.2 724.3 751.3 729.5 663.9 582.8 614.1 612.7 634 638.9 633.7 613.3 593.1 594 596.8 625.9 702.1 811.8 893
111.9 116.8 117.9 120.6 126.9 140 146.9 152.3 153.3 158.6 158.3 157.2 154.8 150.6 144.5 139.9 140.7 147.2 161.9 169.2
224.5 243.5 272.2 286.7 270.9 241.8 239.3 263.1 266.9 277.3 281.7 274.8 267.7 258.6 255.5 253.7 260.7 285.1 307.5 315.4
282.1 299.9 334.2 344 331.7 282.1 196.6 198.7 192.5 198.1 198.9 201.7 190.8 183.9 194 203.2 224.5 269.8 342.4 408.4
Coefficients are (row-wise by formant):
557.7 -42.8 38.7 111.9 -88.2 -0.9
1612.3 96.1 -317.5 79.7 194.8 -21.8
2638.8 173 -80.8 -3.6 132.2 -113.8
