andalusian_match_interrogative-partial-wh_Por-que-iba-a-Bolivia analysis information:
Number of steps:
20
Cutoff frequencies were: 
4700 4850 5000 5150 5300 5450 5600 5750 5900 6050 6200 6350 6500 6650 6800 6950 7100 7250 7400 7550
Number of coefficients for prediction: 
5
Number of formants: 
3
Winner is:
5600 5600 5600
Errors (total,f1,f2,f3): 
722.6 756.8 782.7 786.4 750.1 734.2 684.2 689.3 704.8 723.7 700 753.6 799.4 799.1 831.7 841.5 814.7 815.5 840.8 858.1
94.4 104.8 101.5 96.4 101.1 121.8 128.9 126.8 125 124 117.4 126.4 134.4 146.8 161.1 160.7 155.8 155.1 166.2 177.9
323.5 342.9 354.2 352.4 356.1 369.3 380.8 401.3 414.1 428.8 419.8 442.2 461.8 460.1 467.5 461.5 449.5 447.1 448.2 445.7
304.7 309.1 327 337.6 292.9 243.1 174.5 161.2 165.7 170.9 162.8 185 203.2 192.2 203.1 219.3 209.4 213.3 226.4 234.5
Coefficients are (row-wise by formant):
518.1 -25.5 71.4 -72.2 2.1 48.4
1680.9 -158.9 -42.4 63.3 -245.3 1
2642.8 -30.1 -26.3 54.5 -85.5 -14.8
