andalusian_match_declarative-narrow-focus_Emilio-ama-la-marcha analysis information:
Number of steps:
20
Cutoff frequencies were: 
4700 4850 5000 5150 5300 5450 5600 5750 5900 6050 6200 6350 6500 6650 6800 6950 7100 7250 7400 7550
Number of coefficients for prediction: 
5
Number of formants: 
3
Winner is:
6050 6050 6050
Errors (total,f1,f2,f3): 
661.6 744.3 840.3 871 907.6 879.2 734.2 726.3 653.9 652.1 700.8 764.6 799.6 877.6 907.9 928 939.2 940.1 962.1 1038.7
192.7 191.5 191.9 191.6 197.7 197.4 197.5 201.3 201.2 195.6 214.4 229.2 249.9 264.5 270.5 277.4 287.8 278.6 288 317.1
263.8 317 355.4 371.4 374.1 347.9 276.2 283.5 236.8 229.5 251.7 273 273.6 320.1 320.6 328.1 330.1 332.7 329.2 346.8
205.1 235.8 293 308 335.8 333.9 260.5 241.5 215.9 227 234.7 262.4 276.1 293 316.8 322.5 321.3 328.8 344.9 374.8
Coefficients are (row-wise by formant):
744.5 -103.7 137.4 120.8 174.2 -23.8
2015.2 171.6 297.9 -170.1 -146.6 87.6
2914.3 -35.9 214.8 -114.4 -10.4 32.5
