andalusian_match_interrogative-total-yn_Marta-abre-el-regalo analysis information:
Number of steps:
20
Cutoff frequencies were: 
4700 4850 5000 5150 5300 5450 5600 5750 5900 6050 6200 6350 6500 6650 6800 6950 7100 7250 7400 7550
Number of coefficients for prediction: 
5
Number of formants: 
3
Winner is:
5600 5600 5600
Errors (total,f1,f2,f3): 
664.3 683.7 644.9 633.4 556.8 475.3 471.8 496.4 484.5 496.1 521.5 540.5 526.4 507.1 538.1 559.6 571.2 596.6 664.1 704
108 116 111.9 122.3 128.6 130.7 135 139.3 139.1 142.5 146.7 152.3 149.4 146.9 148 148.3 154.9 163.6 180.4 178.2
249 239.8 203.5 192.3 179.6 169.4 168.5 175 165.1 168.5 187 200.9 207.5 207.9 223.9 229.8 230.6 237.3 263.4 280.8
307.3 327.9 329.5 318.8 248.6 175.2 168.3 182.1 180.3 185.1 187.8 187.3 169.5 152.3 166.2 181.5 185.7 195.7 220.3 245
Coefficients are (row-wise by formant):
598.3 19.5 -16.8 -46 -158.5 -25
1513.3 91.7 -113.8 155.6 -25.3 -75.5
2526.5 11.3 113.8 132.5 -43.2 -97.3
