andalusian_mismatch_declarative-narrow-focus_Mi-novio-viene-del-lago analysis information:
Number of steps:
20
Cutoff frequencies were: 
4700 4850 5000 5150 5300 5450 5600 5750 5900 6050 6200 6350 6500 6650 6800 6950 7100 7250 7400 7550
Number of coefficients for prediction: 
5
Number of formants: 
3
Winner is:
5750 5750 5750
Errors (total,f1,f2,f3): 
622 685.3 693.2 739.5 735.7 621.7 541.4 497.2 502.1 532.8 596.8 653.6 704.5 696.6 749.8 813.1 816 809.9 812.9 809.7
90.1 89.7 89.7 88.2 86.2 87.6 89.7 92.8 90.6 94.6 112.1 130.6 152.8 150.5 165 173.7 174.5 178.9 179.1 183.8
281.6 333.1 333 378.6 378.7 298.6 270.3 258.5 268.3 287.2 311.8 325.8 342.9 347.3 370.9 400.7 394.3 394.8 381.3 355.9
250.3 262.5 270.5 272.7 270.8 235.5 181.4 145.9 143.2 151 172.9 197.2 208.8 198.8 213.9 238.7 247.2 236.2 252.5 270
Coefficients are (row-wise by formant):
464.3 -98.4 -15.8 17.3 -38.9 -1
1717 336.9 -238 4.8 108.7 -143.8
2714.6 64.8 -6.2 -6.8 -41.5 -83.9
