andalusian_match_interrogative-total-yn_Emilio-ama-la-marcha analysis information:
Number of steps:
20
Cutoff frequencies were: 
4700 4850 5000 5150 5300 5450 5600 5750 5900 6050 6200 6350 6500 6650 6800 6950 7100 7250 7400 7550
Number of coefficients for prediction: 
5
Number of formants: 
3
Winner is:
5750 5750 5750
Errors (total,f1,f2,f3): 
652.6 710.2 766.7 754.6 756.8 700 663.5 620.5 634.5 660.2 682.2 709.5 739.6 795.5 833.7 835.3 860.5 869 879.4 918.2
153.3 168.3 170.9 170.2 178.6 178 181.7 189.2 199.1 209.7 213.8 214.3 214.9 227.7 246.8 249 256.7 248.8 260.6 272.6
284.8 300.4 319.7 286.9 282.5 261 259.2 242 250.2 254.9 265.4 275.3 282.7 291.3 290.7 283 274.7 282.5 282.2 299.6
214.5 241.5 276.1 297.5 295.7 261 222.6 189.3 185.2 195.6 203 219.9 242 276.5 296.2 303.3 329.1 337.7 336.6 346
Coefficients are (row-wise by formant):
697.1 -117.9 31.5 123.6 90.2 202.1
1865.8 192.3 301.4 -44.2 -239.3 -21.2
2808.3 48.1 102.2 -40.2 8 22.2
