andalusian_match_interrogative-partial-wh_Por-que-ama-la-navidad analysis information:
Number of steps:
20
Cutoff frequencies were: 
4700 4850 5000 5150 5300 5450 5600 5750 5900 6050 6200 6350 6500 6650 6800 6950 7100 7250 7400 7550
Number of coefficients for prediction: 
5
Number of formants: 
3
Winner is:
6050 6050 6050
Errors (total,f1,f2,f3): 
712.7 765 771.2 793.9 722.5 656.8 641.9 652 629.9 621.2 669.7 678.8 693.1 709.7 717.4 742.6 775.2 878.3 945.3 998.7
190.4 187.7 183.6 178.5 186.4 197.5 203.4 210.1 207.2 209.3 216.1 218.1 214 218 217.2 222.7 227.3 224.8 226.7 218.5
211.6 244.9 244.3 248.6 223.3 213.9 239.2 264.7 275.1 283.3 306.6 312.5 318.1 326.1 330.3 325.2 336 381.2 403.6 425.9
310.7 332.4 343.3 366.8 312.8 245.4 199.3 177.2 147.6 128.6 147 148.2 161 165.6 169.9 194.7 211.9 272.3 315 354.3
Coefficients are (row-wise by formant):
662.7 -0.6 25.7 -49.5 97.7 67.6
1763 -0.3 48.9 64.8 -222.2 42.4
2788.4 13.2 126.8 154.3 62 -4
