andalusian_match_declarative-broad-focus_Emilio-ama-la-marcha analysis information:
Number of steps:
20
Cutoff frequencies were: 
4700 4850 5000 5150 5300 5450 5600 5750 5900 6050 6200 6350 6500 6650 6800 6950 7100 7250 7400 7550
Number of coefficients for prediction: 
5
Number of formants: 
3
Winner is:
4700 4700 4700
Errors (total,f1,f2,f3): 
548.7 610.4 642.5 769.2 816.6 774.6 671.6 659.1 599.3 639.5 643.5 707.4 733.3 786.8 778.1 805 770.9 771.5 781.8 866.8
131.5 129.9 121.6 118.3 130.7 129.7 120.6 129.1 132.2 148.2 152.9 154.7 158 164 167.2 170.8 161.7 163.8 171.9 201.2
210.7 254.5 281.8 334.6 342.2 315.4 293.3 287.9 249.5 263 259 308.4 326.7 350.8 333.6 337.8 321 315.4 317.6 353.9
206.5 226 239.1 316.3 343.7 329.5 257.7 242.1 217.6 228.3 231.6 244.3 248.6 272 277.3 296.4 288.2 292.3 292.3 311.7
Coefficients are (row-wise by formant):
571.8 -163.5 41.3 -74.1 29.5 19.7
1413.8 0.8 321.7 -4.7 -0.4 52.9
2163.3 83.1 461.1 -63.3 -126.9 -117.6
