andalusian_mismatch_declarative-narrow-focus_Mi-madre-come-la-fruta analysis information:
Number of steps:
20
Cutoff frequencies were: 
4700 4850 5000 5150 5300 5450 5600 5750 5900 6050 6200 6350 6500 6650 6800 6950 7100 7250 7400 7550
Number of coefficients for prediction: 
5
Number of formants: 
3
Winner is:
5900 5900 5900
Errors (total,f1,f2,f3): 
702.1 755 744 704.1 660.8 620.3 616.2 600.5 589.3 635 712.4 749.7 791.9 802.5 805.8 803.8 846.2 865.6 867 897.2
173.9 176.8 178.2 178.8 181.1 190.7 200.3 209.3 205.7 213.4 225 239.4 249.8 250.6 261 258.8 275.4 287.9 303.5 322.7
246.4 271.8 271.3 261.5 244.6 233.6 240.9 236.4 237.8 255.4 281.8 292.3 303.2 303.3 289.1 288.8 298.8 291.6 283.3 283.1
281.8 306.4 294.5 263.8 235.1 196 175 154.8 145.8 166.2 205.6 218 238.9 248.6 255.7 256.2 272 286.1 280.2 291.4
Coefficients are (row-wise by formant):
616.3 -88.4 37.5 -24.3 -36.4 -45.8
1763.6 68.8 157.5 25.6 16.8 -102.9
2714.5 -66.7 41.7 -3.8 -8.1 38.2
