andalusian_match_declarative-broad-focus_Ana-lleva-el-abrigo analysis information:
Number of steps:
20
Cutoff frequencies were: 
4700 4850 5000 5150 5300 5450 5600 5750 5900 6050 6200 6350 6500 6650 6800 6950 7100 7250 7400 7550
Number of coefficients for prediction: 
5
Number of formants: 
3
Winner is:
5750 5750 5750
Errors (total,f1,f2,f3): 
772.2 829.7 857.1 893.3 852.5 805.3 792.5 770.3 770.8 819.7 821.2 822.3 831.6 838.1 832.6 792.2 772.7 777.8 770.8 802.1
145.1 154.4 165.2 172.5 170.2 172.5 174.1 169.6 161.3 169.1 170.7 170.8 177.3 187.8 191.1 185 176.6 185.1 191.7 206.6
322 360.4 364.8 380.1 376.4 373.3 382.8 382 389.9 405.9 410.5 408.2 404.2 400 397.1 381.1 374.8 373.5 360.7 358.3
305.1 314.9 327.1 340.7 305.9 259.5 235.6 218.7 219.6 244.7 240 243.3 250.1 250.3 244.4 226.1 221.3 219.2 218.4 237.2
Coefficients are (row-wise by formant):
615.7 106.7 149.1 -22.7 60 -126.3
1783.8 28 -18.3 13.5 19.8 8.5
2787.4 -13.1 119.3 96.5 67.4 50.6
