andalusian_mismatch_declarative-narrow-focus_El-bebe-comia-muy-bien analysis information:
Number of steps:
20
Cutoff frequencies were: 
4700 4850 5000 5150 5300 5450 5600 5750 5900 6050 6200 6350 6500 6650 6800 6950 7100 7250 7400 7550
Number of coefficients for prediction: 
5
Number of formants: 
3
Winner is:
6350 6350 6350
Errors (total,f1,f2,f3): 
735.2 701.4 711.7 729.1 718.4 719.6 682.9 668.7 637.5 625.5 618.6 614.1 629.6 641.1 643.1 650.3 668.3 695.5 712.1 736.5
101.9 99.3 101.7 105.7 106.7 107.4 110.9 120.2 128.4 132.6 132.3 133.6 136.1 137 139.2 142 145.5 153.6 169.4 184.4
415.3 387.8 408.8 430.8 416.2 419.9 386.9 376.9 354.6 347 339.2 332.9 339.1 334 337.7 336.6 331.3 299.8 288.3 288.4
218 214.3 201.2 192.6 195.5 192.3 185.1 171.6 154.5 145.9 147.1 147.6 154.4 170.1 166.2 171.7 191.5 242.1 254.4 263.7
Coefficients are (row-wise by formant):
500.2 -32.9 109.7 -102 120.4 -15.2
2042.8 -128.1 272.7 126.6 -29.5 5.3
2864.6 -82 134 13.2 67.7 -44.6
