andalusian_mismatch_interrogative-total-yn_El-nino-oye-el-rio analysis information:
Number of steps:
20
Cutoff frequencies were: 
4700 4850 5000 5150 5300 5450 5600 5750 5900 6050 6200 6350 6500 6650 6800 6950 7100 7250 7400 7550
Number of coefficients for prediction: 
5
Number of formants: 
3
Winner is:
5750 5750 5750
Errors (total,f1,f2,f3): 
694 719.8 719.5 715.9 711 746.8 713 599.6 608.4 638.3 656.6 655.9 672.8 696.4 714.1 755.2 826.7 841.3 903.6 902.5
75.8 78.7 78.4 75.8 78.1 82.8 86.6 83.5 88.1 96.2 96.9 100.7 108.9 121.1 131 148 167 170.5 191.5 201.6
375.1 397.1 399.5 400.2 383.8 397.1 387.5 335.3 336.3 353.5 362.4 357 357.1 349.8 353.2 357 388 381.6 389.1 376.3
243.1 244 241.6 239.9 249.1 266.9 238.9 180.8 184 188.6 197.3 198.2 206.8 225.5 229.9 250.2 271.7 289.2 323 324.6
Coefficients are (row-wise by formant):
510.8 34.9 62.2 73 109.8 48.8
1970.9 341.9 -34 169.8 -186.3 -117.2
2858.8 150.1 -25.6 -54.5 -58.9 17.6
