andalusian_mismatch_declarative-broad-focus_La-nina-lava-el-plato analysis information:
Number of steps:
20
Cutoff frequencies were: 
4700 4850 5000 5150 5300 5450 5600 5750 5900 6050 6200 6350 6500 6650 6800 6950 7100 7250 7400 7550
Number of coefficients for prediction: 
5
Number of formants: 
3
Winner is:
5450 5450 5450
Errors (total,f1,f2,f3): 
752.4 781.8 786.9 772.3 674.9 592.8 616.7 664.6 751.2 734.8 638.7 618.7 603.3 624 663.8 702.3 741.7 822.7 862 868.7
120.3 118.6 123.6 123 125.6 124.8 128.8 129.9 131.9 134.5 135.4 151.2 162.3 167.7 176.5 183 192.5 219.8 231.3 228.3
313.9 314.8 306.2 304.6 283.9 255.7 267 313.1 383.7 385.3 336.2 310.1 289.7 297 307.2 313.3 317.5 322.3 317.2 321.6
318.2 348.4 357.1 344.7 265.4 212.3 220.9 221.6 235.6 215 167.1 157.4 151.3 159.3 180.1 206 231.7 280.6 313.5 318.8
Coefficients are (row-wise by formant):
582.2 -59.6 -56.1 94.2 67.1 47.2
1693.8 312.9 95.4 -14.3 -133.9 -126
2659.1 67.7 -21.4 -20.2 41.1 -50.8
