andalusian_mismatch_interrogative-partial-wh_Por-que-desayuna-muy-bien analysis information:
Number of steps:
20
Cutoff frequencies were: 
4700 4850 5000 5150 5300 5450 5600 5750 5900 6050 6200 6350 6500 6650 6800 6950 7100 7250 7400 7550
Number of coefficients for prediction: 
5
Number of formants: 
3
Winner is:
5750 5750 5750
Errors (total,f1,f2,f3): 
783.6 782.3 776.5 780.1 733.6 683.6 602.4 531.8 537.9 560.1 597.2 620.4 638.6 653.7 710.3 820 846.6 852.3 837.2 863.7
73.8 80.8 91.3 94.7 97.6 94 91.2 89.9 98.9 103.2 102.4 105.3 106.5 116.1 147.7 166 179.8 183 186.5 197.7
434.7 428.7 434 429.7 405.4 382.5 340.8 294.5 285.4 296.8 319.4 326.6 329 328.1 329.9 359.4 352.5 345.6 335.1 338.2
275.1 272.8 251.2 255.7 230.6 207.1 170.4 147.4 153.6 160.1 175.4 188.5 203.1 209.5 232.7 294.6 314.3 323.7 315.6 327.8
Coefficients are (row-wise by formant):
476.7 59.3 12.4 -39.9 6.9 23.5
1944.7 -160.3 -200.7 -200.6 -83.1 199.9
2799.9 -65.5 -114.4 15.4 -46.1 110.7
