andalusian_mismatch_declarative-broad-focus_La-maestra-vive-en-Paris analysis information:
Number of steps:
20
Cutoff frequencies were: 
4700 4850 5000 5150 5300 5450 5600 5750 5900 6050 6200 6350 6500 6650 6800 6950 7100 7250 7400 7550
Number of coefficients for prediction: 
5
Number of formants: 
3
Winner is:
5750 5750 5750
Errors (total,f1,f2,f3): 
804.8 845.9 868.4 799.4 754.2 677.8 647 591.1 614.9 630.1 695.1 776.1 859.4 942.3 960.4 976.2 989.5 1033.1 1045.1 1089.8
142.9 143.4 136.8 143.2 167.1 170.7 172.1 173.6 170.1 169.1 199.2 241.7 281.3 321.3 349.7 375.4 381.4 401.1 409.2 430.1
389.2 409.2 430.9 390.3 348.4 307.2 290.8 257.4 267.1 277.7 284 284.6 302.6 308 284.6 248.9 249.9 254 257.7 264.8
272.7 293.3 300.7 265.9 238.7 199.9 184.1 160.1 177.7 183.3 211.9 249.8 275.5 313 326.1 351.9 358.2 378 378.2 394.9
Coefficients are (row-wise by formant):
586 27 21.7 -49.6 -38.4 51.4
1922.9 -118.2 100.6 -8 5.2 178
2748.5 5.7 61.2 66.9 45.7 145.5
