andalusian_mismatch_interrogative-partial-wh_Cuando-lavaba-el-plato analysis information:
Number of steps:
20
Cutoff frequencies were: 
4700 4850 5000 5150 5300 5450 5600 5750 5900 6050 6200 6350 6500 6650 6800 6950 7100 7250 7400 7550
Number of coefficients for prediction: 
5
Number of formants: 
3
Winner is:
5750 5750 5750
Errors (total,f1,f2,f3): 
655.7 719.6 752.3 718.6 634.3 554.4 540.6 492.8 511.9 531 574.4 595.9 614.2 635.3 659.2 686.9 708.2 709.8 747.8 876.6
102.9 108.5 113.6 113.4 117.4 116.9 120.6 121.6 125.9 134.3 134.7 138.7 138.7 137.9 138.7 140.3 148.3 147.4 156.9 163.3
219 237.8 259.8 262.3 225 202.7 202.5 208 230.5 243.2 267.5 270 276.2 281.6 291.6 306.8 316.5 328.2 346 384.4
333.8 373.3 378.9 342.9 291.9 234.8 217.5 163.2 155.5 153.5 172.2 187.2 199.3 215.8 228.9 239.8 243.4 234.2 244.9 328.9
Coefficients are (row-wise by formant):
606 14.8 5.7 69.8 -13.4 81.5
1480.1 -43.9 75.1 134.5 -110.1 22.3
2675.1 76.8 74.3 43.1 19.7 -25.2
