andalusian_match_declarative-narrow-focus_Manuela-vende-el-carro analysis information:
Number of steps:
20
Cutoff frequencies were: 
4700 4850 5000 5150 5300 5450 5600 5750 5900 6050 6200 6350 6500 6650 6800 6950 7100 7250 7400 7550
Number of coefficients for prediction: 
5
Number of formants: 
3
Winner is:
4700 4700 4700
Errors (total,f1,f2,f3): 
631.2 672 719.7 801.4 777.9 803.7 792.1 797.2 736 680.1 686.7 701.5 711.5 694.7 703.7 719.8 731.2 801.9 802.6 838.7
152.1 145.7 144 163.1 178.6 207.9 216.4 207.7 211.3 211.7 216.7 219.8 222.1 219.8 230.2 233.1 246.3 268.7 274.3 285.5
272.6 290 305.9 328.2 299.8 303.3 295.1 301 268 232.1 232.2 232 239.5 236.5 242 245 245.7 271.3 268.6 276.8
206.5 236.3 269.8 310.1 299.5 292.5 280.6 288.5 256.7 236.3 237.8 249.7 249.9 238.4 231.5 241.7 239.2 261.9 259.7 276.4
Coefficients are (row-wise by formant):
532.4 -2.2 1.9 49.8 -30.8 33.3
1369.3 -68.8 84.8 65.2 161.9 96.3
2146.5 -173.4 149.7 22.1 201.4 136.4
