andalusian_statement_filler_Alberto-nunca-se-afeita analysis information:
Number of steps:
20
Cutoff frequencies were: 
4700 4850 5000 5150 5300 5450 5600 5750 5900 6050 6200 6350 6500 6650 6800 6950 7100 7250 7400 7550
Number of coefficients for prediction: 
5
Number of formants: 
3
Winner is:
5900 5900 5900
Errors (total,f1,f2,f3): 
728.1 706.5 688.8 744.9 698.5 612 636.6 549.9 528 534.2 581.2 642.3 726.5 832.5 916.4 1011.9 1103.7 1121.5 1189.2 1205.5
141.1 143.5 139.4 149.1 146.6 151.1 152.5 155 152.8 163.6 171.4 184.2 203.3 224.1 232.7 244.1 265.7 278.7 302.4 308.9
316.7 316.1 306.3 325.6 287.5 241 259.4 221 216.7 220.3 243.5 258.8 288 323.2 351.5 388.5 406.6 394.1 409.1 404.6
270.3 246.9 243.1 270.2 264.4 219.9 224.7 173.9 158.5 150.3 166.3 199.3 235.2 285.2 332.2 379.3 431.4 448.7 477.7 492
Coefficients are (row-wise by formant):
586 -47.3 58.1 76.4 60.2 -62.6
1693.3 -108.2 238.1 74.9 -258.6 38.6
2732.3 27.4 -10.9 1.5 -67.3 -28.4
