andalusian_mismatch_interrogative-partial-wh_Cuando-miraba-la-luna analysis information:
Number of steps:
20
Cutoff frequencies were: 
4700 4850 5000 5150 5300 5450 5600 5750 5900 6050 6200 6350 6500 6650 6800 6950 7100 7250 7400 7550
Number of coefficients for prediction: 
5
Number of formants: 
3
Winner is:
5900 5900 5900
Errors (total,f1,f2,f3): 
697.7 796.7 902.3 785.2 719 615.5 624.2 559.7 548.1 557.4 589.4 622.4 673.8 719.1 706.4 726 755.4 778.2 772.5 811.2
93.1 104.9 121.9 130 138 140.6 138.5 129.3 124.2 118.6 122.1 122.7 133.5 147.2 149.1 160.2 163.5 165.8 165.7 175.5
271.5 319.6 374.5 333.7 312.2 296 303.3 297.2 296.5 308.4 328.8 354.6 379.4 396.8 388.9 390.4 394.7 395.3 388 374.1
333.1 372.2 405.9 321.5 268.8 178.9 182.4 133.2 127.4 130.4 138.5 145.1 160.9 175.1 168.4 175.4 197.2 217.1 218.8 261.6
Coefficients are (row-wise by formant):
598.8 73.5 43.3 19.3 124.1 86.5
1623.8 15.9 105.2 -87.9 139.7 -29.8
2756.3 178.9 99.1 37.5 51.4 -53.1
