andalusian_mismatch_interrogative-partial-wh_Por-que-vivia-en-Paris analysis information:
Number of steps:
20
Cutoff frequencies were: 
4700 4850 5000 5150 5300 5450 5600 5750 5900 6050 6200 6350 6500 6650 6800 6950 7100 7250 7400 7550
Number of coefficients for prediction: 
5
Number of formants: 
3
Winner is:
5900 5900 5900
Errors (total,f1,f2,f3): 
716.7 730.9 738.5 759.3 697 561.9 535 465.1 448.8 466.3 499.9 539.9 582.8 589 591.4 707.5 732.5 761.6 788.4 865.7
99.7 106.8 112.2 112.5 109 110.8 111.4 108.4 99.9 92.2 95.6 103.4 106.1 109.9 116.8 168.8 188.7 199.8 216.1 248.6
373.7 389.7 389.3 431.1 378.5 256.1 253.9 212.5 211.5 225.5 246 259.8 274 271.4 278.9 286.6 284.4 284.7 281.8 301.3
243.3 234.4 237 215.7 209.5 195 169.7 144.2 137.4 148.6 158.3 176.7 202.7 207.7 195.7 252.1 259.4 277.1 290.5 315.8
Coefficients are (row-wise by formant):
466.4 28.3 40.2 70.5 6.3 -32.7
2048.4 -273.2 -151.9 -205.2 64.1 354.2
2814.3 -114.2 50.5 21.4 70.6 237.3
