andalusian_match_declarative-narrow-focus_Mariano-habla-del-tiempo analysis information:
Number of steps:
20
Cutoff frequencies were: 
4700 4850 5000 5150 5300 5450 5600 5750 5900 6050 6200 6350 6500 6650 6800 6950 7100 7250 7400 7550
Number of coefficients for prediction: 
5
Number of formants: 
3
Winner is:
5750 5750 5750
Errors (total,f1,f2,f3): 
729.3 728.5 761.1 733 729.7 702 672.3 657.2 669.3 708.7 735.3 752.3 799.3 847.7 908.9 905.9 871.6 807.9 759.3 746.1
132.3 142.7 156.2 155.1 165 185 196 201 206.5 208.8 211.4 209.7 215.7 230.5 263 275.2 275 256.4 244.9 234.8
295.4 293.4 300 291.5 285.5 265.3 243.9 245.8 265.9 286.6 294.4 312.5 339 344.5 355.5 347.2 326.4 308.3 283.9 278.1
301.6 292.4 304.9 286.4 279.2 251.7 232.4 210.4 196.9 213.3 229.5 230.1 244.6 272.7 290.4 283.5 270.2 243.2 230.5 233.2
Coefficients are (row-wise by formant):
616.3 110.7 60.3 -23.5 98.7 95.7
1718.6 30.8 139.7 110.3 67.3 -62.3
2711.7 -8 136.9 127.8 8.8 -82.5
