andalusian_mismatch_declarative-broad-focus_El-bebe-comia-muy-bien analysis information:
Number of steps:
20
Cutoff frequencies were: 
4700 4850 5000 5150 5300 5450 5600 5750 5900 6050 6200 6350 6500 6650 6800 6950 7100 7250 7400 7550
Number of coefficients for prediction: 
5
Number of formants: 
3
Winner is:
6800 6800 6800
Errors (total,f1,f2,f3): 
617.7 620 628.9 638.5 606.2 556.5 547.8 550.7 528.8 521.9 513.5 519.7 514.3 526.3 506.6 560.1 582.5 649.8 698.1 660
64.6 66.4 68.3 67.8 69.6 73.9 78.5 96.5 88.2 82.2 81.6 86.1 82.7 90.7 87 105.7 111.2 140.2 159 160.3
322.5 312.2 300.3 303.3 307.8 301.9 323.2 321.3 314 315.2 310.3 312.8 312.4 310.6 301.5 307.6 311.9 301.1 275.7 247.6
230.6 241.4 260.3 267.4 228.8 180.7 146.1 132.9 126.6 124.5 121.6 120.8 119.2 125 118.1 146.8 159.4 208.5 263.4 252.1
Coefficients are (row-wise by formant):
452.9 53.2 10.3 24.1 50.9 23.1
1996.3 -85.6 343.6 -27 -78.7 -36.2
2842.6 -47.1 156.5 6.7 155.8 -45.5
