andalusian_match_interrogative-total-yn_Daniel-iba-a-Bolivia analysis information:
Number of steps:
20
Cutoff frequencies were: 
4700 4850 5000 5150 5300 5450 5600 5750 5900 6050 6200 6350 6500 6650 6800 6950 7100 7250 7400 7550
Number of coefficients for prediction: 
5
Number of formants: 
3
Winner is:
6200 6200 6200
Errors (total,f1,f2,f3): 
800.6 791 738.2 752.7 884.6 826.1 814.2 764.9 743.1 707.7 707.4 738.1 714.8 761.2 789.8 805.1 854.1 895.6 923.6 952.5
131.3 135.6 142.6 153.7 158 159.8 164.4 164.5 171.4 166.9 168.5 173.9 170.1 177.4 181.3 185.3 201.5 208.1 205.5 216.5
342.4 338.7 317.1 340.8 444.5 404.1 412.9 395 388.8 380.7 391.5 408.1 386.6 409.9 424.7 408.7 426.5 448.5 453.8 461.2
326.9 316.7 278.5 258.2 282.1 262.2 236.9 205.4 182.9 160.1 147.4 156.1 158.1 173.9 183.8 211.1 226.1 239 264.3 274.8
Coefficients are (row-wise by formant):
555 6.3 163.9 -30.2 113.3 59
1996.3 55.9 72.1 -2.6 -180.3 137
2932 -25.2 150.1 -61.2 18.2 -16.5
