andalusian_mismatch_interrogative-total-yn_El-bebe-comia-muy-bien analysis information:
Number of steps:
20
Cutoff frequencies were: 
4700 4850 5000 5150 5300 5450 5600 5750 5900 6050 6200 6350 6500 6650 6800 6950 7100 7250 7400 7550
Number of coefficients for prediction: 
5
Number of formants: 
3
Winner is:
6500 6500 6500
Errors (total,f1,f2,f3): 
627 634 752.5 798.9 754.5 710.8 649 575.2 468.5 441.6 436.7 442.2 436.6 449.1 471.2 490.6 507.4 521.1 541.3 562.9
64.4 66.3 64.3 59.9 58.9 61.4 68.4 72 71 70.2 69.3 65.9 59.3 57 56.4 58 64.7 68.1 69.4 69.8
336.9 331.7 441 461.9 424.6 413.2 380.7 329.2 269 270.2 277.2 277.6 278.4 283.4 292.5 296.5 289.9 296.2 294.1 292
225.7 236 247.2 277.1 271 236.2 199.9 174 128.5 101.2 90.2 98.7 98.9 108.7 122.3 136.1 152.8 156.8 177.8 201.1
Coefficients are (row-wise by formant):
471 45 25.8 7.4 78.6 61.5
2088.6 -68.8 282.2 177.5 -184.4 1.4
2946.8 -73.1 133 46.7 60.4 -10.8
