andalusian_match_interrogative-total-yn_Mariano-habla-del-tiempo analysis information:
Number of steps:
20
Cutoff frequencies were: 
4700 4850 5000 5150 5300 5450 5600 5750 5900 6050 6200 6350 6500 6650 6800 6950 7100 7250 7400 7550
Number of coefficients for prediction: 
5
Number of formants: 
3
Winner is:
4700 4700 4700
Errors (total,f1,f2,f3): 
719.8 746.3 812.9 835.6 840.8 795.7 755 769 795.5 812.8 810.7 801.7 816.2 816.6 840 841.3 843 865.1 900.2 965.4
143.1 149.1 158.5 165.1 181.4 195.7 197.7 198.7 198.8 203.6 203.4 202.1 211.3 218.5 224.8 225.4 222.9 225.4 237.6 256.6
278.4 291.8 332 348.5 351.3 335.5 330.6 337.5 349.4 345.4 350.1 348.3 348.8 353.5 360.6 362.1 364 365.2 375.1 391.5
298.3 305.4 322.4 322 308.1 264.5 226.7 232.8 247.3 263.8 257.2 251.3 256.1 244.6 254.6 253.8 256.1 274.5 287.5 317.3
Coefficients are (row-wise by formant):
535.3 94.3 110.8 -44 73.8 -21.8
1381 92.7 91.9 229.6 -14.2 -174.7
2213.7 -14.3 126.1 213.4 -98.7 -152.7
