andalusian_match_interrogative-total-yn_Ana-lleva-el-abrigo analysis information:
Number of steps:
20
Cutoff frequencies were: 
4700 4850 5000 5150 5300 5450 5600 5750 5900 6050 6200 6350 6500 6650 6800 6950 7100 7250 7400 7550
Number of coefficients for prediction: 
5
Number of formants: 
3
Winner is:
5900 5900 5900
Errors (total,f1,f2,f3): 
714.4 751.9 801.1 845.6 767 727.9 739.7 707 702.3 771.8 780.8 753.5 781 791 823.2 843.8 858.8 864.8 910.5 936
116 112.1 127.9 136.6 141.7 148.9 147.8 146.1 148.4 145.6 155.4 154.7 158.2 151.6 154.4 154.2 158 164.3 172.5 173
322.2 348.5 360.5 381.4 335.8 315.1 333.7 325.8 327.4 365 365.8 358.1 372.7 391.8 405.3 407.5 415.2 412.9 424.3 432.7
276.2 291.3 312.7 327.6 289.5 263.9 258.2 235.1 226.5 261.2 259.6 240.7 250.1 247.6 263.5 282.1 285.6 287.6 313.7 330.3
Coefficients are (row-wise by formant):
575.4 185.8 109.7 54 69 -40.2
1691.3 201.7 -167.2 250.9 -92.3 41.7
2743.7 31.9 66.2 171.4 -19.8 179.1
