andalusian_mismatch_interrogative-total-yn_Mi-novio-viene-del-lago analysis information:
Number of steps:
20
Cutoff frequencies were: 
4700 4850 5000 5150 5300 5450 5600 5750 5900 6050 6200 6350 6500 6650 6800 6950 7100 7250 7400 7550
Number of coefficients for prediction: 
5
Number of formants: 
3
Winner is:
6500 6500 6500
Errors (total,f1,f2,f3): 
711.4 748.5 829.4 810.5 787.6 754.7 705.1 698.8 675.2 687.2 689.9 681.5 592.7 608.9 626.5 671.4 692.7 694.2 695.8 747.2
95.7 102.2 107.5 107 109.4 109.8 110.8 126.1 137.3 144.5 148.8 149.5 147.2 144.2 141.3 142.6 139.2 138.8 142 144.2
341.6 351.2 372.2 348.6 356.1 353 351.3 351.8 327.3 324.7 347.6 349.6 308.4 321.1 333 363.2 390 387.3 375.7 393.4
274.1 295.1 349.7 354.9 322.1 291.9 243 220.9 210.6 218 193.5 182.4 137.1 143.6 152.2 165.6 163.5 168.1 178.1 209.6
Coefficients are (row-wise by formant):
571.4 -107.5 42.9 28.4 45.6 18.7
1866.1 304.1 135.5 242.8 182.1 -363.4
3003.7 107.8 283.1 11.2 133.7 -131.5
