andalusian_mismatch_interrogative-partial-wh_Por-que-odiaba-la-lluvia analysis information:
Number of steps:
20
Cutoff frequencies were: 
4700 4850 5000 5150 5300 5450 5600 5750 5900 6050 6200 6350 6500 6650 6800 6950 7100 7250 7400 7550
Number of coefficients for prediction: 
5
Number of formants: 
3
Winner is:
5750 5750 5750
Errors (total,f1,f2,f3): 
811 860.8 942.4 873.5 833.7 714.1 651.5 615.7 657.1 690.6 695.8 732.5 746.5 760 758.3 773.9 762.2 760.7 757 800.3
111.4 107.3 112.2 123.5 120.4 116.7 122 121.5 125.2 119.9 118.5 121.7 124.9 127.6 129.5 130.6 131.3 134.6 141.2 154.4
376.9 410.2 444.1 418.1 394.1 337.8 324.4 324.9 354 379.6 392.8 410.1 418.1 428.2 424 427.5 405.5 398.6 383.8 395.5
322.7 343.3 386.1 331.9 319.2 259.6 205.1 169.3 177.9 191.1 184.5 200.7 203.5 204.2 204.8 215.8 225.4 227.5 232 250.4
Coefficients are (row-wise by formant):
566.4 10.6 4.7 -11.2 111.8 -0.9
1758.8 -148.4 -55.5 85.9 -105.2 65.2
2722.5 14.9 -21.1 85.8 -71.5 59.8
