andalusian_match_declarative-narrow-focus_Maria-bebe-el-vino analysis information:
Number of steps:
20
Cutoff frequencies were: 
4700 4850 5000 5150 5300 5450 5600 5750 5900 6050 6200 6350 6500 6650 6800 6950 7100 7250 7400 7550
Number of coefficients for prediction: 
5
Number of formants: 
3
Winner is:
5750 5750 5750
Errors (total,f1,f2,f3): 
755.9 856.9 881.2 859.7 809 656.9 632.2 625.3 630.7 637.5 680.2 683.5 716.6 724.8 730.8 756.8 759.9 757 803.6 796.8
141.3 152.4 152.9 159.2 160.6 162.8 165.8 165 162.7 161.5 172.4 177.1 196.4 203.9 209.3 219.5 221.5 226.3 249.5 254
342.8 389.2 408.3 379.7 355.6 295.9 287 281.8 278.1 286.3 304.3 302.6 298.6 293.8 291.8 300.7 303.1 301.7 302.7 285.2
271.8 315.3 320 320.8 292.8 198.2 179.4 178.5 189.9 189.7 203.5 203.8 221.6 227.1 229.7 236.6 235.3 229 251.4 257.6
Coefficients are (row-wise by formant):
602.5 82.9 255.1 -40.6 98.5 38.5
1943.2 -3.4 78.6 35.9 225.6 -128.5
2829.9 -53 118.7 13.5 48.6 -29.9
