andalusian_mismatch_declarative-broad-focus_Mi-novio-viene-del-lago analysis information:
Number of steps:
20
Cutoff frequencies were: 
4700 4850 5000 5150 5300 5450 5600 5750 5900 6050 6200 6350 6500 6650 6800 6950 7100 7250 7400 7550
Number of coefficients for prediction: 
5
Number of formants: 
3
Winner is:
6050 6050 6050
Errors (total,f1,f2,f3): 
758.1 743.6 764.1 753.4 727.7 722.9 726.8 715.8 732.4 714.3 784.9 753.5 792.7 792.2 806.9 821.7 856.4 856.8 846.4 853.5
119.4 120.6 118.6 114 111.7 115.1 116.4 120.6 127.6 130.6 141.5 135.6 149.2 147.5 156.9 165 178.6 188.3 184.8 172.2
320.9 325 342.7 362.4 367 384.4 392.1 390.1 398.2 396.6 426.9 414.1 412.7 403.7 410.4 421.6 428.3 412.3 389.4 383.4
317.8 298 302.8 277 249 223.4 218.3 205.1 206.6 187.1 216.5 203.8 230.8 241 239.6 235.1 249.5 256.2 272.2 297.9
Coefficients are (row-wise by formant):
525.8 -59 88.2 50.8 38.6 46.9
1729.7 196.2 -28.8 -73.9 308.7 -214.7
2802.1 137.1 -26.7 -34 122.1 -61.3
