andalusian_match_interrogative-partial-wh_Por-que-abre-el-regalo analysis information:
Number of steps:
20
Cutoff frequencies were: 
4700 4850 5000 5150 5300 5450 5600 5750 5900 6050 6200 6350 6500 6650 6800 6950 7100 7250 7400 7550
Number of coefficients for prediction: 
5
Number of formants: 
3
Winner is:
5600 5600 5600
Errors (total,f1,f2,f3): 
712.6 725.8 692.8 669.2 672.8 668 659.5 680.9 722.3 741.4 772.6 814.1 828.9 836.5 800.2 798.7 811.9 803.6 823.2 873.6
139.9 151.7 167.7 182.8 198.3 206 206.2 209.5 214.5 210 204.2 214.4 217.9 222 225.5 233.7 245.3 243.3 242.8 259.1
263 253.9 238.8 233.6 249.6 262.7 259.4 277.3 301.3 312.4 334.2 346.6 355.9 366.6 357.3 357.5 354.1 338.6 353.3 371.6
309.7 320.2 286.3 252.8 224.9 199.3 193.9 194.1 206.5 219 234.2 253.1 255.1 247.9 217.4 207.5 212.5 221.7 227.1 242.9
Coefficients are (row-wise by formant):
593.7 -34.7 -11 27.7 -29.9 -29.6
1613.3 -38.4 -55.7 -18.3 55.7 -32.9
2604.4 -40.4 138.2 9.8 109.9 -73.6
