andalusian_match_declarative-narrow-focus_David-leia-el-libro analysis information:
Number of steps:
20
Cutoff frequencies were: 
4700 4850 5000 5150 5300 5450 5600 5750 5900 6050 6200 6350 6500 6650 6800 6950 7100 7250 7400 7550
Number of coefficients for prediction: 
5
Number of formants: 
3
Winner is:
6200 6200 6200
Errors (total,f1,f2,f3): 
662.8 681.7 715.2 767.5 795.3 791.1 806.5 824.2 699.1 635.4 605.2 628.9 656.3 648 758.2 783.7 791.8 786.5 860 937.5
104.6 106 115.1 125.2 120.7 112.3 131.3 155.8 151.4 142 144.5 148.8 166.2 168.9 211.4 210.2 219.2 226.5 258.5 278.3
324.4 346.8 392.6 430.6 458.7 467.3 485.3 488.3 366.8 331 303.9 295.4 283.2 275.6 300.8 298.8 291.6 278.8 281.1 292.6
233.8 228.9 207.5 211.7 215.9 211.5 189.9 180.1 180.9 162.4 156.8 184.7 206.9 203.5 246 274.7 281 281.2 320.4 366.6
Coefficients are (row-wise by formant):
533.8 -6.2 164.9 -18.5 44.9 56.9
2157.2 79.3 -75.7 -219.2 188.9 126
2933.7 30.6 80.4 -106.5 122.4 29
