andalusian_match_interrogative-total-yn_Maria-bebe-el-vino analysis information:
Number of steps:
20
Cutoff frequencies were: 
4700 4850 5000 5150 5300 5450 5600 5750 5900 6050 6200 6350 6500 6650 6800 6950 7100 7250 7400 7550
Number of coefficients for prediction: 
5
Number of formants: 
3
Winner is:
5750 5750 5750
Errors (total,f1,f2,f3): 
600.2 681 719.9 713.5 644.5 654.1 622 566.6 577.3 590.9 598.3 626.3 635.3 649.8 686.4 699.4 723.3 737.5 784.8 797.1
87.8 80.3 70.6 69.5 69.8 70.8 85.3 96.4 96.3 99.7 106.7 109.7 118 120.9 122.6 118.9 127.8 141.4 157 173.3
258.2 307.3 341.2 344.4 291.7 283 296 264.2 280.2 291.6 303.6 315 323.4 332.3 347.8 349 350 341.6 349.4 349.4
254.2 293.4 308.1 299.6 283 300.3 240.7 206 200.8 199.6 188 201.6 193.9 196.6 216 231.5 245.5 254.5 278.4 274.4
Coefficients are (row-wise by formant):
462.7 91.1 24.6 -46.4 -31.9 -0.3
1815.6 121.4 -265.8 105.6 -254.5 -63
2676.9 134.7 -105 36 -77 -35.4
