andalusian_mismatch_declarative-narrow-focus_La-nina-lava-el-plato analysis information:
Number of steps:
20
Cutoff frequencies were: 
4700 4850 5000 5150 5300 5450 5600 5750 5900 6050 6200 6350 6500 6650 6800 6950 7100 7250 7400 7550
Number of coefficients for prediction: 
5
Number of formants: 
3
Winner is:
5750 5750 5750
Errors (total,f1,f2,f3): 
707.6 833.1 870.5 803.3 714.8 643.6 616.5 538.3 571.3 578.8 559.8 571.8 621.3 644.5 711.1 746.3 756.6 753 731.9 738
134.2 142.5 142.8 138.8 135.6 136.3 136.6 140.1 143.8 144 144.8 152.2 162.4 177.1 205.4 218.4 216.8 216.8 216.7 222.5
309.7 352.1 362.9 336.2 307.6 279.8 278.7 234.1 251.6 244.8 230.6 228.9 253.9 265.9 286.7 296.8 292.2 279.4 253.6 243.1
263.7 338.5 364.8 328.3 271.6 227.5 201.2 164.1 175.9 190 184.4 190.7 205 201.5 219 231.1 247.6 256.8 261.6 272.4
Coefficients are (row-wise by formant):
703.1 -65.4 110.6 136 23.6 -48.8
1789.6 192.9 220.7 -116 -132.8 106.3
2756.5 99.5 145.8 -24.8 -34.7 -2.8
