andalusian_match_declarative-broad-focus_Manuela-vende-el-carro analysis information:
Number of steps:
20
Cutoff frequencies were: 
4700 4850 5000 5150 5300 5450 5600 5750 5900 6050 6200 6350 6500 6650 6800 6950 7100 7250 7400 7550
Number of coefficients for prediction: 
5
Number of formants: 
3
Winner is:
5900 5900 5900
Errors (total,f1,f2,f3): 
772.4 801.2 765.8 787.5 773.3 745.4 641.2 591.5 573.5 578.3 599.8 596.1 607.7 632.6 640.9 672.9 728.4 740.6 763.9 794.8
124.5 123.5 115 119.8 126 137.3 144.6 153.6 155.4 160.9 161.7 158.3 156.3 156.8 165.6 171.5 180.6 185.3 197.5 202.3
332.8 339 314.4 317.9 300.1 298.5 259.3 226.2 226.1 231 237.9 237.4 245.7 248.2 233.4 248.9 262.1 269.1 272.6 291.5
315.1 338.7 336.4 349.8 347.2 309.6 237.3 211.7 192 186.4 200.2 200.4 205.7 227.6 241.9 252.5 285.7 286.2 293.8 301
Coefficients are (row-wise by formant):
661.9 -81.7 181.4 -98.3 20 75.4
1782.1 -78 -53.8 169.2 121 -42.9
2706.7 69.4 67.5 172.5 105.6 -94.8
