andalusian_match_declarative-broad-focus_Maria-bebe-el-vino analysis information:
Number of steps:
20
Cutoff frequencies were: 
4700 4850 5000 5150 5300 5450 5600 5750 5900 6050 6200 6350 6500 6650 6800 6950 7100 7250 7400 7550
Number of coefficients for prediction: 
5
Number of formants: 
3
Winner is:
6050 6050 6050
Errors (total,f1,f2,f3): 
683.5 721.2 768.1 734.8 777 743.7 675.9 592.8 558.1 552 558 564.4 585.5 604 632.4 703.5 704.2 715.3 710 722.3
83 88.2 89.3 87.7 88.9 101.9 107.7 126.3 125.1 128 124.8 118.4 118.7 119.6 127.2 159 141.2 142.1 146.6 151
359.9 375.7 399.1 370 388.6 347.6 320.6 286.8 283.8 284.4 283.7 293 298.5 302.1 310.3 331.9 335.6 342.2 340.1 338.8
240.6 257.3 279.7 277.1 299.5 294.2 247.6 179.7 149.2 139.6 149.5 153 168.3 182.3 194.9 212.6 227.4 231 223.3 232.5
Coefficients are (row-wise by formant):
474.4 138.1 29.1 -40.1 38.6 -7.9
1926 13.7 -129 165.6 -139.7 -31.5
2849.7 -19.7 49.4 44.6 -36.2 34.9
