andalusian_mismatch_declarative-broad-focus_Mi-tia-odia-la-lluvia analysis information:
Number of steps:
20
Cutoff frequencies were: 
4700 4850 5000 5150 5300 5450 5600 5750 5900 6050 6200 6350 6500 6650 6800 6950 7100 7250 7400 7550
Number of coefficients for prediction: 
5
Number of formants: 
3
Winner is:
5750 5750 5750
Errors (total,f1,f2,f3): 
800.4 830.9 863.6 797.5 783.3 741.9 622.2 594.1 610.8 624.3 659.8 695.2 678.4 657.4 637.4 642.2 638.9 638.4 663.7 765.6
126 129.4 135.8 136.5 138.9 140.3 146.1 148.4 152.6 152.2 153.5 151.6 149.7 149.6 150.7 157.8 157.4 154.4 159.4 174.5
396.1 404.4 436.2 408.1 397.1 389.4 316 310.3 322.9 334.7 357.4 370.6 350.6 331 313.7 300.4 285.4 284.5 289.2 319.9
278.3 297.1 291.6 252.9 247.3 212.2 160.1 135.4 135.3 137.4 148.9 173 178.1 176.8 173 184 196.1 199.5 215.1 271.2
Coefficients are (row-wise by formant):
545.7 -76.8 44.4 -111.4 82.8 -9.8
1975.3 148.9 140.3 97.4 -228.6 -298.8
2826.3 87.7 1.8 26 -105.9 -84.2
