andalusian_mismatch_interrogative-partial-wh_Por-que-venia-del-lago analysis information:
Number of steps:
20
Cutoff frequencies were: 
4700 4850 5000 5150 5300 5450 5600 5750 5900 6050 6200 6350 6500 6650 6800 6950 7100 7250 7400 7550
Number of coefficients for prediction: 
5
Number of formants: 
3
Winner is:
6200 6200 6200
Errors (total,f1,f2,f3): 
790.6 845.1 842.4 844.2 871.3 781.6 765.7 777.9 759.5 723.8 722.6 730.9 762.1 793.3 837.1 867.8 903.6 937.2 981.8 1008.1
127.7 136.5 137.1 143.8 147.4 156.9 159 167.2 169.5 171.4 171.3 172.4 177.9 177.9 182.1 183.6 182.8 191 195.1 202.8
338.1 376.2 390.4 407.9 431.6 404.2 388.8 401.5 390.3 380.3 377.8 378.1 386.3 391.4 405.4 418.3 432.9 443.3 446.2 446.3
324.8 332.4 314.9 292.5 292.3 220.5 217.9 209.2 199.7 172.1 173.5 180.4 197.9 224 249.6 265.9 287.9 302.9 340.5 359
Coefficients are (row-wise by formant):
600.7 -5.8 49 71.1 92.1 1.4
1876.2 75.7 -108.8 -303.8 484.6 -87.9
2872.6 31.5 79.8 -97.9 362.8 54.5
