andalusian_match_declarative-broad-focus_Daniel-iba-a-Bolivia analysis information:
Number of steps:
20
Cutoff frequencies were: 
4700 4850 5000 5150 5300 5450 5600 5750 5900 6050 6200 6350 6500 6650 6800 6950 7100 7250 7400 7550
Number of coefficients for prediction: 
5
Number of formants: 
3
Winner is:
5900 5900 5900
Errors (total,f1,f2,f3): 
776.1 800 805 855.1 836 833.7 807.9 744.6 702.9 715.4 726.2 735.7 781.2 769.7 771 791.9 807.3 822.3 909.5 980.9
174.2 180.9 186 193.5 194.1 196.7 199.6 195.2 193.7 198.6 192.6 190.4 200.2 204.5 212.6 232.4 240.2 248.4 265 285.1
309.7 331 352 373.8 385.7 401.6 400.9 368.9 344.6 346.9 354.2 358.8 370.1 364.4 351.8 340.8 339.1 340.6 376.9 398.8
292.2 288.1 267 287.8 256.2 235.4 207.4 180.5 164.6 169.9 179.4 186.5 210.9 200.8 206.6 218.7 228 233.3 267.6 297
Coefficients are (row-wise by formant):
585.2 125.3 68.3 74.6 64.9 -96
1963.6 103.6 98.2 -278.8 141.2 385.5
2904.1 109.3 -43.3 -5.5 32.6 93.1
