andalusian_mismatch_interrogative-total-yn_Mi-madre-come-la-fruta analysis information:
Number of steps:
20
Cutoff frequencies were: 
4700 4850 5000 5150 5300 5450 5600 5750 5900 6050 6200 6350 6500 6650 6800 6950 7100 7250 7400 7550
Number of coefficients for prediction: 
5
Number of formants: 
3
Winner is:
5750 5750 5750
Errors (total,f1,f2,f3): 
684.5 719.9 782.8 724.4 709.1 700.1 652.2 595.6 612.9 601 610 651.2 671.4 687.7 772.7 875 925.3 940.6 988 1022.3
121.2 130.6 135.7 144.1 157.7 164 175.3 182.5 179.1 174.7 178.5 189.7 192 195.4 208.1 235.5 249.1 254.4 260 267.2
266.6 276.8 298.8 268.8 275.2 287.1 265.7 256.1 266.2 267.6 272.2 288.8 301.3 305 335.3 367 376 377.2 392.4 400.1
296.7 312.5 348.3 311.5 276.2 249 211.2 157 167.6 158.7 159.3 172.7 178.1 187.3 229.3 272.5 300.2 309 335.6 355
Coefficients are (row-wise by formant):
582.2 -53.2 -10.5 24.6 -20.6 -108.8
1659.7 128 44.5 165.1 -51.1 -65.9
2763.1 75.8 -27.3 57.2 -69 85.1
