andalusian_match_declarative-broad-focus_Marta-abre-el-regalo analysis information:
Number of steps:
20
Cutoff frequencies were: 
4700 4850 5000 5150 5300 5450 5600 5750 5900 6050 6200 6350 6500 6650 6800 6950 7100 7250 7400 7550
Number of coefficients for prediction: 
5
Number of formants: 
3
Winner is:
5900 5900 5900
Errors (total,f1,f2,f3): 
678.6 712.6 747.2 738.7 662.8 654 652.3 629.8 610.3 653 654.2 664.1 650.4 680.4 690.7 704.1 740.6 753.1 803.4 844.9
167.1 166.5 159.9 163.2 168.1 173.8 183.2 187.7 184.1 191.6 186.9 188.2 189 192.6 201.3 206 215.6 223.9 236.9 245.8
226 238.4 252 256.2 224.9 225.9 227.1 221.8 218.1 241.5 234.4 245 245.3 255.6 255 266.9 273.6 274 290.5 300.5
285.5 307.7 335.3 319.3 269.8 254.3 242 220.3 208.1 219.9 232.9 230.9 216.1 232.2 234.4 231.2 251.4 255.2 276 298.6
Coefficients are (row-wise by formant):
640.4 89.3 43.7 -73.4 -74.1 12.5
1600.2 13.9 141.1 54.7 46.1 -91.8
2594 56.1 187.1 74.5 166.3 -52.8
