andalusian_mismatch_declarative-narrow-focus_La-maestra-vive-en-Paris analysis information:
Number of steps:
20
Cutoff frequencies were: 
4700 4850 5000 5150 5300 5450 5600 5750 5900 6050 6200 6350 6500 6650 6800 6950 7100 7250 7400 7550
Number of coefficients for prediction: 
5
Number of formants: 
3
Winner is:
5900 5900 5900
Errors (total,f1,f2,f3): 
794.8 816.5 818.7 727.4 610.5 560.1 529.1 530 501.5 546.2 578 565.6 608.3 636 657 706.2 727.9 772.7 846.8 893.5
140.6 139.1 134.9 140.8 145.5 150.3 145.9 147.3 145.1 158.8 166.1 167.1 181.7 196.1 207.2 229.9 238.2 244.5 261.4 269
358.7 375.8 376.2 311 254.1 239.1 230.7 227.6 209.3 215.3 221.8 215.5 226.7 225 219 222.6 221.6 229.1 236.8 248.6
295.5 301.6 307.6 275.6 210.9 170.7 152.5 155.1 147.1 172.1 190.1 183 199.9 214.9 230.8 253.7 268.1 299.1 348.6 375.9
Coefficients are (row-wise by formant):
555.5 95.6 77.1 -127.8 -35.1 -50.1
1955.3 -187.7 86.3 -120.7 -91.2 214.8
2828.6 -77 107.1 -14 18.6 153.6
