andalusian_match_interrogative-total-yn_David-leia-el-libro analysis information:
Number of steps:
20
Cutoff frequencies were: 
4700 4850 5000 5150 5300 5450 5600 5750 5900 6050 6200 6350 6500 6650 6800 6950 7100 7250 7400 7550
Number of coefficients for prediction: 
5
Number of formants: 
3
Winner is:
6200 6200 6200
Errors (total,f1,f2,f3): 
665.3 688.8 743.1 717.2 742.9 656.3 624.5 602.8 624.7 570.4 495.9 507.4 538.1 560.1 601.4 643.9 653.6 660.3 651.1 635.3
82.5 85.8 85.8 81.8 82.3 93.2 96.7 99.5 101.7 98.1 98.7 99.9 101.3 102 104.1 107.9 111.2 117 121.8 122.3
333 328.8 362.6 348.3 376.6 357.9 360.5 357.4 366.5 318.5 259.8 261.6 279.1 287.1 306.1 324.4 324.2 322.8 318.2 308.5
249.8 274.2 294.7 287.1 284 205.2 167.3 145.9 156.5 153.8 137.4 145.9 157.7 171 191.2 211.6 218.2 220.5 211.1 204.5
Coefficients are (row-wise by formant):
450.3 38.2 38.4 -19.8 33.7 -26.5
2009.9 127.7 -556.3 87.4 67.9 -42.4
2902.1 68.5 -143.6 -22.8 104.5 49.2
