andalusian_mismatch_interrogative-total-yn_La-maestra-vive-en-Paris analysis information:
Number of steps:
20
Cutoff frequencies were: 
4700 4850 5000 5150 5300 5450 5600 5750 5900 6050 6200 6350 6500 6650 6800 6950 7100 7250 7400 7550
Number of coefficients for prediction: 
5
Number of formants: 
3
Winner is:
6050 6050 6050
Errors (total,f1,f2,f3): 
838.6 878.6 888.3 776.1 709.2 678.2 643 568.4 525.1 502.7 537.5 578.6 640.2 734.2 797.7 819.4 881.2 1010.6 1039.5 1119
134.4 132.5 132.8 128.9 137.1 136.5 137 135.2 133.4 137.9 158.7 183.9 206.7 243.7 267.1 269.3 296.5 345.9 353.4 388.2
400.2 416.9 421.2 355.4 332.2 322.9 308.4 275.7 256.9 240.8 245.3 240.6 244.1 257.2 269.5 276.8 280.6 295.1 301.7 308.1
304 329.2 334.3 291.8 239.9 218.8 197.6 157.5 134.8 124 133.5 154.1 189.4 233.3 261.1 273.3 304.1 369.6 384.4 422.7
Coefficients are (row-wise by formant):
561.6 122.9 21.4 -42.7 -25.3 41.5
1904.9 -51.2 82.5 -62.8 113.6 176.3
2805.6 1 72.9 30.4 117.7 127.6
