andalusian_mismatch_interrogative-partial-wh_Por-que-oia-el-rio analysis information:
Number of steps:
20
Cutoff frequencies were: 
4700 4850 5000 5150 5300 5450 5600 5750 5900 6050 6200 6350 6500 6650 6800 6950 7100 7250 7400 7550
Number of coefficients for prediction: 
5
Number of formants: 
3
Winner is:
5450 5450 5450
Errors (total,f1,f2,f3): 
819.7 851.1 881.1 817.9 691.1 629.5 646.3 690.7 734 763.2 806.4 837.2 860.9 884.5 884 851 926.4 929.8 915.3 906.4
99.8 105.4 113.5 120.9 118.3 116.6 116.7 125.9 124.9 134.3 153 160.2 172.9 177.5 189.9 183.3 218.2 226.4 228.6 233.8
331.5 355 397.6 389.7 373 359.3 376.6 400.6 421.3 433.6 432.6 437.9 454.7 459.7 449.6 432.8 442.7 415 410.3 399.3
388.4 390.7 370 307.3 199.8 153.6 153 164.2 187.8 195.3 220.8 239.1 233.3 247.3 244.5 234.9 265.5 288.4 276.4 273.3
Coefficients are (row-wise by formant):
504 43.8 11 -24.8 40 0.9
1639.7 -78.8 -199 220 -119.1 17.1
2630.4 -86 -88.1 42 40.2 163.9
