andalusian_match_declarative-narrow-focus_Daniel-iba-a-Bolivia analysis information:
Number of steps:
20
Cutoff frequencies were: 
4700 4850 5000 5150 5300 5450 5600 5750 5900 6050 6200 6350 6500 6650 6800 6950 7100 7250 7400 7550
Number of coefficients for prediction: 
5
Number of formants: 
3
Winner is:
7550 7550 7550
Errors (total,f1,f2,f3): 
758.6 834.7 913.6 955.8 928.1 860 751.1 689.9 658.7 672.7 691.4 721.1 719.6 713.5 724.1 712.9 729.2 691 666.7 648.7
144.5 152.2 159.6 163.8 164 165.7 156.3 161.9 170.2 171.5 176.8 190.4 191.9 188.3 187.1 188.8 204.3 210.3 208.1 209.2
322.8 367.2 410.5 444 417 381.2 345.1 334 321.5 334.5 348.3 348.3 341.9 333.4 331.4 318.9 317.1 300.6 292.3 281.7
291.3 315.3 343.5 348 347.1 313.1 249.7 194 167 166.7 166.3 182.4 185.8 191.8 205.6 205.2 207.8 180.1 166.3 157.8
Coefficients are (row-wise by formant):
690.9 164.2 351.8 120.3 275.2 74.2
2195.7 92.6 358 -1 -227 311.2
3103.2 187.7 394.5 -16.8 125.1 -65.9
