andalusian_match_interrogative-partial-wh_Por-que-hablaba-del-agua analysis information:
Number of steps:
20
Cutoff frequencies were: 
4700 4850 5000 5150 5300 5450 5600 5750 5900 6050 6200 6350 6500 6650 6800 6950 7100 7250 7400 7550
Number of coefficients for prediction: 
5
Number of formants: 
3
Winner is:
6200 6200 6200
Errors (total,f1,f2,f3): 
712.6 764.3 763.3 713.5 673.6 670.4 676.4 634.6 623.3 612.1 600 605.5 621.2 633.5 692.9 752.6 813.5 851.7 917.7 970.2
140.8 146.5 149.3 150.7 153.8 162.1 165.6 166.6 165 162.2 160.4 160.8 164.8 166.4 176.3 183.1 184.7 186.9 195.5 208.4
191.3 203.3 206.5 202.8 218.7 241.1 244.6 236.6 250.2 248.4 246.6 249.3 268.5 279.7 309.5 339.7 372.5 399.4 433.2 454.4
380.5 414.5 407.5 360 301.1 267.2 266.2 231.4 208.1 201.5 193 195.4 187.9 187.4 207.1 229.8 256.3 265.4 289 307.4
Coefficients are (row-wise by formant):
651.1 -41.7 33.2 1.1 81.6 -0.7
1454.8 248.2 24.5 -55.1 81.4 -156.8
2671.4 79.8 71.3 -32.8 239.8 27.8
