andalusian_match_interrogative-partial-wh_Cuando-leia-el-libro analysis information:
Number of steps:
20
Cutoff frequencies were: 
4700 4850 5000 5150 5300 5450 5600 5750 5900 6050 6200 6350 6500 6650 6800 6950 7100 7250 7400 7550
Number of coefficients for prediction: 
5
Number of formants: 
3
Winner is:
5600 5600 5600
Errors (total,f1,f2,f3): 
684.5 685 703.7 692.8 726.3 589.2 506.2 513.7 535.5 585.7 598.3 636.9 627.6 610.8 627.1 609.4 586.5 571 603.3 613.4
78.5 75.1 75.7 77.2 83.7 82.8 89.5 91.8 94 105.5 105.5 108.4 112.7 110.2 113.5 112.1 106.6 100.3 105.3 109.9
317 313 344.8 341.9 375.9 313.6 270.6 280.8 285.9 318.8 324.1 343.6 320.2 306.5 313.2 307.4 293 285.2 294 292.5
289 296.9 283.2 273.7 266.7 192.8 146.1 141.1 155.6 161.4 168.7 184.9 194.7 194.1 200.4 189.9 186.9 185.5 204 211
Coefficients are (row-wise by formant):
485.9 62.4 47.4 -3 25.7 -4.6
1779.3 -16.2 -448.6 -40.7 153.6 70.2
2749.8 56 -150.1 16.7 46.7 -5
