andalusian_mismatch_declarative-narrow-focus_El-hombre-mira-la-luna analysis information:
Number of steps:
20
Cutoff frequencies were: 
4700 4850 5000 5150 5300 5450 5600 5750 5900 6050 6200 6350 6500 6650 6800 6950 7100 7250 7400 7550
Number of coefficients for prediction: 
5
Number of formants: 
3
Winner is:
6800 6800 6800
Errors (total,f1,f2,f3): 
698.3 690.6 659 647.5 628.2 638.1 619.7 636.1 675.5 676.8 674.3 666.8 647.1 643.8 617.9 631.7 646.8 657.8 663 696.6
119.4 126.2 131.7 143.2 152.2 153.1 163.9 180.8 188.6 186.8 189.2 199.2 200.4 201.8 196.5 201.4 204.8 205.4 208.2 214.1
282.6 292.8 285 288.8 288.6 297.3 283 269.8 275.2 267.8 274.2 263.8 253.6 256.4 250.7 254 257.3 253.2 245.3 251.3
296.3 271.6 242.3 215.5 187.4 187.7 172.8 185.5 211.7 222.2 210.9 203.8 193.1 185.6 170.7 176.3 184.7 199.2 209.5 231.2
Coefficients are (row-wise by formant):
628.4 -32.5 195 131.2 160 105
1954.8 71.5 201 -76.5 470.6 40.5
2974.8 6.1 194.9 73.2 197.6 21.3
