andalusian_match_interrogative-total-yn_Manuela-vende-el-carro analysis information:
Number of steps:
20
Cutoff frequencies were: 
4700 4850 5000 5150 5300 5450 5600 5750 5900 6050 6200 6350 6500 6650 6800 6950 7100 7250 7400 7550
Number of coefficients for prediction: 
5
Number of formants: 
3
Winner is:
5900 5900 5900
Errors (total,f1,f2,f3): 
720.1 750.5 746.6 735.1 713 671.5 537.1 489.6 476.4 522.9 540 555 571.1 588.8 575.3 579.5 599.1 629.5 703.8 733.4
139.8 139 136.2 134 139.7 141.9 145.9 148.6 151 153.7 151 150.2 150.9 155.2 151.2 149.6 153.7 159.8 184.5 195.4
294.7 288.2 265 254.8 250.8 247.5 192.1 173.9 164.7 180.5 186.1 190.4 202.3 216.9 220.1 227.6 238.1 251 277.7 283.6
285.6 323.3 345.4 346.3 322.5 282.1 199.1 167.1 160.7 188.7 202.9 214.4 217.9 216.7 204 202.3 207.3 218.7 241.6 254.4
Coefficients are (row-wise by formant):
591.7 -30.7 16.8 23.4 -115.7 -10.6
1632.2 78.6 -196.8 23.4 108.8 -80.2
2643.6 183.9 -118.4 -65.4 114.8 -119.2
