andalusian_mismatch_declarative-broad-focus_El-hombre-mira-la-luna analysis information:
Number of steps:
20
Cutoff frequencies were: 
4700 4850 5000 5150 5300 5450 5600 5750 5900 6050 6200 6350 6500 6650 6800 6950 7100 7250 7400 7550
Number of coefficients for prediction: 
5
Number of formants: 
3
Winner is:
5750 5750 5750
Errors (total,f1,f2,f3): 
703.2 726.4 747.5 687.7 622 595.5 574 571.3 579.3 637.8 676.6 682.2 655 633.4 642.3 663.4 700.1 720.5 735.6 793
120.1 126.5 132.5 143.7 148.8 149.3 144 147.2 150.8 157 157.7 166.2 166.8 170 174.8 186.2 195.1 198.4 194.3 201
303.3 306.6 319.8 282.6 259.7 248.1 244.3 235.5 238.1 258.2 276.6 277.7 259.5 248.2 251.9 268.9 284.9 296.6 319.1 339.8
279.8 293.3 295.2 261.4 213.5 198.1 185.7 188.6 190.4 222.6 242.3 238.3 228.7 215.2 215.6 208.3 220.1 225.5 222.2 252.2
Coefficients are (row-wise by formant):
595.1 -42.9 154.1 81.5 148.2 -137.4
1708.3 133 109.5 115.7 309.8 -184.3
2713.2 38.7 64.9 72.7 138.4 -19.7
