andalusian_match_declarative-broad-focus_Mariano-habla-del-tiempo analysis information:
Number of steps:
20
Cutoff frequencies were: 
4700 4850 5000 5150 5300 5450 5600 5750 5900 6050 6200 6350 6500 6650 6800 6950 7100 7250 7400 7550
Number of coefficients for prediction: 
5
Number of formants: 
3
Winner is:
4700 4700 4700
Errors (total,f1,f2,f3): 
618.7 667.5 731.1 756.6 761 777.2 741.1 736.5 738.2 746.2 730.9 722 802.4 800 846.1 837.9 882.3 879.8 931.8 943.5
134.9 142.9 150.1 149.8 156.5 169.1 179 185.6 188.9 188.7 198.2 201.8 230.3 244.6 267.8 265.8 284.4 283.1 305.5 291.2
217 237 268.5 283.3 299.6 323.5 306.3 287.1 288.7 306 307.1 305.8 331.5 327.8 334.1 334.2 341.8 342.1 348.7 345.4
266.8 287.6 312.5 323.5 304.9 284.6 255.8 263.8 260.6 251.5 225.6 214.4 240.6 227.6 244.2 237.9 256.1 254.6 277.6 306.9
Coefficients are (row-wise by formant):
545.5 37.2 11 -67.8 131.3 -51.6
1418.1 -55.8 69.5 214.3 -28.3 -54.3
2213.3 -160.7 231.7 117.2 -132.6 20
