andalusian_mismatch_declarative-broad-focus_El-nino-oye-el-rio analysis information:
Number of steps:
20
Cutoff frequencies were: 
4700 4850 5000 5150 5300 5450 5600 5750 5900 6050 6200 6350 6500 6650 6800 6950 7100 7250 7400 7550
Number of coefficients for prediction: 
5
Number of formants: 
3
Winner is:
6350 6350 6350
Errors (total,f1,f2,f3): 
694 730.1 745.7 697.6 688.6 725.1 723.4 717 723.7 723.4 722.6 670.1 675.7 697.1 697.4 691.4 687.8 705.6 751.1 832.7
74.4 84.3 90.5 97.3 97.1 98.3 92.4 91.9 84.9 84.8 89 103.9 117.4 141.9 152.1 163.9 160.9 169.6 175.4 205.3
355.3 380.1 409.4 409.4 418.2 451.9 453.1 447.8 448.9 436.7 428.2 366.3 351.3 340.6 320.2 300.6 286.3 291.4 295.6 298.8
264.3 265.7 245.8 190.9 173.3 174.9 177.9 177.3 189.9 201.9 205.4 199.9 207 214.6 225.1 226.9 240.6 244.6 280.1 328.6
Coefficients are (row-wise by formant):
486.2 -17.2 107.9 17.1 94.6 54.3
2126.2 169.1 164.1 62.5 -85.6 -201.2
2925.5 163.6 121.6 -61.6 35.9 -22.8
