andalusian_mismatch_interrogative-total-yn_Mi-tia-odia-la-lluvia analysis information:
Number of steps:
20
Cutoff frequencies were: 
4700 4850 5000 5150 5300 5450 5600 5750 5900 6050 6200 6350 6500 6650 6800 6950 7100 7250 7400 7550
Number of coefficients for prediction: 
5
Number of formants: 
3
Winner is:
6200 6200 6200
Errors (total,f1,f2,f3): 
779.1 880.9 863.3 749.7 777.6 730.9 657.2 628.3 648.8 624.9 623.3 638.5 693 669.6 645.4 656.5 685.5 706.2 704.5 749.6
93.5 92.5 99 94.6 111.5 124.2 125.2 126.3 130.9 128.8 133.9 126.1 135.7 135.7 130.2 144 160.5 169.6 170 193.1
414.7 482.2 461.4 383.9 389 369.2 335.5 337.9 349.6 330.8 329.3 336 361.4 333.9 321.4 314.4 313.3 312.4 300.9 307.2
270.9 306.2 302.9 271.2 277.1 237.5 196.5 164.1 168.3 165.3 160.1 176.4 195.9 200 193.8 198.1 211.7 224.2 233.6 249.3
Coefficients are (row-wise by formant):
512.1 -3.3 6.6 -77.1 99.2 70.4
2036.9 199.3 77.4 52.3 -239.4 -312.7
3020.6 189.1 -3.2 -1.8 -118.1 -2.9
