argentine_match_interrogative-partial-wh_Por-que-abre-el-regalo analysis information:
Number of steps:
20
Cutoff frequencies were: 
4700 4850 5000 5150 5300 5450 5600 5750 5900 6050 6200 6350 6500 6650 6800 6950 7100 7250 7400 7550
Number of coefficients for prediction: 
5
Number of formants: 
3
Winner is:
4850 4850 4850
Errors (total,f1,f2,f3): 
448.7 441.8 449.9 458.6 480.6 497.2 502.9 530.3 554 621.4 637 678.4 743.3 772.3 791.9 823.6 900.2 930.4 973.9 1027.3
72.4 79.9 78.1 83.1 84.8 88.9 90.2 93.8 91.7 102.7 101.1 106.4 125.5 135.9 137.4 134.4 156.2 162.4 167.1 177.7
209.7 217.6 227.9 231 241.5 247.1 248.6 257.6 266.2 297.3 305.4 313.9 332.9 340.9 357.4 372.7 398.5 410.4 423.2 434.4
166.6 144.3 143.9 144.5 154.3 161.2 164.1 178.9 196.1 221.4 230.5 258.1 284.9 295.5 297.1 316.5 345.5 357.6 383.6 415.2
Coefficients are (row-wise by formant):
557.1 -3.8 21.2 -8.3 40.1 24
1536.7 -107.6 -93.5 -30.2 -93.4 82.1
2357.9 39.4 92.6 -1.7 -34.8 10.5
