argentine_match_interrogative-partial-wh_Por-que-iba-a-Bolivia analysis information:
Number of steps:
20
Cutoff frequencies were: 
4700 4850 5000 5150 5300 5450 5600 5750 5900 6050 6200 6350 6500 6650 6800 6950 7100 7250 7400 7550
Number of coefficients for prediction: 
5
Number of formants: 
3
Winner is:
6050 6050 6050
Errors (total,f1,f2,f3): 
408 400 384.3 395 412.3 411.2 409.1 422.1 402.6 381 406.9 467.6 518.3 573.4 608.7 621.2 639.4 636.7 699 746.8
53.9 54.9 56.8 59.2 62.1 60.3 59.7 61.4 61.1 61.1 63 69.4 73.4 90.1 107 116.9 128 122.4 144.8 166.7
208.2 209.8 203.9 206.2 214.2 213.6 212.6 218 211.4 196.6 216.3 232.1 242.9 249.8 255.1 262 260.1 276.1 284 288.7
145.9 135.3 123.6 129.6 136 137.3 136.8 142.7 130.1 123.3 127.6 166.1 202 233.5 246.6 242.3 251.3 238.2 270.2 291.4
Coefficients are (row-wise by formant):
509.3 -2.3 61.6 -81.6 111.6 -29.8
1655.4 -136.6 112.3 23.4 -456.8 23.3
2531.6 -5.5 50 93.2 0.2 -53.8
