argentine_mismatch_declarative-broad-focus_El-bebe-comia-muy-bien analysis information:
Number of steps:
20
Cutoff frequencies were: 
4700 4850 5000 5150 5300 5450 5600 5750 5900 6050 6200 6350 6500 6650 6800 6950 7100 7250 7400 7550
Number of coefficients for prediction: 
5
Number of formants: 
3
Winner is:
5300 5300 5300
Errors (total,f1,f2,f3): 
556 539.9 505.7 493.8 469.7 481.6 494.1 495.3 504.9 506.6 493.8 517.4 584.8 648.9 644.1 655.7 701 754.6 828.3 878.6
82.4 85.8 91.6 96.8 102.3 113.5 116.8 120.2 130.2 140.4 142.4 146.7 154.7 168.9 171.5 187.1 217.4 228.8 247.6 246.2
259.4 263 251.7 248.9 239.6 238.2 238.5 237.4 231.2 224.3 205.4 206.6 227.1 251.9 244.8 235.6 234.1 249.6 267.4 284.8
214.2 191.1 162.4 148.1 127.8 129.9 138.8 137.7 143.5 141.9 146 164.1 203 228.1 227.8 233 249.5 276.2 313.3 347.6
Coefficients are (row-wise by formant):
492.7 35.5 -7.6 8.5 41.3 9.4
1722.5 -60 121 100 30.3 11.9
2506.9 22.2 48.2 11.4 126.5 67.2
