argentine_match_declarative-narrow-focus_Ana-lleva-el-abrigo analysis information:
Number of steps:
20
Cutoff frequencies were: 
4700 4850 5000 5150 5300 5450 5600 5750 5900 6050 6200 6350 6500 6650 6800 6950 7100 7250 7400 7550
Number of coefficients for prediction: 
5
Number of formants: 
3
Winner is:
4850 4850 4850
Errors (total,f1,f2,f3): 
371.5 362.6 379 406.4 400.7 449.8 527.8 593.3 645.7 686.1 768.9 824.6 844.9 904.7 913.8 932.3 957.1 963.6 947 993.2
79.7 81.3 84.6 88.9 92.8 110 125 132.7 141.7 147.8 183 201.3 207 229.3 237.5 252.3 268.3 274.3 272.9 293.6
155.5 150.7 159.4 162.9 162.8 181.4 222.1 244.4 263.4 279.9 310.4 333.1 340.3 367.3 362 354.3 350.4 351.5 346.3 355.7
136.3 130.6 135 154.6 145.1 158.4 180.7 216.2 240.6 258.4 275.5 290.2 297.6 308.1 314.3 325.7 338.4 337.8 327.8 343.9
Coefficients are (row-wise by formant):
556.9 32.2 39.2 -31.2 83.3 -45.8
1558.8 9.6 -41.5 22.7 -219.4 116.9
2450.9 -6.8 38.7 -85 -119 48.7
