argentine_mismatch_declarative-narrow-focus_El-nino-oye-el-rio analysis information:
Number of steps:
20
Cutoff frequencies were: 
4700 4850 5000 5150 5300 5450 5600 5750 5900 6050 6200 6350 6500 6650 6800 6950 7100 7250 7400 7550
Number of coefficients for prediction: 
5
Number of formants: 
3
Winner is:
4700 4700 4700
Errors (total,f1,f2,f3): 
500.7 512.2 548.2 589.2 621.6 677.8 672.9 692 769.2 765.6 776.6 785.8 824.7 887.5 886.9 868.8 904.5 947.2 955.1 962.4
61.1 63.9 70.8 84.8 116.5 137.4 151.7 158.3 163.1 162.4 176.3 188 218.2 248.2 268.7 269.1 283.9 283.8 282.2 286.8
274.5 290.3 325.1 348.1 340.8 348.5 333.7 335.9 375.1 378.9 375.2 359.4 345.2 346.3 335.7 315.8 328.3 344.9 347.1 345.6
165.1 158 152.3 156.3 164.3 191.9 187.5 197.8 231 224.3 225.1 238.4 261.3 293 282.5 283.9 292.3 318.5 325.8 330
Coefficients are (row-wise by formant):
480.4 -11.9 44.8 3.3 173.3 18.5
1519.1 -154.3 113.2 211.6 151.7 246.5
2477.1 18.5 44.6 39.2 -23.7 82.7
