argentine_mismatch_interrogative-total-yn_La-nina-lava-el-plato analysis information:
Number of steps:
20
Cutoff frequencies were: 
4700 4850 5000 5150 5300 5450 5600 5750 5900 6050 6200 6350 6500 6650 6800 6950 7100 7250 7400 7550
Number of coefficients for prediction: 
5
Number of formants: 
3
Winner is:
5150 5150 5150
Errors (total,f1,f2,f3): 
394.6 375.7 315 314.4 317.1 335 366.5 388.3 396.6 405 428.4 425.6 443.6 453.1 473.7 541 609.8 629.9 635.3 669
65.5 65.4 64.4 65.4 66.5 67.1 69.1 70.6 70.2 70.3 69.6 68.4 67 68 76.9 89.1 104.3 110.4 115.6 149.3
177.9 173.1 149.9 144.6 140.7 153.4 172.8 189.2 190 196.5 208.5 206.6 209 207.3 211.8 247.2 282.2 284.3 284.7 279.9
151.2 137.2 100.7 104.4 109.9 114.5 124.6 128.5 136.4 138.2 150.3 150.6 167.6 177.8 185 204.7 223.3 235.2 235 239.8
Coefficients are (row-wise by formant):
558.1 -24.6 3.7 23.7 19.3 48.9
1594 377 10.9 -8 -217.1 -127.3
2625.1 87.6 145.4 4.9 -48 -20.3
