argentine_mismatch_interrogative-partial-wh_Por-que-odiaba-la-lluvia analysis information:
Number of steps:
20
Cutoff frequencies were: 
4700 4850 5000 5150 5300 5450 5600 5750 5900 6050 6200 6350 6500 6650 6800 6950 7100 7250 7400 7550
Number of coefficients for prediction: 
5
Number of formants: 
3
Winner is:
4700 4700 4700
Errors (total,f1,f2,f3): 
504.7 514.8 543.4 561.6 603.4 648.7 676.1 691.9 717.3 768.9 792.1 806.6 823.6 882.4 885.8 834.4 817.4 828 848.7 886.7
75.4 89 105.5 121 147.8 173.9 178.6 178.6 186.3 200.9 211.2 210.6 211 232.8 257.8 266.7 275.6 278.4 278.1 284
296.5 302.2 308.4 315.6 332.5 345.8 355.1 363.3 369.5 380.9 378.8 386.3 391.7 413.5 370.9 307.8 291.3 293.9 302.2 301.4
132.8 123.6 129.5 125 123.1 129 142.4 150 161.5 187.1 202.1 209.7 220.9 236.1 257.1 259.9 250.5 255.7 268.4 301.3
Coefficients are (row-wise by formant):
540.6 -4.2 -0.3 21.1 68.8 -42.1
1543.8 -94.7 -68.2 -149.9 -32.3 -28.2
2506.3 -61.1 -52.3 -28.5 -62.7 51.4
