argentine_match_declarative-broad-focus_Mariano-habla-del-tiempo analysis information:
Number of steps:
20
Cutoff frequencies were: 
4700 4850 5000 5150 5300 5450 5600 5750 5900 6050 6200 6350 6500 6650 6800 6950 7100 7250 7400 7550
Number of coefficients for prediction: 
5
Number of formants: 
3
Winner is:
5300 5300 5300
Errors (total,f1,f2,f3): 
544.1 481.1 413.9 384.3 370 382.9 424.1 460.3 497.5 531.5 581.4 608.4 643.3 652.8 677.8 696.4 666.1 673.8 649.9 647
95.7 98.7 99.9 101.9 107.3 107.6 110.2 120.2 121.3 126.5 127.9 124.4 126.9 123.2 122.2 123.3 121.9 121 118.3 115.5
207.1 187.8 167.8 160.8 153.8 164 174 182.6 208.5 237.5 254.7 259 258.6 251 264.9 263.1 238.9 240.2 229.8 222.6
241.3 194.6 146.2 121.6 108.9 111.3 139.9 157.5 167.7 167.5 198.8 225 257.8 278.6 290.7 310 305.3 312.6 301.8 308.9
Coefficients are (row-wise by formant):
537.1 70.2 4.6 -2.1 70.2 16.9
1633.9 82 -122.1 233.1 -245.1 -172.6
2568.9 -9.1 -59.1 88.1 -29.3 -161.2
