argentine_match_interrogative-partial-wh_Cuando-lleva-el-abrigo analysis information:
Number of steps:
20
Cutoff frequencies were: 
4700 4850 5000 5150 5300 5450 5600 5750 5900 6050 6200 6350 6500 6650 6800 6950 7100 7250 7400 7550
Number of coefficients for prediction: 
5
Number of formants: 
3
Winner is:
4850 4850 4850
Errors (total,f1,f2,f3): 
436.7 420.1 436.3 458.2 476.5 553.4 588.3 596.2 644.4 696.2 743.8 728.7 775 811.4 853.1 895.5 951.5 1018.1 1060.1 1076.4
75.9 79.5 79.3 94.1 100.1 109.2 114.8 121.8 125.7 143.3 161 162.6 194.8 226.5 256.6 287 313.3 337.6 345.3 343
199.8 196.3 204.9 215.6 237.5 257 280.6 287.5 311.9 338.8 363.8 351.2 346.4 351.1 355.2 349.5 362.1 377.6 395.1 403.9
161 144.3 152.1 148.5 138.9 187.2 192.9 186.9 206.8 214.1 219 214.9 233.8 233.8 241.3 259 276.1 302.9 319.7 329.5
Coefficients are (row-wise by formant):
541.4 33.2 30 -9.7 87.2 -33
1511.5 -33.1 -118 43.1 -220.1 233.2
2443.4 -9.1 50.2 -56.9 -78.5 154.4
