argentine_match_interrogative-total-yn_David-leia-el-libro analysis information:
Number of steps:
20
Cutoff frequencies were: 
4700 4850 5000 5150 5300 5450 5600 5750 5900 6050 6200 6350 6500 6650 6800 6950 7100 7250 7400 7550
Number of coefficients for prediction: 
5
Number of formants: 
3
Winner is:
5000 5000 5000
Errors (total,f1,f2,f3): 
453.2 372.8 363.6 377 395.8 423.9 433.3 450.2 474.7 499.8 540.2 549.6 558.3 578.5 614 624.7 663.5 672.6 690.6 724.9
82.5 83.3 84.1 88.2 92.5 95.1 91.3 92.7 90.7 94.2 100.9 102.7 108.3 110.8 117.7 127.5 131.7 135.8 138.7 144.7
213.7 174.4 171.2 178.1 185.1 206.7 213.6 224.3 232.5 241.4 256 251 251 256.4 261.6 252.7 254.9 252.4 256.7 264.5
157 115.1 108.3 110.7 118.2 122.1 128.4 133.2 151.5 164.2 183.3 195.9 199 211.3 234.7 244.5 276.9 284.4 295.2 315.7
Coefficients are (row-wise by formant):
460.4 -17.4 50.4 -37.7 19.8 -20.7
1731.6 121.4 -402.2 -24.5 -7.9 -30.1
2507.5 4.2 -190.3 -42 -7.7 -26.9
