argentine_mismatch_interrogative-total-yn_La-maestra-vive-en-Paris analysis information:
Number of steps:
20
Cutoff frequencies were: 
4700 4850 5000 5150 5300 5450 5600 5750 5900 6050 6200 6350 6500 6650 6800 6950 7100 7250 7400 7550
Number of coefficients for prediction: 
5
Number of formants: 
3
Winner is:
5300 5300 5300
Errors (total,f1,f2,f3): 
643.8 537 454.6 443 412.5 427.2 451.7 559.8 674.9 695.6 726 743.5 835 877 917.3 1009 1061 1112.7 1118.5 1134.4
95.6 95.8 96.4 96.7 95.1 95.4 95.9 135.3 188.7 213.8 229.1 244.6 271.5 277.2 294.1 327.6 366.1 395.2 397.5 404.8
262.9 225.2 195.3 197.1 189.2 195.6 205.7 231.3 253.2 238.9 244.4 248 287.3 304.1 309.9 327.2 330.3 354.8 363.7 372.4
285.3 216 162.9 149.2 128.2 136.2 150.1 193.2 233 242.9 252.5 250.9 276.2 295.7 313.3 354.2 364.6 362.7 357.3 357.2
Coefficients are (row-wise by formant):
500.8 119 27 -25.9 -46.7 -94.7
1766.2 -146.4 82.7 -25.2 -115.8 195.4
2635.3 -49.1 177.2 -44.6 -15.7 107.8
