argentine_mismatch_declarative-narrow-focus_Mi-madre-come-la-fruta analysis information:
Number of steps:
20
Cutoff frequencies were: 
4700 4850 5000 5150 5300 5450 5600 5750 5900 6050 6200 6350 6500 6650 6800 6950 7100 7250 7400 7550
Number of coefficients for prediction: 
5
Number of formants: 
3
Winner is:
5150 5150 5150
Errors (total,f1,f2,f3): 
651.3 607.9 520.1 489.4 504.1 531.9 575.7 586.2 621 619.6 638 659.7 703.2 689.7 681.5 741.1 782.1 872.3 918.9 949.3
98.7 106.4 102.5 103.8 106 113.8 130.2 143 158.6 160.1 164.1 170.8 183.5 191.8 199.2 214.3 225.5 247.9 250.5 246.9
237.2 228.2 217.5 220 229.3 238.9 252.6 249.2 249.3 243.1 245.3 244.2 248.3 239.3 239.7 272.5 293.3 333.4 352.9 364.1
315.4 273.3 200.1 165.6 168.8 179.2 192.9 194 213.1 216.4 228.6 244.7 271.4 258.6 242.6 254.3 263.3 291 315.5 338.3
Coefficients are (row-wise by formant):
543.6 -51.4 13.6 -76.5 24.8 -103.1
1539.1 68.6 34.6 42.2 59 -59.9
2534.3 -56.8 55.3 -48.4 -41.2 -72.7
