argentine_match_interrogative-total-yn_Ana-lleva-el-abrigo analysis information:
Number of steps:
20
Cutoff frequencies were: 
4700 4850 5000 5150 5300 5450 5600 5750 5900 6050 6200 6350 6500 6650 6800 6950 7100 7250 7400 7550
Number of coefficients for prediction: 
5
Number of formants: 
3
Winner is:
5000 5000 5000
Errors (total,f1,f2,f3): 
458.6 390.1 388.5 406.3 420.5 438.5 469.8 510.9 553.5 637.2 723.1 742.3 733.5 754.8 811.9 781.2 829.7 861.2 943 1013.4
68.7 64.8 64.3 64.6 66.9 68 71.1 75.8 80 111.7 134.4 143.3 148.7 153.5 156.8 155 164.6 177.7 197.2 213.6
232.9 204.3 204.2 211.7 218.1 225.9 239.8 254.5 269.1 304.5 352.1 364.8 365.3 375 409 367.5 381.4 385.8 415.6 439.7
157 121 120 130 135.5 144.6 158.9 180.6 204.4 221 236.6 234.2 219.5 226.3 246.1 258.7 283.7 297.7 330.2 360.1
Coefficients are (row-wise by formant):
576.3 85.9 77.2 -22.7 54.2 1.4
1517 189.3 -195 175.4 -214.9 -88.7
2502.5 24.1 10.4 -3.9 -157.1 -46
