argentine_match_declarative-narrow-focus_David-leia-el-libro analysis information:
Number of steps:
20
Cutoff frequencies were: 
4700 4850 5000 5150 5300 5450 5600 5750 5900 6050 6200 6350 6500 6650 6800 6950 7100 7250 7400 7550
Number of coefficients for prediction: 
5
Number of formants: 
3
Winner is:
5300 5300 5300
Errors (total,f1,f2,f3): 
392.7 362.9 355.2 346.4 337.5 348.4 339.4 353.6 349.1 367.7 394.2 426.7 418.9 423.4 466.5 497.4 575.2 642 739.5 816
65 65.8 65.2 65.4 63.3 66.1 69.3 78.3 78 82.9 95 108.7 109.1 110.1 118.3 125 135.7 144.3 161.3 193
189.4 178.9 183.3 177.8 182.2 187.1 177.2 177.4 177.9 182.7 192.5 200.9 198.2 198.9 206.3 205.6 221.7 227.6 226.8 233.8
138.3 118.2 106.7 103.2 92 95.2 92.9 97.9 93.2 102.1 106.7 117.1 111.6 114.4 141.9 166.8 217.8 270.1 351.4 389.2
Coefficients are (row-wise by formant):
454.9 18.3 78.4 -2.9 105.7 -3.5
1831.5 70.9 -270.1 67 -50.9 18.8
2570.6 -4.3 -123.8 10 -34.2 -31
