argentine_match_declarative-broad-focus_Maria-bebe-el-vino analysis information:
Number of steps:
20
Cutoff frequencies were: 
4700 4850 5000 5150 5300 5450 5600 5750 5900 6050 6200 6350 6500 6650 6800 6950 7100 7250 7400 7550
Number of coefficients for prediction: 
5
Number of formants: 
3
Winner is:
6350 6350 6350
Errors (total,f1,f2,f3): 
447.7 469.8 453.1 462.6 490.4 479.4 470.2 492.2 507.1 492.7 447.5 410.3 411.8 439.9 448.7 456.8 467.6 482.5 475.3 471.1
84.5 90.6 91.3 98.3 106.1 104 107.6 112.3 115.1 113 100.6 88.9 82 78.6 77.6 78.1 84.7 91.2 96 103.8
191.2 195.3 186.4 188.8 188.3 181.1 176.6 188.4 195.3 193.2 183.2 174.1 174.3 178.8 179.9 177.8 178.3 180.1 179 178.5
172 183.9 175.4 175.5 196 194.3 186 191.5 196.7 186.5 163.7 147.3 155.5 182.5 191.2 200.9 204.6 211.2 200.3 188.8
Coefficients are (row-wise by formant):
562.6 194.4 206.7 44.4 204.8 71.6
1818.9 11.9 97.6 100.8 -182.2 24
2655.1 35.4 354.7 43.8 115.6 3.4
