argentine_match_declarative-narrow-focus_Maria-bebe-el-vino analysis information:
Number of steps:
20
Cutoff frequencies were: 
4700 4850 5000 5150 5300 5450 5600 5750 5900 6050 6200 6350 6500 6650 6800 6950 7100 7250 7400 7550
Number of coefficients for prediction: 
5
Number of formants: 
3
Winner is:
5150 5150 5150
Errors (total,f1,f2,f3): 
525.3 494.4 462.8 461.8 470.8 484.2 528.7 549.7 562.3 545.6 512.5 505.5 494.1 486.4 485.7 510.8 552 581.5 638.8 665.7
101.5 109.2 111.6 117.2 116.6 121.4 128.6 131.2 139 133.5 120.9 120.5 110.1 104.9 104.9 123.4 151.1 167.8 193.9 194.8
203.9 191 185.2 181.9 185.8 192.6 207.4 214.6 218.6 214.2 203.4 198.9 192.9 187.5 185.8 190.5 198.9 207.5 219.8 224.7
219.9 194.2 166 162.7 168.4 170.2 192.7 203.9 204.7 197.9 188.2 186.1 191.1 194 195 196.9 202 206.2 225.1 246.2
Coefficients are (row-wise by formant):
504.7 -22.1 43.6 -105.4 102.8 -65.6
1779.2 -58.9 -28.5 -85 -253 1.4
2531.4 -33.9 25 -133.3 -148.3 -77.6
