argentine_match_interrogative-partial-wh_Por-que-hablaba-del-agua analysis information:
Number of steps:
20
Cutoff frequencies were: 
4700 4850 5000 5150 5300 5450 5600 5750 5900 6050 6200 6350 6500 6650 6800 6950 7100 7250 7400 7550
Number of coefficients for prediction: 
5
Number of formants: 
3
Winner is:
5450 5450 5450
Errors (total,f1,f2,f3): 
600.9 510.4 467.1 464.9 464.5 461.5 467.9 507.3 511 526.8 556.2 601.7 624.2 623.4 648 657.3 657.2 715.4 718.3 784.5
70.4 70.3 70.2 69.9 67.9 67.2 67.3 82.8 86.7 91.4 99.6 100.7 98.6 97.1 117.2 121.9 119.2 131.1 122.2 127.7
265.2 253.9 242.9 243.2 247.3 251.1 254.6 270.5 272 279.5 284.8 297.4 303.3 291.1 293.7 293.1 294.9 313.9 322.7 350.4
265.3 186.2 154 151.8 149.3 143.2 146 154 152.3 155.9 171.8 203.6 222.3 235.2 237.1 242.3 243.1 270.4 273.4 306.4
Coefficients are (row-wise by formant):
557.8 -38.1 -18.1 -40.7 26.8 -27.5
1419.5 191 -105.4 25.7 -247.2 -143
2405.6 58.8 -86.2 107.4 -77.8 -67.4
