argentine_match_interrogative-total-yn_Maria-bebe-el-vino analysis information:
Number of steps:
20
Cutoff frequencies were: 
4700 4850 5000 5150 5300 5450 5600 5750 5900 6050 6200 6350 6500 6650 6800 6950 7100 7250 7400 7550
Number of coefficients for prediction: 
5
Number of formants: 
3
Winner is:
5000 5000 5000
Errors (total,f1,f2,f3): 
502.3 443.7 431.5 433.5 443.4 474.8 508.2 551.6 556.4 530.7 521.9 513.5 478.3 477.5 478.1 492.1 541.6 562 603 652.7
93.1 93.4 95.2 96 96.8 96.7 95.7 91.2 92 92.4 92.2 92.2 92.2 93.4 94.5 95.7 97 95.5 97.8 100.2
214.7 187.4 185.1 189.5 193.3 203.1 211.1 224.3 230.5 223.4 216.7 213.9 205 199.5 197.3 202.2 224.3 235.5 257 282.7
194.5 162.9 151.2 148 153.3 175 201.4 236.1 233.9 214.9 213 207.4 181.1 184.6 186.3 194.2 220.3 231 248.2 269.8
Coefficients are (row-wise by formant):
479.8 64.1 54.5 -40.1 54.1 46.6
1697.6 119.4 -138.4 133.1 -282.2 -127
2502 53.3 -25.4 50.7 -177.4 -83.5
