argentine_match_declarative-broad-focus_Emilio-ama-la-marcha analysis information:
Number of steps:
20
Cutoff frequencies were: 
4700 4850 5000 5150 5300 5450 5600 5750 5900 6050 6200 6350 6500 6650 6800 6950 7100 7250 7400 7550
Number of coefficients for prediction: 
5
Number of formants: 
3
Winner is:
5300 5300 5300
Errors (total,f1,f2,f3): 
662.9 588.9 494.8 474.8 474.5 476.4 501.5 534.4 571.9 572.4 609.6 647 678.7 703.8 713.8 740.5 789.4 817.4 850.9 860
88.3 86.9 88.6 89 89.6 91.3 94.1 92.8 90.5 90.9 100.3 115.6 130.1 137 134 134.6 148.2 163.8 185.3 198.5
293.8 255.3 225.5 228.1 233.7 232.3 241.5 253.7 269.7 268.8 275 272.6 276.9 295.4 307 312.3 327.4 329.2 339.1 344.1
280.8 246.7 180.7 157.7 151.2 152.8 165.9 187.9 211.7 212.7 234.3 258.8 271.7 271.4 272.8 293.6 313.8 324.4 326.5 317.4
Coefficients are (row-wise by formant):
564.5 -134.3 -2.6 11.3 76.3 6.8
1643.6 238.3 177.7 -71.6 -89.8 -116.8
2545.6 37.8 157.3 -122 -15.9 -14.2
