argentine_match_interrogative-partial-wh_Por-que-ama-la-navidad analysis information:
Number of steps:
20
Cutoff frequencies were: 
4700 4850 5000 5150 5300 5450 5600 5750 5900 6050 6200 6350 6500 6650 6800 6950 7100 7250 7400 7550
Number of coefficients for prediction: 
5
Number of formants: 
3
Winner is:
5300 5300 5300
Errors (total,f1,f2,f3): 
578.1 567.1 480 418.3 415.4 421.4 425.3 440.8 456.2 503.6 508.4 538.5 538.3 547.7 558.6 602.7 636.8 658.4 725.9 785.5
80.3 86.1 85.7 89 89.5 90.7 91.5 92.7 97.2 102.6 106.4 110.7 113.9 115.1 115.5 120.5 125.2 127.7 134.2 148.9
250.9 232.2 197.2 190.1 194.9 200.3 203.1 210.3 218.1 234 238.9 243.9 236 231.5 235.2 254.4 265.8 275.3 308.2 330.6
246.9 248.8 197.1 139.2 131 130.4 130.7 137.8 140.9 167 163.1 183.9 188.4 201.1 207.9 227.8 245.8 255.4 283.5 306
Coefficients are (row-wise by formant):
567.6 -4.3 34.4 -58.8 50.5 35.2
1573.9 -110.8 -46 -16.8 -189.9 -50.1
2488.2 -215.7 97.2 -58.2 -7.5 -56.1
