argentine_match_declarative-broad-focus_David-leia-el-libro analysis information:
Number of steps:
20
Cutoff frequencies were: 
4700 4850 5000 5150 5300 5450 5600 5750 5900 6050 6200 6350 6500 6650 6800 6950 7100 7250 7400 7550
Number of coefficients for prediction: 
5
Number of formants: 
3
Winner is:
4850 4850 4850
Errors (total,f1,f2,f3): 
457.5 434.4 436.6 439.2 439.6 441 454.9 455.5 477.1 493.9 484.1 494.1 498.4 495.5 544.6 606.6 646.6 688.7 742.4 838.7
83.1 86.2 87.3 89.7 91.6 93.1 93.4 94.5 99.4 99.5 106.6 112.1 111.7 109.2 118.2 129.9 149.6 165.7 178.9 203.1
237.2 219.3 218 214 212.8 211.4 228.5 240.5 248 246.1 238 236.3 234.1 229.4 238.1 251.5 253.7 257 263.8 280.8
137.2 128.9 131.3 135.5 135.2 136.5 133 120.5 129.7 148.3 139.5 145.7 152.6 156.9 188.3 225.2 243.3 266 299.7 354.8
Coefficients are (row-wise by formant):
457.9 26.5 80.8 -27.9 74.7 -42.3
1810.7 30.4 -313.4 45.9 -19.8 4.3
2543.3 -27.8 -210.4 -47.5 -14.8 11.3
