argentine_mismatch_declarative-broad-focus_La-maestra-vive-en-Paris analysis information:
Number of steps:
20
Cutoff frequencies were: 
4700 4850 5000 5150 5300 5450 5600 5750 5900 6050 6200 6350 6500 6650 6800 6950 7100 7250 7400 7550
Number of coefficients for prediction: 
5
Number of formants: 
3
Winner is:
5600 5600 5600
Errors (total,f1,f2,f3): 
628.4 605.3 538.5 453.5 431.4 432.3 426.6 439 505.2 570.3 584.8 620.9 636.8 644.8 692.8 790.8 919.7 1018.7 1091.7 1148.2
79.7 79.9 84.1 79.6 79.3 77.8 76.6 79.3 100.9 134.2 150.7 175.9 180.7 179.7 190.7 226.3 274.6 301.5 307.6 311.4
260.5 254 229.9 212.9 210.7 215 215.8 221.7 244.6 255.5 252.4 254.2 258.4 261.2 268.1 283.9 315.8 342.7 359.8 374.1
288.2 271.4 224.5 161 141.4 139.5 134.2 138 159.7 180.6 181.7 190.8 197.7 203.9 234 280.6 329.3 374.5 424.3 462.7
Coefficients are (row-wise by formant):
572.6 79.4 39.6 -55 -26.2 -13
1732.1 -120.9 44.6 -149 19.7 157.9
2593 -68.5 120.5 -185.3 27 80.3
