argentine_mismatch_interrogative-partial-wh_Por-que-oia-el-rio analysis information:
Number of steps:
20
Cutoff frequencies were: 
4700 4850 5000 5150 5300 5450 5600 5750 5900 6050 6200 6350 6500 6650 6800 6950 7100 7250 7400 7550
Number of coefficients for prediction: 
5
Number of formants: 
3
Winner is:
5600 5600 5600
Errors (total,f1,f2,f3): 
609.9 574.4 552.7 543.9 536.2 515.3 504.6 506.8 527.7 506.2 511.5 511.3 549.3 604.8 645.9 677.8 658.6 691.8 712.1 751.9
72.3 73.9 76.5 74.4 74.9 75 70.3 73.4 82.6 85.5 85.3 85 82.7 102.3 126.3 134.6 131.5 146.8 159.7 160.7
303.5 314.8 311.7 311.8 318.1 317.2 308.7 305 312.5 306.1 304.3 307.2 324.6 330.5 328.9 324.5 315 311.7 323.7 344
234.1 185.7 164.5 157.7 143.2 123.1 125.6 128.4 132.6 114.6 121.9 119.1 142 172 190.7 218.7 212.1 233.3 228.7 247.2
Coefficients are (row-wise by formant):
508.7 -12.1 84.2 -67.9 69.5 -62.4
1708.1 -189.7 -183 -41.4 -57.5 29.4
2685.3 -47.1 -1 -22.8 110.8 -39
