argentine_match_interrogative-partial-wh_Cuando-vendia-el-carro analysis information:
Number of steps:
20
Cutoff frequencies were: 
4700 4850 5000 5150 5300 5450 5600 5750 5900 6050 6200 6350 6500 6650 6800 6950 7100 7250 7400 7550
Number of coefficients for prediction: 
5
Number of formants: 
3
Winner is:
5450 5450 5450
Errors (total,f1,f2,f3): 
451 457.3 468.3 475.6 454.5 433.3 443.9 445.8 446.9 453.6 443.9 448.6 469.2 489.9 510.9 543.3 598.2 637.2 689.8 732.7
81 87.3 92.4 95.1 94.1 95.8 99.9 98.2 97.5 96.5 93.5 94.7 93.9 97 107.1 114.8 120.4 123.9 132 135.8
155.2 157.1 161.6 166.1 162.8 152.5 159.9 172.5 181.2 191.4 188 191.1 208.7 212.4 214.4 220.2 243.9 259.8 264.8 263.4
214.8 212.9 214.3 214.4 197.6 185 184.1 175.1 168.2 165.7 162.4 162.8 166.6 180.5 189.4 208.3 233.9 253.5 293 333.5
Coefficients are (row-wise by formant):
549.4 -23.7 54.4 55.5 -19.6 5.7
1454.8 -28.6 -367.9 84.1 142.4 -38
2510 15.2 -116.3 53.9 45.8 -47.8
