argentine_match_declarative-narrow-focus_Manuela-vende-el-carro analysis information:
Number of steps:
20
Cutoff frequencies were: 
4700 4850 5000 5150 5300 5450 5600 5750 5900 6050 6200 6350 6500 6650 6800 6950 7100 7250 7400 7550
Number of coefficients for prediction: 
5
Number of formants: 
3
Winner is:
5000 5000 5000
Errors (total,f1,f2,f3): 
555.8 499.7 492.6 504.3 507.7 523.5 537.5 562.9 554.1 559.3 584.7 609.7 647.7 676.4 712.6 733.7 744.1 746.5 773.9 832.3
106.8 109.8 115.2 119.7 123.6 128.3 131.6 134 133 129.3 126.7 121.8 129.1 135.5 145.4 146.4 148 142.9 143.3 149.9
208.4 184.5 183.7 188.1 190.7 192.8 202.4 210.5 201.6 210.1 221.5 245.6 255.6 264.5 271.3 274.7 274.2 273.8 281.1 296.4
240.6 205.4 193.7 196.5 193.4 202.4 203.5 218.4 219.5 219.9 236.5 242.3 263 276.4 295.9 312.6 321.9 329.8 349.5 386
Coefficients are (row-wise by formant):
582.9 0.4 72.7 22.7 46.5 75.9
1541.3 52.1 -98 60.5 -4.5 -3.7
2424.4 73.2 -36 2.9 -7.3 -19.4
