argentine_mismatch_interrogative-partial-wh_Cuando-comia-la-fruta analysis information:
Number of steps:
20
Cutoff frequencies were: 
4700 4850 5000 5150 5300 5450 5600 5750 5900 6050 6200 6350 6500 6650 6800 6950 7100 7250 7400 7550
Number of coefficients for prediction: 
5
Number of formants: 
3
Winner is:
5300 5300 5300
Errors (total,f1,f2,f3): 
515 418.4 387.7 380.8 378.9 383.5 406.3 415.2 429.5 459.9 493.8 497 532.3 635 705.5 702.5 711.7 721.4 727.2 780.3
77.9 81.4 83.8 85.3 84.9 86 89 93.9 98.1 103.8 113 119.5 133.6 156 169.1 170.2 183.2 186.8 189 203.6
163.7 152.2 147.7 150.4 156.9 162.7 165.5 166.7 165.8 161.4 174.4 190.8 207 248.7 272.4 274.1 279.5 284.7 282.1 299.9
273.4 184.8 156.2 145.1 137.1 134.8 151.8 154.6 165.6 194.7 206.4 186.7 191.7 230.3 264 258.2 249 249.9 256.1 276.8
Coefficients are (row-wise by formant):
560.4 16.1 44.9 -2 65.7 -72.8
1479.7 -113.7 -163.7 5.5 144.2 6.2
2620.4 -106.6 86.8 -24.2 -29.9 3
