argentine_match_declarative-broad-focus_Manuela-vende-el-carro analysis information:
Number of steps:
20
Cutoff frequencies were: 
4700 4850 5000 5150 5300 5450 5600 5750 5900 6050 6200 6350 6500 6650 6800 6950 7100 7250 7400 7550
Number of coefficients for prediction: 
5
Number of formants: 
3
Winner is:
5150 5150 5150
Errors (total,f1,f2,f3): 
523.7 533.9 476.7 473.5 488.3 483.5 499.9 499.5 500.1 491.5 487.3 537.1 588.5 634.9 634.2 633.7 641.1 712.1 753.8 794.8
85.7 92.8 95.6 99.3 102.6 102 103.3 105.1 105.1 105.7 107.4 110.6 116.2 135.1 136.9 137.6 130.5 142.9 147.8 150
227 239.9 208.8 199.3 202.8 201.4 208.8 207.3 206.3 205.8 210.7 229.4 236 243 252.8 258.9 262.3 277.3 285.3 296.2
211 201.2 172.3 174.9 182.9 180.1 187.8 187.1 188.7 180 169.2 197.1 236.3 256.8 244.5 237.2 248.3 291.9 320.7 348.6
Coefficients are (row-wise by formant):
565.6 -40.3 40.8 -0.4 -6.3 65.3
1534.6 53.2 -196.9 39.2 -63.8 -25.9
2380 24.9 -153.5 12.4 8.3 -3.2
