argentine_mismatch_declarative-broad-focus_Mi-novio-viene-del-lago analysis information:
Number of steps:
20
Cutoff frequencies were: 
4700 4850 5000 5150 5300 5450 5600 5750 5900 6050 6200 6350 6500 6650 6800 6950 7100 7250 7400 7550
Number of coefficients for prediction: 
5
Number of formants: 
3
Winner is:
4850 4850 4850
Errors (total,f1,f2,f3): 
492.9 480.3 484.8 506.6 528.5 541.3 558.5 567.5 550.1 580.7 629.4 699.5 706.2 730.8 773.3 768.2 789.7 813.4 792.1 781.9
95.5 94.6 94.1 94.7 96.4 100.5 101 104.3 107.2 110.1 116.5 119.7 130.6 140.8 140.8 129.4 139 152.9 147.6 148.3
250.6 249.7 251.6 260.7 270.7 271.9 276.9 274.5 269.4 284.4 298.3 316.9 307.6 310.4 338.2 334.6 348.3 354.4 354.1 346
146.8 136 139.1 151.2 161.4 168.9 180.6 188.7 173.5 186.2 214.6 262.9 268 279.6 294.3 304.2 302.4 306.1 290.4 287.6
Coefficients are (row-wise by formant):
495.7 -92.1 38.5 -45.5 -14.7 -25.7
1517.1 171.1 -180 237.2 25.3 -30.4
2441.7 -42.1 -123.1 48.2 -22.9 -24.1
