argentine_mismatch_interrogative-total-yn_Mi-madre-come-la-fruta analysis information:
Number of steps:
20
Cutoff frequencies were: 
4700 4850 5000 5150 5300 5450 5600 5750 5900 6050 6200 6350 6500 6650 6800 6950 7100 7250 7400 7550
Number of coefficients for prediction: 
5
Number of formants: 
3
Winner is:
5000 5000 5000
Errors (total,f1,f2,f3): 
506.4 459.9 454 472.8 471.2 484.2 505.3 514 531.6 541.6 566.2 601.7 635.8 669.8 665.6 707.4 761.3 800.8 832.7 893.4
90.7 90.3 93.6 94.5 93.2 98.5 105.5 104.4 107.2 109.7 114 121.8 132.8 132.6 141 153.1 170.9 184.7 187.9 213.9
202 199.9 202.6 213.7 217.3 223.6 229.4 227.9 224.6 228.8 238.3 252 258 279.2 273 295.1 316.9 336.8 355.3 370.6
213.7 169.7 157.8 164.6 160.7 162.1 170.4 181.7 199.8 203.1 213.9 227.9 245 258 251.6 259.2 273.5 279.3 289.5 308.9
Coefficients are (row-wise by formant):
539.3 -55 29.2 -50 1.7 -51.3
1519 105.5 46.2 45.7 56.7 -47.9
2573.2 -97.4 103.2 -15 -53.3 -48
