argentine_mismatch_interrogative-total-yn_Mi-tia-odia-la-lluvia analysis information:
Number of steps:
20
Cutoff frequencies were: 
4700 4850 5000 5150 5300 5450 5600 5750 5900 6050 6200 6350 6500 6650 6800 6950 7100 7250 7400 7550
Number of coefficients for prediction: 
5
Number of formants: 
3
Winner is:
5150 5150 5150
Errors (total,f1,f2,f3): 
641.2 584.9 569.5 556.5 577 630.7 649.4 678.5 728.5 752.1 756.8 767.6 806.4 820.1 838 815.1 814 815.9 814.1 857.3
89.8 87.2 88 86.2 88 101.9 103.9 118.1 137.1 154.8 168.2 175.8 190.6 209.3 228.7 234.8 257.1 267.4 270.2 282.7
348.2 324 319.6 317 326.6 349 358.4 365.2 369.7 358.4 354.2 353.8 372.1 379.7 367.9 340.2 308.6 298.2 298.9 305
203.2 173.7 161.9 153.3 162.4 179.8 187.1 195.2 221.7 238.9 234.4 238 243.7 231.1 241.4 240.1 248.3 250.3 245 269.6
Coefficients are (row-wise by formant):
508.7 -45.2 -25.9 -29.8 43.5 -41.3
1679.6 165 126.2 53.3 115 -41
2610.7 -38.5 -4.4 -3.5 -8.5 -36.7
