argentine_mismatch_interrogative-partial-wh_Por-que-desayuna-muy-bien analysis information:
Number of steps:
20
Cutoff frequencies were: 
4700 4850 5000 5150 5300 5450 5600 5750 5900 6050 6200 6350 6500 6650 6800 6950 7100 7250 7400 7550
Number of coefficients for prediction: 
5
Number of formants: 
3
Winner is:
4850 4850 4850
Errors (total,f1,f2,f3): 
541.1 456.4 462.9 514.1 539.4 566 606.3 627.1 655.7 704.8 698.7 723.2 753.9 792.3 856.4 865.4 944.4 1057.1 1105.6 1191.4
94.6 92.3 102 125.9 145.1 149.2 155.5 168.8 191 219 212.1 224.4 233.6 239.3 273.7 286.6 328.5 371.4 375.3 379.6
254.3 203.6 203.1 223 228.2 235.4 251.8 260 262.8 272.1 270.9 274.4 279.7 289.7 294.7 287.3 307.7 336.3 359 391.2
192.2 160.5 157.8 165.2 166.1 181.4 199 198.3 201.9 213.7 215.7 224.4 240.6 263.3 288 291.5 308.2 349.4 371.3 420.6
Coefficients are (row-wise by formant):
509.7 54.2 -35.8 13.7 32.3 27.1
1656.4 -106.8 75.8 -183.7 -182.9 83.3
2442.4 -17.9 93.7 -155.8 -78.4 131.8
