argentine_mismatch_declarative-broad-focus_El-nino-oye-el-rio analysis information:
Number of steps:
20
Cutoff frequencies were: 
4700 4850 5000 5150 5300 5450 5600 5750 5900 6050 6200 6350 6500 6650 6800 6950 7100 7250 7400 7550
Number of coefficients for prediction: 
5
Number of formants: 
3
Winner is:
5150 5150 5150
Errors (total,f1,f2,f3): 
649.1 597.2 572 548.3 560.6 586.8 577.1 581.4 603.5 628.2 632.4 681.9 726.4 782.9 813.3 783.2 794.5 818.1 855.1 851.8
71.2 73.8 75.3 78.6 84.2 92.6 93.3 90.9 94.1 107.5 121.1 138.1 146.3 177 195.2 198.4 200.3 197.4 199.3 195.1
366.6 345.9 336.6 337 342.4 355.2 341.5 343.2 340.1 341.1 337 349.1 368.2 367.1 365.7 326.1 327.1 344.9 367.7 361.3
211.3 177.5 160.1 132.7 134 139 142.3 147.3 169.3 179.6 174.3 194.7 211.9 238.8 252.4 258.7 267.1 275.8 288.1 295.4
Coefficients are (row-wise by formant):
511.1 -31.6 14.8 -29.8 137.6 30.8
1692 200.4 124.1 112.8 -234.4 -19.2
2630.5 184.4 2.4 44.3 -70.7 0.6
