argentine_match_interrogative-total-yn_Daniel-iba-a-Bolivia analysis information:
Number of steps:
20
Cutoff frequencies were: 
4700 4850 5000 5150 5300 5450 5600 5750 5900 6050 6200 6350 6500 6650 6800 6950 7100 7250 7400 7550
Number of coefficients for prediction: 
5
Number of formants: 
3
Winner is:
5150 5150 5150
Errors (total,f1,f2,f3): 
529.7 499.9 467 466.1 471.5 466.7 467 504.6 521.4 541.3 558.4 606.2 637.6 673.7 703.5 710.6 720.8 725.5 731 744.6
93.9 97.3 97 97.6 97 103.5 103.5 108.1 107.4 115.7 116.7 122.5 123.7 126.7 133.7 135.9 140.7 143.2 144.7 145.5
249.5 226.4 221.1 226.5 234.5 233.4 236.4 256.9 260.8 261.6 274.5 299.4 313.3 322.8 331 327.7 329.8 330.8 334.9 340.5
186.3 176.2 148.9 142 140 129.8 127.1 139.6 153.2 164 167.2 184.3 200.6 224.2 238.8 247 250.3 251.5 251.4 258.6
Coefficients are (row-wise by formant):
514 2.8 26.8 -63.3 23.7 -17.3
1710 30.3 32 -14.1 -391.5 25.8
2582.2 8.3 33.2 -42.8 -77.3 -95.3
