argentine_match_declarative-narrow-focus_Marta-abre-el-regalo analysis information:
Number of steps:
20
Cutoff frequencies were: 
4700 4850 5000 5150 5300 5450 5600 5750 5900 6050 6200 6350 6500 6650 6800 6950 7100 7250 7400 7550
Number of coefficients for prediction: 
5
Number of formants: 
3
Winner is:
5000 5000 5000
Errors (total,f1,f2,f3): 
420 362.9 346.9 355.8 383.2 390.5 392.1 411 446.6 478.4 521.7 553.4 574.8 613.7 598 671.7 744.6 772.8 832.7 912.7
100.4 105.5 108.7 110.3 113.5 112.1 111.6 112.1 113.2 121.1 127.4 136 145.1 157.8 144.4 169.7 172.4 175.6 188.6 207
132.2 125.6 126.1 130.9 141.7 145.5 146.4 155.9 170 188.5 204.8 215 222.9 241 240.3 261.1 284.5 288.4 299.2 312.5
187.4 131.8 112.1 114.6 128 132.9 134.1 143 163.4 168.8 189.5 202.4 206.8 214.9 213.3 240.9 287.7 308.8 344.9 393.2
Coefficients are (row-wise by formant):
605.6 31.3 37.8 -54.9 11.1 21.5
1503.9 -111.6 5 90.8 -29.2 47.4
2387.1 -91.9 -40.3 -2 39.1 -62.1
