argentine_mismatch_interrogative-partial-wh_Cuando-lavaba-el-plato analysis information:
Number of steps:
20
Cutoff frequencies were: 
4700 4850 5000 5150 5300 5450 5600 5750 5900 6050 6200 6350 6500 6650 6800 6950 7100 7250 7400 7550
Number of coefficients for prediction: 
5
Number of formants: 
3
Winner is:
5150 5150 5150
Errors (total,f1,f2,f3): 
539.4 450.1 345.7 295.7 297 302.7 309 319.2 325.3 339.6 362.3 392.5 427.7 486.5 493.3 505.4 584.9 587.7 602.8 582.5
57.9 58.4 58.3 58.2 58.1 59.7 61.9 63.8 68.8 71.7 73.2 75.3 77.3 81 82.1 86 96.6 100.6 104.7 103.9
154.6 150.3 131.9 128.7 134.5 137.6 140.3 141.9 146 151.1 158.5 166.5 184.4 212 219.3 224.8 250.5 252.7 268.8 261.8
326.9 241.4 155.5 108.8 104.4 105.4 106.8 113.5 110.5 116.8 130.6 150.7 166 193.5 191.9 194.6 237.8 234.4 229.3 216.8
Coefficients are (row-wise by formant):
559.5 -33.5 -2.4 -24 49.2 27.5
1442.1 -64.1 40.9 22.4 -128.6 -37.4
2556.6 -24.9 152 -91 -41.7 -96.5
