argentine_mismatch_declarative-broad-focus_La-nina-lava-el-plato analysis information:
Number of steps:
20
Cutoff frequencies were: 
4700 4850 5000 5150 5300 5450 5600 5750 5900 6050 6200 6350 6500 6650 6800 6950 7100 7250 7400 7550
Number of coefficients for prediction: 
5
Number of formants: 
3
Winner is:
5150 5150 5150
Errors (total,f1,f2,f3): 
817.8 629.7 416.2 370.1 391.7 396.9 395.2 394.3 397.2 412.5 448.4 463.5 478.2 507.3 595.3 648.3 675 738.6 813.7 841.9
81.6 83.7 73.3 72.6 74.4 73.5 75.6 75.6 77.4 80.2 82.7 85.6 87.7 92.2 101.7 104.4 109.5 120 133.1 139.6
365.5 322.3 218.2 182.8 201.9 204.3 200.6 194.7 193.1 198.6 206.3 210 223.6 241.1 292.2 326.5 335.3 362.8 384.8 400.2
370.7 223.7 124.7 114.7 115.4 119.1 119 124 126.7 133.7 159.4 167.9 166.9 174 201.4 217.4 230.2 255.8 295.8 302.1
Coefficients are (row-wise by formant):
554.9 -48 31.5 25.1 60.2 -21.6
1685.6 217 21.7 -101.6 -124.8 84.6
2627.8 44.2 76.6 7.2 -13.1 43
