argentine_match_declarative-narrow-focus_Emilio-ama-la-marcha analysis information:
Number of steps:
20
Cutoff frequencies were: 
4700 4850 5000 5150 5300 5450 5600 5750 5900 6050 6200 6350 6500 6650 6800 6950 7100 7250 7400 7550
Number of coefficients for prediction: 
5
Number of formants: 
3
Winner is:
5150 5150 5150
Errors (total,f1,f2,f3): 
510.3 429.9 399 383.6 398.4 462.5 553.2 604.7 634.1 666.9 698.6 741.2 752.4 779.6 824.5 869.8 909 937.9 964.4 958.1
89 90.5 92.6 87.4 91.4 108.7 127.7 137.2 141.4 145.4 150.5 160.4 162.9 180.2 191.3 214.2 225.4 243.9 254.3 252.2
203.2 183.5 175.6 174.7 182.8 211.9 251.9 267.8 284.2 288.1 295.8 318.7 323.6 313.9 315.2 318.2 327.6 344 355.5 354.6
218.1 155.9 130.8 121.5 124.2 141.9 173.6 199.7 208.5 233.4 252.3 262.1 265.9 285.5 318 337.4 356 350 354.6 351.3
Coefficients are (row-wise by formant):
564.9 -53.4 12 6.7 131.7 38.8
1603.8 259.7 159.7 -176 -111.8 -89.6
2477.1 31.7 123.7 -176.8 75.5 -78.3
