argentine_mismatch_interrogative-total-yn_Mi-novio-viene-del-lago analysis information:
Number of steps:
20
Cutoff frequencies were: 
4700 4850 5000 5150 5300 5450 5600 5750 5900 6050 6200 6350 6500 6650 6800 6950 7100 7250 7400 7550
Number of coefficients for prediction: 
5
Number of formants: 
3
Winner is:
4700 4700 4700
Errors (total,f1,f2,f3): 
464.7 502.1 493.9 494.8 491.4 513.1 541.5 573.3 586.4 565.7 566.1 584.3 599.2 619.7 586.7 563.7 552.7 571.6 608.6 644.7
91.9 97.2 101.1 105.4 108.3 109.3 108.7 112.2 120 123.9 123.5 122.5 121.7 122.3 121.4 120.6 115.7 115.6 121.2 126.8
202.6 229.4 225.9 217 219.8 232.3 254.5 276.4 283.3 274.6 276.5 280 281.2 281.1 288.1 289.2 285.1 283.8 295.7 306.9
170.2 175.5 166.9 172.4 163.3 171.5 178.3 184.7 183.1 167.2 166.1 181.8 196.3 216.3 177.2 153.9 151.9 172.2 191.7 211
Coefficients are (row-wise by formant):
501.2 -46.1 16.8 32.9 -6.7 2.7
1533.1 312.3 -262.5 142.4 48.8 10.8
2447.9 91.6 -110.5 123.4 28.6 -34.1
