argentine_match_interrogative-partial-wh_Cuando-leia-el-libro analysis information:
Number of steps:
20
Cutoff frequencies were: 
4700 4850 5000 5150 5300 5450 5600 5750 5900 6050 6200 6350 6500 6650 6800 6950 7100 7250 7400 7550
Number of coefficients for prediction: 
5
Number of formants: 
3
Winner is:
5300 5300 5300
Errors (total,f1,f2,f3): 
470.7 424.2 410.6 412.5 370.3 390.4 411.2 432.1 432.9 442.1 413.9 417.2 415.7 422.7 433.5 435.1 461.6 524.8 581.1 666.4
74.8 75.5 75.8 76 75.6 78.8 81.7 80.3 81.5 87.5 87.7 93 94.7 96.5 94.7 97.7 102.6 114.6 131.1 161.9
197.8 189.3 180.1 179.8 171 170.8 176 188.3 197.5 201.1 189.2 192.7 191.7 193.7 188.7 179.2 190.6 213.2 225.5 248.5
198.1 159.4 154.7 156.7 123.7 140.8 153.5 163.5 153.9 153.5 137 131.5 129.3 132.5 150.1 158.2 168.4 197 224.5 256
Coefficients are (row-wise by formant):
488.2 58.5 91.8 -22.1 80.9 -30.8
1690.8 -173.9 -357.8 104.9 70.8 76.5
2541.7 -13.6 -134.1 46.7 -51.1 -27.6
