argentine_mismatch_declarative-broad-focus_Mi-madre-come-la-fruta analysis information:
Number of steps:
20
Cutoff frequencies were: 
4700 4850 5000 5150 5300 5450 5600 5750 5900 6050 6200 6350 6500 6650 6800 6950 7100 7250 7400 7550
Number of coefficients for prediction: 
5
Number of formants: 
3
Winner is:
5150 5150 5150
Errors (total,f1,f2,f3): 
510.8 507.9 490.7 483 512 536.2 581.3 617.2 643.6 693.1 710.6 724 735.6 745.3 771.2 832.7 905.2 946.4 993.9 1014.3
103.4 108.3 111.8 114.7 128.5 139.1 158.4 178.9 197.5 217.7 224.1 226.5 232.9 242.4 251.3 268.9 283.7 291.1 289.9 292.1
196.1 208.4 217.5 219 226.9 234.3 249.6 254.3 255.8 268 262.7 260.1 259 263.3 268.4 283.1 314.9 328.6 357.5 357.3
211.3 191.2 161.4 149.3 156.6 162.8 173.3 184 190.3 207.4 223.8 237.4 243.7 239.6 251.5 280.7 306.6 326.7 346.5 364.9
Coefficients are (row-wise by formant):
534.7 -41.9 -8.3 -77.5 31 -68.3
1534 104.2 6.5 33.5 33.6 -9.4
2563 -5.7 -7.2 -46 -72.9 35.4
