argentine_match_declarative-broad-focus_Ana-lleva-el-abrigo analysis information:
Number of steps:
20
Cutoff frequencies were: 
4700 4850 5000 5150 5300 5450 5600 5750 5900 6050 6200 6350 6500 6650 6800 6950 7100 7250 7400 7550
Number of coefficients for prediction: 
5
Number of formants: 
3
Winner is:
5000 5000 5000
Errors (total,f1,f2,f3): 
456 376.5 370.4 373.3 395.5 416.6 445.9 489.7 582.9 627.2 733.8 781.4 901.9 926.1 925.1 887.2 871.9 895.3 945.2 995.9
70.3 71.3 71.5 73.2 81.1 82.5 89 96.3 137 147.1 185.3 201 225.6 230.1 233.4 222.2 217.8 223.6 247.8 258.8
191.4 162.5 164.2 168.5 175.7 184.5 194.1 207.4 244.5 252.9 298.4 325.5 389.9 396.7 400.5 387.2 390.9 405.7 429.2 447.2
194.3 142.7 134.7 131.6 138.7 149.6 162.8 186 201.4 227.2 250.1 254.9 286.4 299.3 291.2 277.8 263.2 266 268.2 289.9
Coefficients are (row-wise by formant):
554.1 91.2 11.6 20.9 58.2 -14.1
1569.9 10.7 -37.2 8.4 -264.1 162.3
2500.2 3.6 18.3 -122.9 -146.9 70
