argentine_match_declarative-narrow-focus_Daniel-iba-a-Bolivia analysis information:
Number of steps:
20
Cutoff frequencies were: 
4700 4850 5000 5150 5300 5450 5600 5750 5900 6050 6200 6350 6500 6650 6800 6950 7100 7250 7400 7550
Number of coefficients for prediction: 
5
Number of formants: 
3
Winner is:
5450 5450 5450
Errors (total,f1,f2,f3): 
485.7 440.6 422.3 385.1 363.5 361.6 371.5 395.9 416.4 443 486.2 516.9 540.7 584.5 618.9 634.2 650.2 666 713.2 752.4
72.6 71.9 72.4 70.1 71.8 74.6 77.1 83 87.5 95.3 104.9 100.7 95.6 100.2 115.1 127.7 141.9 158.2 182.1 195.1
226.5 196.4 192.1 175.1 167.1 166 172.1 179.8 182 184.9 205.1 219.6 234.4 250.5 254.7 258.7 262.9 267.1 270.6 281.4
186.6 172.3 157.8 139.9 124.6 121 122.3 133.1 146.9 162.8 176.2 196.6 210.7 233.8 249.1 247.8 245.4 240.7 260.5 275.9
Coefficients are (row-wise by formant):
476.8 -28.4 38.3 -78.1 82.5 -99
1737.2 8.7 107.8 -155.2 -396.5 252.1
2571.1 67.5 10.9 -65.8 -128.9 7.8
