argentine_match_interrogative-partial-wh_Cuando-bebia-el-vino analysis information:
Number of steps:
20
Cutoff frequencies were: 
4700 4850 5000 5150 5300 5450 5600 5750 5900 6050 6200 6350 6500 6650 6800 6950 7100 7250 7400 7550
Number of coefficients for prediction: 
5
Number of formants: 
3
Winner is:
6200 6200 6200
Errors (total,f1,f2,f3): 
509.9 470.8 478.6 481.5 473.7 463.2 456.9 481 468.4 443.3 423 434.4 461.6 471.9 461.3 486 501.5 550.2 592.9 609
85.5 83.8 84.1 86.6 85.7 87.3 90 94.7 95.1 96.2 94.1 97.1 99.5 99.8 96.8 108.1 109.2 138 162 148.6
207.5 205.5 213.7 222.2 219.9 213.5 213 222.4 213.7 199 192.9 203.7 222.1 225.5 216 210.4 206.5 213.1 214.3 223.1
216.9 181.5 180.8 172.7 168.1 162.4 153.9 163.9 159.6 148.1 136 133.6 140 146.6 148.5 167.5 185.8 199.1 216.6 237.3
Coefficients are (row-wise by formant):
491.8 90.2 106.2 -48 83.6 -48.5
1682.1 -249.7 -68.5 156.5 143.8 61.5
2649 -34 241.9 8 119.9 -22.4
