argentine_mismatch_interrogative-total-yn_El-hombre-mira-la-luna analysis information:
Number of steps:
20
Cutoff frequencies were: 
4700 4850 5000 5150 5300 5450 5600 5750 5900 6050 6200 6350 6500 6650 6800 6950 7100 7250 7400 7550
Number of coefficients for prediction: 
5
Number of formants: 
3
Winner is:
5000 5000 5000
Errors (total,f1,f2,f3): 
362.9 337.6 328.2 331.7 329.2 342.8 363.6 382.8 385.6 364.8 363.9 380.5 407.7 442.2 492.6 521.8 554.5 561 637.7 721.3
72.5 73.2 75.5 77.7 79.7 80.9 83.2 81.1 83.6 81.9 83.5 86.3 89.3 87.5 100.3 111.5 121.1 117.2 139.5 176.8
145.6 140.4 139 141.8 146.6 151.8 156.9 155.6 151 139.1 137.2 146.5 157.9 166 187.5 197.7 212.6 219 253.3 281.3
144.8 124 113.7 112.2 102.9 110.1 123.5 146.1 151 143.8 143.2 147.7 160.5 188.7 204.8 212.6 220.8 224.8 244.9 263.2
Coefficients are (row-wise by formant):
523.5 -47.8 52.2 -30.7 29.8 -5.7
1600 117.5 32.3 30.5 221.5 98.5
2530.5 -24.2 94.2 4.4 118.8 11.3
