argentine_mismatch_declarative-narrow-focus_Mi-tia-odia-la-lluvia analysis information:
Number of steps:
20
Cutoff frequencies were: 
4700 4850 5000 5150 5300 5450 5600 5750 5900 6050 6200 6350 6500 6650 6800 6950 7100 7250 7400 7550
Number of coefficients for prediction: 
5
Number of formants: 
3
Winner is:
5300 5300 5300
Errors (total,f1,f2,f3): 
566.7 548.5 516.6 513.9 506.3 530.5 537 596.7 626.7 688.5 715 723.7 797.5 856.9 962.1 983.1 999.4 1043.9 1078.3 1131.2
89.2 90.8 90.1 96.7 106.1 119.6 137.8 192.3 197.4 227.7 234.3 243.7 272.5 294.7 318.7 335.9 330.5 345.7 370.5 410.9
334.4 327.7 296.6 296.5 282.3 288.8 275 280.3 276.9 293.6 301.6 311.3 327.3 329.2 341.8 329.7 334 341.8 327.8 318.3
143.1 130 129.9 120.7 117.9 122.1 124.2 124.1 152.4 167.2 179.1 168.7 197.7 233 301.6 317.5 334.9 356.4 380 402
Coefficients are (row-wise by formant):
490.5 -45.8 -47.3 -19.3 9.2 -62.3
1749.5 211.2 80.6 -28.9 31.7 -314.1
2618.7 -3.6 -50.8 16.2 -65.3 -45.7
