argentine_mismatch_interrogative-total-yn_El-bebe-comia-muy-bien analysis information:
Number of steps:
20
Cutoff frequencies were: 
4700 4850 5000 5150 5300 5450 5600 5750 5900 6050 6200 6350 6500 6650 6800 6950 7100 7250 7400 7550
Number of coefficients for prediction: 
5
Number of formants: 
3
Winner is:
5450 5450 5450
Errors (total,f1,f2,f3): 
552.3 471.6 423.6 397.1 384.9 380.6 393.7 408 430.1 439.5 454 453.1 459.1 495 536.9 597.2 619.8 608.7 608.4 619.1
81.6 82.5 84.7 86.7 91.1 90.3 91.9 89.9 91.5 95.2 100.9 104.3 103.6 100 100.8 126.2 137 150.8 150.3 147.7
256.1 229.6 208.9 195.7 186.8 182.3 182.2 190 200.1 203.6 209.9 202 200.2 196.5 193.1 207.3 202.3 204.3 208.8 224.6
214.6 159.5 130 114.7 107 108 119.6 128.1 138.5 140.7 143.2 146.8 155.3 198.5 243 263.7 280.5 253.6 249.3 246.8
Coefficients are (row-wise by formant):
470 31.7 -41.5 22.3 20.3 7.1
1725.3 -79.4 124.7 132.3 -49 45.2
2557.7 -40.4 87.7 62.3 78.8 75.9
