argentine_match_interrogative-total-yn_Mariano-habla-del-tiempo analysis information:
Number of steps:
20
Cutoff frequencies were: 
4700 4850 5000 5150 5300 5450 5600 5750 5900 6050 6200 6350 6500 6650 6800 6950 7100 7250 7400 7550
Number of coefficients for prediction: 
5
Number of formants: 
3
Winner is:
5000 5000 5000
Errors (total,f1,f2,f3): 
622.3 540.3 430.9 431.8 450.6 463.6 467.7 483.3 495.4 509.5 544.2 571.5 578.8 602.6 669.3 744.8 771.4 780.9 793.3 838.7
107.8 112.8 108.8 110 111.2 113.3 115.1 114.9 115.1 117.2 122.7 124.4 124.7 125.4 130.8 151.4 171.7 181.8 180 185.6
247.6 224.8 185.1 192 197.7 202.6 205.8 210.2 223.3 229.3 249.8 260.5 250.8 256 282.3 302.4 294.4 279.4 283.4 306.5
266.9 202.7 137 129.8 141.7 147.7 146.8 158.2 157 163 171.7 186.6 203.3 221.2 256.2 291 305.3 319.7 329.9 346.6
Coefficients are (row-wise by formant):
556.8 92.2 61.2 16.1 110 22.6
1586.4 197.2 -169.6 230.6 -79.6 -243.4
2500.6 4.4 -71.5 12.5 42.8 -157.7
