argentine_mismatch_declarative-narrow-focus_La-nina-lava-el-plato analysis information:
Number of steps:
20
Cutoff frequencies were: 
4700 4850 5000 5150 5300 5450 5600 5750 5900 6050 6200 6350 6500 6650 6800 6950 7100 7250 7400 7550
Number of coefficients for prediction: 
5
Number of formants: 
3
Winner is:
5450 5450 5450
Errors (total,f1,f2,f3): 
570 555.7 541.7 478.3 467.6 460.6 470.7 484.4 505.8 527.6 510.9 529.1 562.6 567.2 685.2 720 803.6 810.2 794.9 802.2
86.5 88.7 89.1 90.6 91.3 91.8 93.2 91.1 90.8 91.8 93.8 100.4 107 109.1 147 151.1 163.4 166 163.6 166.9
254 254.6 259.4 219.6 212.3 204.9 205.4 209.3 215.7 232.4 215.8 220.6 240.5 240.7 280.7 309.3 353.3 357.2 343.2 341
229.5 212.4 193.2 168.1 164 163.9 172.1 184 199.3 203.4 201.3 208.1 215.1 217.4 257.5 259.6 286.9 287 288.1 294.3
Coefficients are (row-wise by formant):
543.6 -79.4 35.3 19.2 28.5 -2.3
1647 221.2 9.1 -76.8 -154.4 64.7
2609.6 116.9 116.4 -19.9 -50 74.3
