argentine_mismatch_interrogative-partial-wh_Por-que-vivia-en-Paris analysis information:
Number of steps:
20
Cutoff frequencies were: 
4700 4850 5000 5150 5300 5450 5600 5750 5900 6050 6200 6350 6500 6650 6800 6950 7100 7250 7400 7550
Number of coefficients for prediction: 
5
Number of formants: 
3
Winner is:
5000 5000 5000
Errors (total,f1,f2,f3): 
424.2 347 341.6 358.5 356.2 415.2 438.2 471.3 539.8 607.3 646.6 716.5 740.1 814 864.8 928.9 1020.4 1038.1 1020.9 1087.3
69.9 70.1 70.3 71.3 71.8 94.2 103.8 117.1 136.8 168.5 198.9 228.1 233.4 267.9 297.2 333.4 366.5 382.3 384.7 400.7
179.3 165.1 166 171.1 173.2 190.9 197.6 204.7 222.6 242.8 250 267.3 257.8 263.7 261 261.4 285.7 293.6 289.6 312.8
175 111.8 105.3 116.1 111.2 130.1 136.8 149.5 180.4 196 197.7 221.1 248.9 282.4 306.6 334.1 368.2 362.2 346.6 373.8
Coefficients are (row-wise by formant):
474.7 -25.5 56.2 -1.4 56.4 -71.1
1767.3 -98.1 -87.7 -229.2 -204.4 59.2
2540.5 -163.2 73.4 -106.2 -63.1 15.5
