argentine_mismatch_declarative-narrow-focus_El-bebe-comia-muy-bien analysis information:
Number of steps:
20
Cutoff frequencies were: 
4700 4850 5000 5150 5300 5450 5600 5750 5900 6050 6200 6350 6500 6650 6800 6950 7100 7250 7400 7550
Number of coefficients for prediction: 
5
Number of formants: 
3
Winner is:
5600 5600 5600
Errors (total,f1,f2,f3): 
496.9 441.6 429.7 430.6 450.6 443.7 409.8 420.6 425.2 447.5 488.8 516.1 489.9 486.3 459.3 511.9 573.3 659.8 762.6 862.8
73.3 73 76 77.5 82.4 83.2 81.6 84.7 85.1 110.5 129.3 136.9 136.6 138.3 139.3 153.9 162.9 187.2 223.1 265.7
249.5 222.3 220.7 214.9 220.8 223.4 215.1 222.3 225.9 221.1 223.7 232.4 182.6 163.2 150.2 165.3 192.1 219.7 252.9 280.8
174.1 146.3 133 138.2 147.4 137.1 113.1 113.6 114.2 115.9 135.8 146.8 170.7 184.8 169.8 192.7 218.3 252.9 286.6 316.3
Coefficients are (row-wise by formant):
476.8 0.6 -24.4 -6.4 6.4 -14.6
1706 -64.3 150.2 10.8 22.5 113
2547.8 -50.7 67 18.1 84.8 40.3
