argentine_match_interrogative-total-yn_Manuela-vende-el-carro analysis information:
Number of steps:
20
Cutoff frequencies were: 
4700 4850 5000 5150 5300 5450 5600 5750 5900 6050 6200 6350 6500 6650 6800 6950 7100 7250 7400 7550
Number of coefficients for prediction: 
5
Number of formants: 
3
Winner is:
5000 5000 5000
Errors (total,f1,f2,f3): 
435.3 429.1 401 412.2 413.2 426.1 436.4 440.7 459 476.3 479.8 518.2 523.9 569.3 619 661.1 748.7 843.7 896.1 978.2
92.8 93.9 96.4 99.1 102.5 107 110.9 117.4 122.8 125 126.8 131.3 134.3 136.8 149.5 153.1 164.6 183.3 192.1 216.9
136.9 138.1 121.5 127.8 123.9 129.2 134.4 130.1 142.3 154.8 158.4 182.4 183.2 215.1 236.6 266.1 309.9 334.5 346.1 378.7
205.6 197.1 183.1 185.3 186.8 189.9 191.1 193.2 193.9 196.5 194.6 204.5 206.4 217.4 232.9 241.9 274.2 325.9 357.9 382.6
Coefficients are (row-wise by formant):
558 -25.1 13.3 8.1 -40.2 16.8
1463.2 169.9 -266.3 75.3 16.8 -58.5
2431.1 -24.7 -80.5 -84.2 -1.6 0.6
