argentine_match_declarative-narrow-focus_Mariano-habla-del-tiempo analysis information:
Number of steps:
20
Cutoff frequencies were: 
4700 4850 5000 5150 5300 5450 5600 5750 5900 6050 6200 6350 6500 6650 6800 6950 7100 7250 7400 7550
Number of coefficients for prediction: 
5
Number of formants: 
3
Winner is:
5300 5300 5300
Errors (total,f1,f2,f3): 
600.6 565.8 510.3 468.9 414.9 417.8 437 487.7 541.7 562.4 578.2 566.3 623.4 700.9 737.2 761.5 784 798.8 788.5 790.5
112 118.8 125.9 127.9 127.1 129.2 132.8 137.9 141.3 144.3 142.7 137.6 155.3 171.5 180.7 187.6 190.5 194.7 202.1 198.9
208.9 192.2 175.1 166.9 164.4 172 180 197.9 218.5 221.4 215.2 213.2 221.3 232 243.2 251.9 265.6 265.7 248.9 245.5
279.7 254.8 209.3 174.1 123.4 116.6 124.2 151.9 181.9 196.7 220.3 215.5 246.8 297.4 313.3 322 327.9 338.4 337.5 346.1
Coefficients are (row-wise by formant):
530.4 38.2 1 -9.8 66.2 -9.1
1633 19.9 -75.3 208.5 -317.6 -126.8
2534.3 -16 -107.7 99.3 -127.3 -158
