argentine_mismatch_declarative-broad-focus_El-hombre-mira-la-luna analysis information:
Number of steps:
20
Cutoff frequencies were: 
4700 4850 5000 5150 5300 5450 5600 5750 5900 6050 6200 6350 6500 6650 6800 6950 7100 7250 7400 7550
Number of coefficients for prediction: 
5
Number of formants: 
3
Winner is:
4850 4850 4850
Errors (total,f1,f2,f3): 
384.2 360.2 365.3 370.5 376.9 374.7 378.1 386.7 411 404.5 408.4 406.8 451 446.9 493.3 530.1 555.9 590.2 586.4 688.1
76.9 78.9 81.7 80.4 80.1 79.3 78 80.3 94 94.5 100.4 104.6 109.3 109.2 117.7 116 111 117.7 116.3 144.6
162.2 156 156.3 158.3 161.5 167.8 169.5 168.9 175.3 170.8 179.9 184.1 196 196.6 206.9 218.3 225.7 234.1 231.6 263.2
145.1 125.3 127.3 131.8 135.3 127.6 130.6 137.5 141.7 139.2 128.1 118.1 145.7 141.1 168.7 195.8 219.2 238.4 238.5 280.3
Coefficients are (row-wise by formant):
499.2 -11.1 37.8 -16.6 57.7 -65.4
1594.3 114.1 -4.7 121.1 234.2 11.2
2412.5 106.2 -14.1 20.1 98.9 -25.8
