argentine_match_declarative-broad-focus_Marta-abre-el-regalo analysis information:
Number of steps:
20
Cutoff frequencies were: 
4700 4850 5000 5150 5300 5450 5600 5750 5900 6050 6200 6350 6500 6650 6800 6950 7100 7250 7400 7550
Number of coefficients for prediction: 
5
Number of formants: 
3
Winner is:
5150 5150 5150
Errors (total,f1,f2,f3): 
492.2 427.9 378.9 371.9 402.4 424.9 445.1 460.5 487 508.9 533.6 538.1 549 561.5 597.9 630.6 635.2 690.1 748 789.1
109.8 112.5 111.9 117.4 128 129.8 133.7 134.8 145.2 154 159.4 153.5 150 153.3 159.4 157.4 154.2 172.6 199.5 202.6
177.1 150.8 133.8 135.9 148 154.9 162.6 162.5 163.8 172.1 183.2 197.1 207.8 209.1 216.9 235.1 240.4 257.2 262.4 273.7
205.3 164.6 133.2 118.6 126.4 140.2 148.8 163.2 178 182.8 191 187.5 191.2 199.1 221.6 238.1 240.6 260.3 286.1 312.8
Coefficients are (row-wise by formant):
616.5 110.2 59 10.8 38.4 45.1
1552.2 -63.9 -9.5 175.6 49.8 58.1
2467.5 40.8 -23.1 30.8 74.9 -50
