argentine_mismatch_interrogative-total-yn_El-nino-oye-el-rio analysis information:
Number of steps:
20
Cutoff frequencies were: 
4700 4850 5000 5150 5300 5450 5600 5750 5900 6050 6200 6350 6500 6650 6800 6950 7100 7250 7400 7550
Number of coefficients for prediction: 
5
Number of formants: 
3
Winner is:
5000 5000 5000
Errors (total,f1,f2,f3): 
508.7 473.8 450.9 462.1 471.1 504.6 536.2 574.4 671.8 710.7 731.5 746.4 787.1 787.6 775.2 804.9 842.9 834.9 920.4 995.8
74.3 75.6 77.7 81.3 80.2 82.4 84.3 88.1 108.6 127.8 143.7 160.3 180.9 201.2 215.3 244.4 277.7 273.6 301.9 355.8
279.8 265.8 238 235.7 237.2 255.4 268.7 288.6 324.3 336.3 341.2 330.3 324 314.1 309 315.5 329.9 335.9 360.8 368.1
154.6 132.4 135.2 145.1 153.7 166.8 183.2 197.7 238.9 246.6 246.6 255.8 282.2 272.3 250.9 245 235.3 225.4 257.7 271.9
Coefficients are (row-wise by formant):
492.2 -2.8 -6 -5.2 44.1 24.9
1747.7 270.6 -23.5 120.9 -239.3 -1.7
2587.5 148.6 19.8 34.5 -61.1 -19.7
