argentine_match_interrogative-total-yn_Emilio-ama-la-marcha analysis information:
Number of steps:
20
Cutoff frequencies were: 
4700 4850 5000 5150 5300 5450 5600 5750 5900 6050 6200 6350 6500 6650 6800 6950 7100 7250 7400 7550
Number of coefficients for prediction: 
5
Number of formants: 
3
Winner is:
5150 5150 5150
Errors (total,f1,f2,f3): 
505.5 414.3 400.2 399 407.6 426.5 471.4 506.8 546.6 549.2 602.5 620 688.9 753.4 794.4 804.9 826.9 844.3 826.6 864.6
82.1 78.1 79 79.3 82.5 85.6 87.6 93.4 97.2 103.8 108.3 110.1 114.3 122.8 158.5 165.2 166.3 169.9 172.2 182
228.3 193.9 184.7 184.5 188.2 203.7 220 231.5 238.3 235.4 253.3 262.2 280.5 299.4 295.6 299.4 312.9 321.4 313.4 324.7
195.1 142.3 136.5 135.2 136.9 137.2 163.8 181.9 211.1 210 240.9 247.7 294.1 331.2 340.3 340.3 347.7 353 341 357.9
Coefficients are (row-wise by formant):
566.2 -88.3 -37.6 21.1 68 25.5
1580.9 240.4 208.6 -11.6 -130.1 -104.1
2480.3 -7.3 123.3 -53 -41.4 -25.9
