castilian_match_interrogative-total-yn_Mariano-habla-del-tiempo analysis information:
Number of steps:
20
Cutoff frequencies were: 
4700 4850 5000 5150 5300 5450 5600 5750 5900 6050 6200 6350 6500 6650 6800 6950 7100 7250 7400 7550
Number of coefficients for prediction: 
5
Number of formants: 
3
Winner is:
5900 5900 5900
Errors (total,f1,f2,f3): 
710.3 732.9 743.9 730.3 641.2 601.8 569.3 563.1 543 555.3 591.5 690.6 753.4 761.6 741.9 740.7 752 758.1 787 827.5
91.2 91.2 91.1 105 115.2 119.3 118.1 122.9 121.1 125.1 126.2 136.4 141.3 157.9 165.5 184.2 207.1 213.8 223.8 236.8
337.2 335.7 333.8 299.5 240.2 222.3 218.9 215.9 213.5 219.3 232.4 274.8 300.6 299.2 285.8 272 260.9 259 268.3 282.9
281.9 306 319 325.8 285.8 260.2 232.3 224.3 208.4 210.9 232.9 279.4 311.5 304.5 290.6 284.5 284 285.3 294.9 307.8
Coefficients are (row-wise by formant):
485.5 88.8 -43.7 -87.9 -4.7 14.9
1777.3 219.7 -108.6 346.3 -170.8 -153.6
2849.3 32.5 -22.3 122.6 -55.3 -318.5
