castilian_match_declarative-broad-focus_Maria-bebe-el-vino analysis information:
Number of steps:
20
Cutoff frequencies were: 
4700 4850 5000 5150 5300 5450 5600 5750 5900 6050 6200 6350 6500 6650 6800 6950 7100 7250 7400 7550
Number of coefficients for prediction: 
5
Number of formants: 
3
Winner is:
5600 5600 5600
Errors (total,f1,f2,f3): 
656.1 774.1 792 774.6 596 532.1 511.7 552.9 557 533.6 525.6 528.6 533.7 538 548.3 528.4 550.5 556.4 573.7 633.5
102.3 98.2 98.8 126.4 129.5 125.3 120.8 126.5 137.7 134.1 135 138.1 142.3 143.8 146 135.2 137.6 130.7 130.7 145
333.5 393.4 404.9 362.5 258.4 218.9 209.7 220.3 208.6 200.2 195.9 192.1 192.5 194.1 199.1 202.8 221.1 227.6 238.2 260.4
220.3 282.5 288.3 285.7 208.1 187.9 181.2 206.1 210.7 199.3 194.7 198.4 198.9 200.1 203.2 190.4 191.8 198.1 204.8 228.1
Coefficients are (row-wise by formant):
483 139.9 -16 -54.3 19.3 42.4
1993.9 103.8 -113.8 114.9 -304.9 -41.1
2864 193.4 -91.9 91.9 -316.9 1.8
