castilian_match_declarative-broad-focus_Marta-abre-el-regalo analysis information:
Number of steps:
20
Cutoff frequencies were: 
4700 4850 5000 5150 5300 5450 5600 5750 5900 6050 6200 6350 6500 6650 6800 6950 7100 7250 7400 7550
Number of coefficients for prediction: 
5
Number of formants: 
3
Winner is:
5600 5600 5600
Errors (total,f1,f2,f3): 
681.3 717.1 706.3 644.7 574 484.4 443.5 471.8 505.6 544.5 543.7 580.4 638.9 635.4 649.5 692.2 722.4 759.7 835.5 923.4
134.5 142.5 138.1 145.1 156.8 146.8 143.8 150.7 152.2 160.4 165.1 171.3 186.4 192.6 195.5 202.5 203.5 204.5 221.1 229.7
249.2 245.8 226.5 187.6 153.4 123.2 112.8 123.7 130.4 144 148.7 174.5 196.1 193.5 202.6 226.6 237.5 260.8 292.9 338.6
297.6 328.8 341.7 312 263.8 214.4 186.9 197.4 223 240.1 229.9 234.6 256.4 249.3 251.4 263.1 281.4 294.4 321.5 355.1
Coefficients are (row-wise by formant):
622 144.5 6.6 -95.1 -198.4 63.5
1715.3 44.8 -104.1 33.1 -9.3 -62
2751.6 141.7 -104.5 -54.9 -146.1 -16.8
