castilian_match_declarative-narrow-focus_David-leia-el-libro analysis information:
Number of steps:
20
Cutoff frequencies were: 
4700 4850 5000 5150 5300 5450 5600 5750 5900 6050 6200 6350 6500 6650 6800 6950 7100 7250 7400 7550
Number of coefficients for prediction: 
5
Number of formants: 
3
Winner is:
5750 5750 5750
Errors (total,f1,f2,f3): 
648.7 619.4 626.1 631.6 587.4 542 542.7 521 534 542 557.5 555.6 570.9 570.2 563.6 591 675.9 727 727.1 742.5
64.3 67.1 67.6 68.5 71.2 76.1 76.6 78 82.5 82.7 84.7 81.2 88.3 90.1 88.5 87.8 106.7 114.3 109.2 118.1
334.3 314 313.8 300.5 269.7 243.2 244.7 240.9 246.2 247.5 244.4 243.7 249.4 253.1 247.7 255.4 272.6 284.8 282.9 286.8
250.1 238.3 244.7 262.6 246.5 222.7 221.4 202.1 205.3 211.8 228.4 230.7 233.2 227 227.4 247.8 296.6 327.9 335 337.6
Coefficients are (row-wise by formant):
428 31.4 14 -2.6 71 -30.2
2117.4 118.5 -328.4 8.1 -153.7 87.2
2916.7 168.7 -312 29.2 -85.1 89.2
