castilian_match_declarative-narrow-focus_Maria-bebe-el-vino analysis information:
Number of steps:
20
Cutoff frequencies were: 
4700 4850 5000 5150 5300 5450 5600 5750 5900 6050 6200 6350 6500 6650 6800 6950 7100 7250 7400 7550
Number of coefficients for prediction: 
5
Number of formants: 
3
Winner is:
6500 6500 6500
Errors (total,f1,f2,f3): 
628.2 713.4 830.4 786.2 580.8 550.4 557.5 544.3 543 518.4 482.4 472.8 465 481 517.9 538.4 560.8 578.4 597.8 614.4
96.7 98.7 96.7 108.3 118.3 123.6 129.5 128.8 127.1 115.1 110 109.2 109.3 121.1 133.3 137.3 142.2 151.4 156.6 163.4
306.8 358.6 410 361.3 235.9 201.9 190.1 185.6 181.5 171.9 165.8 166.9 169.4 177.6 186.6 192.9 202 206.9 209.6 219.1
224.7 256.1 323.7 316.6 226.6 224.9 237.9 229.9 234.4 231.4 206.6 196.7 186.3 182.3 198 208.2 216.6 220.1 231.6 231.9
Coefficients are (row-wise by formant):
486.6 -43.4 78.1 -160.6 74.8 -68.5
2083.7 -107.2 -6.7 -9.7 -286.7 -71.1
3068.6 -197.5 132.9 -212.9 -182.5 -149.6
