castilian_match_interrogative-partial-wh_Cuando-bebia-el-vino analysis information:
Number of steps:
20
Cutoff frequencies were: 
4700 4850 5000 5150 5300 5450 5600 5750 5900 6050 6200 6350 6500 6650 6800 6950 7100 7250 7400 7550
Number of coefficients for prediction: 
5
Number of formants: 
3
Winner is:
7400 7400 7400
Errors (total,f1,f2,f3): 
540 677.3 698.4 640 571.1 536.4 527.8 558.6 586.4 591.5 605.7 600.5 582.4 544.2 521.3 513 517.1 520.7 497.7 514.8
76.7 78.8 75.6 76.5 81.6 87.4 91.7 94.2 97.2 96.2 96.4 92.3 89.5 89.9 92 94.3 95.7 95.9 100 99.2
248 319.1 320.6 289.1 253.3 224.2 212.6 230.7 243 246.6 250.8 252.4 243.4 229.2 219.4 208.5 209.1 210.8 185.7 196.3
215.3 279.4 302.2 274.4 236.2 224.8 223.5 233.7 246.2 248.7 258.5 255.8 249.5 225.1 209.9 210.2 212.3 214 212 219.3
Coefficients are (row-wise by formant):
474.3 72.3 101.5 13.9 68.1 -2
2092 21 -283.6 154.7 26.1 356.3
3218.7 -41.9 56.3 72.7 187 193.6
