castilian_mismatch_declarative-narrow-focus_El-bebe-comia-muy-bien analysis information:
Number of steps:
20
Cutoff frequencies were: 
4700 4850 5000 5150 5300 5450 5600 5750 5900 6050 6200 6350 6500 6650 6800 6950 7100 7250 7400 7550
Number of coefficients for prediction: 
5
Number of formants: 
3
Winner is:
5450 5450 5450
Errors (total,f1,f2,f3): 
631.3 636.9 638.2 622.2 543.6 454.3 466.3 461.1 471.6 498.4 513.3 525.8 536.3 537.1 527.1 534 560.1 651.6 761.3 795.8
54.5 51.9 45.8 49 55 60.7 62 59.5 56.3 53.4 51.2 50.1 51.3 57.3 57.9 65.7 71.2 102.6 146 162.3
358 364.8 367 351.2 278.6 191.7 197.3 195.9 206 216.7 217.5 212.1 212.2 201.5 189.8 189.7 195.5 222.8 242.8 248.2
218.8 220.2 225.4 222 210 201.9 207 205.7 209.3 228.3 244.6 263.6 272.8 278.3 279.4 278.6 293.4 326.2 372.5 385.3
Coefficients are (row-wise by formant):
428.9 69.5 -37.9 3.9 0.3 19.2
2004.2 10.3 45.2 100.7 -99 59.4
2672.4 98.9 2.4 129.2 -72.9 109.8
