castilian_match_declarative-broad-focus_Daniel-iba-a-Bolivia analysis information:
Number of steps:
20
Cutoff frequencies were: 
4700 4850 5000 5150 5300 5450 5600 5750 5900 6050 6200 6350 6500 6650 6800 6950 7100 7250 7400 7550
Number of coefficients for prediction: 
5
Number of formants: 
3
Winner is:
6350 6350 6350
Errors (total,f1,f2,f3): 
687 786 888.2 903.7 874.3 725.3 626.7 601.6 563 542.2 548.7 538.9 546.5 568.4 600.8 615.3 644.8 642.6 667 785.3
110.3 113.8 110.1 103.9 114.2 120.6 124.2 128.9 122.8 124.3 121.4 113.7 115.9 121.7 121.1 117 116.7 118.1 122.4 139.9
325.9 378.5 435.1 437.8 413.2 330.2 272 262.5 246.5 232.6 221.1 219.2 220.7 229.5 251.2 287.3 287.5 280.5 298 341.3
250.8 293.7 343 362 346.9 274.5 230.5 210.2 193.7 185.3 206.2 206 209.9 217.2 228.5 211 240.6 244 246.6 304.1
Coefficients are (row-wise by formant):
457.9 -16.8 -14.4 -24.6 127.9 -57.7
2013.3 103.3 276.8 -138.5 -405.3 211
2988.6 192.9 174.2 -74.3 -244.4 23.6
