castilian_match_interrogative-total-yn_Ana-lleva-el-abrigo analysis information:
Number of steps:
20
Cutoff frequencies were: 
4700 4850 5000 5150 5300 5450 5600 5750 5900 6050 6200 6350 6500 6650 6800 6950 7100 7250 7400 7550
Number of coefficients for prediction: 
5
Number of formants: 
3
Winner is:
6350 6350 6350
Errors (total,f1,f2,f3): 
698.4 739.9 745.3 692.7 704 669 652.7 648.5 637.5 614.4 581.3 581.1 583.3 605.6 599.4 597.8 638.1 646.8 683.8 693.9
74.8 73.4 74.8 80 98.3 104.2 113.1 114.4 112.7 110 96.8 97.2 104.8 112.7 121.1 134.1 165.2 195.5 208 214.7
327.4 324.5 311.1 299.3 289.8 266 257.8 252 250.1 239.8 223.4 222.4 225.1 237.9 227.2 210.8 208.3 198.8 210.3 224.7
296.2 342 359.4 313.4 315.9 298.8 281.8 282.1 274.7 264.6 261.1 261.5 253.4 255 251.1 252.9 264.6 252.5 265.5 254.5
Coefficients are (row-wise by formant):
494.5 105 11.7 54.7 103 18.4
1827.3 167.5 -131.6 123 -419.9 53
2933.4 150.2 156 27.3 -183.5 32.1
