castilian_mismatch_interrogative-partial-wh_Por-que-desayuna-muy-bien analysis information:
Number of steps:
20
Cutoff frequencies were: 
4700 4850 5000 5150 5300 5450 5600 5750 5900 6050 6200 6350 6500 6650 6800 6950 7100 7250 7400 7550
Number of coefficients for prediction: 
5
Number of formants: 
3
Winner is:
5750 5750 5750
Errors (total,f1,f2,f3): 
646.3 676.8 748.9 733.8 646.4 620.7 598.2 578.8 601.7 589.6 609.8 660.8 671.4 674.6 681.5 682 692 702.9 693.9 726.5
70.7 68.6 69 82.6 90 95.4 96 94.5 91.6 89.7 86.5 92.1 90.8 98.5 100.6 103.4 111.9 116 113.6 131.1
358.1 378.7 422 381.1 300.1 274.5 267.7 254.9 273.8 261.7 262.4 282.3 280 260.9 257.9 251.6 245.3 246.2 248.8 249.8
217.5 229.5 257.9 270.1 256.3 250.8 234.5 229.4 236.3 238.2 260.9 286.4 300.6 315.2 323 327 334.8 340.7 331.5 345.6
Coefficients are (row-wise by formant):
457.4 57.7 -8.9 28.8 22.8 -31.7
1920.1 -99.4 -101 -174.9 -155 132.5
2757.1 -37.2 -106 -218.7 -72.8 156.5
