castilian_mismatch_declarative-narrow-focus_Mi-tia-odia-la-lluvia analysis information:
Number of steps:
20
Cutoff frequencies were: 
4700 4850 5000 5150 5300 5450 5600 5750 5900 6050 6200 6350 6500 6650 6800 6950 7100 7250 7400 7550
Number of coefficients for prediction: 
5
Number of formants: 
3
Winner is:
5750 5750 5750
Errors (total,f1,f2,f3): 
896.6 829.8 893.8 873.8 744.6 630.7 607.7 593 618.9 658.4 674 690.3 709.7 725.6 802.5 828.6 855 878.2 905.3 937.7
94.3 94.7 100.8 109 110.1 116.7 112.2 106.2 109.6 125.4 137 139 152.7 172.4 189.4 191.7 201.1 213.4 227.9 236.1
481.2 429.7 469.9 436.2 346.6 272.8 269.8 278.7 299.4 317.7 310.9 306.8 314.3 317.7 339.7 332.6 332.5 331.2 326.1 346.7
321.1 305.4 323.1 328.6 287.9 241.2 225.7 208.1 209.9 215.3 226.1 244.5 242.7 235.5 273.4 304.3 321.4 333.6 351.3 354.9
Coefficients are (row-wise by formant):
476.1 -21.4 -36.4 -141.6 48.6 -60.2
1976.4 75.2 110.9 76.8 -24.8 -174.6
2899.5 89.3 -6.9 33.8 -35.7 -225.8
