castilian_mismatch_declarative-narrow-focus_La-maestra-vive-en-Paris analysis information:
Number of steps:
20
Cutoff frequencies were: 
4700 4850 5000 5150 5300 5450 5600 5750 5900 6050 6200 6350 6500 6650 6800 6950 7100 7250 7400 7550
Number of coefficients for prediction: 
5
Number of formants: 
3
Winner is:
5450 5450 5450
Errors (total,f1,f2,f3): 
886.5 923.1 914.8 767.2 614.2 589.2 599.6 664.3 729.7 770.4 811.9 873.5 946.5 976.2 1057.3 1141.4 1203.9 1239 1241.4 1188.4
155 145.2 148.9 160.8 169.1 177.6 171.7 195.3 209.1 225.7 237.6 247.4 273.4 290.7 319.7 338.4 347.9 353.1 347.4 348.7
405.1 432.1 442.2 336.6 251.1 228.8 228.4 244 262.2 272.9 287.4 303.6 315.9 309.7 319.4 343.7 363.4 365.1 367.6 352.9
326.4 345.8 323.7 269.8 194 182.8 199.5 225 258.4 271.8 286.9 322.5 357.2 375.8 418.2 459.3 492.6 520.8 526.4 486.8
Coefficients are (row-wise by formant):
555.4 -19.4 102.9 -117.1 32.5 -89.7
1976.6 -143.6 3.5 -57.2 -37.9 41.8
2832 -74.9 55.3 -109.6 -37.7 155
