castilian_mismatch_interrogative-total-yn_Mi-tia-odia-la-lluvia analysis information:
Number of steps:
20
Cutoff frequencies were: 
4700 4850 5000 5150 5300 5450 5600 5750 5900 6050 6200 6350 6500 6650 6800 6950 7100 7250 7400 7550
Number of coefficients for prediction: 
5
Number of formants: 
3
Winner is:
6350 6350 6350
Errors (total,f1,f2,f3): 
832.2 875 874.6 832.1 735.5 694 642.5 659.4 638.2 620.9 601.2 591.6 620.4 637.5 645.7 633.6 635.2 647.1 666.1 647.2
65.3 74.2 81.5 83.9 92.1 103.8 104.8 104.7 100.9 102.7 99.5 97.8 103.2 105.6 104.8 98.2 97.8 109.5 116.1 119.4
466.7 449.1 449.5 417.9 343.7 300.2 278.6 288 289.8 290.8 286.7 281.3 282.6 302.8 316.5 299.6 297.8 292.4 295.9 292.4
300.2 351.7 343.6 330.3 299.7 290 259.1 266.7 247.5 227.4 215 212.5 234.6 229.1 224.4 235.8 239.6 245.2 254.1 235.4
Coefficients are (row-wise by formant):
456.7 21.5 -75.5 -116.2 2.2 -4.9
2043.2 183.3 120.3 201.9 -77.1 -126.4
3072.6 214.8 -16 -7.4 -60.3 -139.1
