castilian_match_interrogative-total-yn_Marta-abre-el-regalo analysis information:
Number of steps:
20
Cutoff frequencies were: 
4700 4850 5000 5150 5300 5450 5600 5750 5900 6050 6200 6350 6500 6650 6800 6950 7100 7250 7400 7550
Number of coefficients for prediction: 
5
Number of formants: 
3
Winner is:
5750 5750 5750
Errors (total,f1,f2,f3): 
653.4 697.1 695.2 679.5 648.8 586.6 441.2 404.5 410.4 409.7 430.4 433.5 443.5 448.3 446.1 498.6 498.4 517.4 610.2 733.8
124.2 119.5 118.2 127.8 130.5 134.6 118.8 112 112.5 111.9 115.8 113.9 119.8 123.7 118.5 130 127 126.8 153.9 194.1
238.8 238.4 215 200.3 199 175.2 137.1 131.8 135.3 139 144.6 151.2 159.4 171.9 176 198.3 204 213.4 243 273.7
290.4 339.2 362 351.4 319.3 276.8 185.3 160.7 162.6 158.8 170 168.4 164.3 152.7 151.6 170.3 167.4 177.2 213.3 266
Coefficients are (row-wise by formant):
625.4 102.2 33.1 -62.7 -173.1 -7.6
1696.2 135.9 -201.5 104.9 -41.4 6.5
2789 169.2 -54.6 -110.2 -134.3 -45.2
