castilian_mismatch_interrogative-total-yn_El-hombre-mira-la-luna analysis information:
Number of steps:
20
Cutoff frequencies were: 
4700 4850 5000 5150 5300 5450 5600 5750 5900 6050 6200 6350 6500 6650 6800 6950 7100 7250 7400 7550
Number of coefficients for prediction: 
5
Number of formants: 
3
Winner is:
7250 7250 7250
Errors (total,f1,f2,f3): 
721.8 680.4 523.5 500.9 509.1 544.7 615.8 652.1 624.8 546 507 477.7 469 474.2 466.1 464.1 450.7 438.8 493.1 539.9
75.7 81.8 84 84.7 86.2 89.1 92 92.5 93.2 94.6 96 96.9 92.7 86.8 86.6 84.7 84.4 85.4 91.1 92.7
339.7 295.9 203.1 194.5 190.2 192.4 209.9 209.2 195.4 177.8 169.9 166.4 166.2 166.9 166.1 163.1 162.4 163.8 196.6 211.5
306.4 302.7 236.4 221.7 232.7 263.2 313.9 350.4 336.2 273.6 241.1 214.4 210.1 220.5 213.4 216.3 203.9 189.6 205.4 235.7
Coefficients are (row-wise by formant):
447.7 -26.3 17 35.8 74.9 -76
1876.5 177.3 -104.9 -22.3 55.2 187.6
3070.1 -75.4 66.9 -179.9 241.1 -10.8
