castilian_mismatch_interrogative-partial-wh_Cuando-miraba-la-luna analysis information:
Number of steps:
20
Cutoff frequencies were: 
4700 4850 5000 5150 5300 5450 5600 5750 5900 6050 6200 6350 6500 6650 6800 6950 7100 7250 7400 7550
Number of coefficients for prediction: 
5
Number of formants: 
3
Winner is:
7400 7400 7400
Errors (total,f1,f2,f3): 
612.7 711.7 772.5 810.8 731.3 705.4 683.1 691.5 704.1 704.4 679.3 672.1 677.7 667.8 646 628.8 602.5 596.9 561.3 568.8
80.6 88.2 91.7 101.1 107.2 111.5 112.1 108.9 106.2 104.3 105.2 106.6 110.1 109.8 104.5 102.3 102.1 98.3 96 97.5
297 316.5 330.6 333.7 304.4 269.4 242.7 241.9 250.6 249 241.9 232.7 230.9 229.9 223 212.7 197.8 205.1 203.9 221.1
235.1 307 350.2 376 319.7 324.5 328.3 340.7 347.3 351.1 332.2 332.8 336.7 328.1 318.5 313.8 302.6 293.5 261.4 250.2
Coefficients are (row-wise by formant):
508 36.9 -27.8 69.2 163 4.7
1874 107.8 -117.5 -99.7 -3.3 144.9
3253.9 152.8 54.3 -187.7 56.7 -157.5
