castilian_match_interrogative-partial-wh_Por-que-iba-a-Bolivia analysis information:
Number of steps:
20
Cutoff frequencies were: 
4700 4850 5000 5150 5300 5450 5600 5750 5900 6050 6200 6350 6500 6650 6800 6950 7100 7250 7400 7550
Number of coefficients for prediction: 
5
Number of formants: 
3
Winner is:
5750 5750 5750
Errors (total,f1,f2,f3): 
708.1 781.7 755.7 733.5 651.9 538.5 511.2 501.3 507.3 514.2 513.9 526.7 551.8 600.5 647.7 652.9 662.7 714.6 749.8 767.3
85.8 90.8 88.8 94.1 101.4 103.5 104.1 106.5 107.6 107 105.8 106 108.3 104.7 108.6 112.7 120.3 134.6 142.2 148.4
352.6 378.2 360.2 328.6 269.7 221.1 206.6 201 204.4 207.3 206.1 203.3 204.6 226.1 253.2 256.5 260.2 273.3 270.8 287
269.7 312.7 306.7 310.8 280.8 213.9 200.5 193.8 195.3 199.9 202 217.4 238.9 269.7 285.9 283.7 282.2 306.7 336.8 331.9
Coefficients are (row-wise by formant):
488.1 41.3 -60.6 -59.1 108.7 56.3
1842.5 -59 70.6 -68.7 -574.6 124.3
2770.3 -72.2 -60.3 -42.5 -255.1 39.9
