castilian_mismatch_interrogative-total-yn_El-bebe-comia-muy-bien analysis information:
Number of steps:
20
Cutoff frequencies were: 
4700 4850 5000 5150 5300 5450 5600 5750 5900 6050 6200 6350 6500 6650 6800 6950 7100 7250 7400 7550
Number of coefficients for prediction: 
5
Number of formants: 
3
Winner is:
5750 5750 5750
Errors (total,f1,f2,f3): 
631.4 630.5 687.3 662.5 573 531 522.8 521.1 522.5 539.7 549.6 546.6 544.6 550.4 559.2 544.8 538.9 571.4 613.5 618.2
83.7 80.9 84.5 89.1 97.6 105 106.3 105.4 101 96.4 91.8 86.8 84.8 92.7 104.9 109 107.7 108.9 111.6 111.8
306.6 309.9 362.5 327 245.8 214.2 219 214.9 219 228.9 237.2 238.8 244 237.2 225.8 205.1 200.6 212.1 228.5 233
241.1 239.7 240.3 246.4 229.6 211.8 197.5 200.8 202.5 214.4 220.6 221 215.8 220.5 228.5 230.7 230.6 250.4 273.4 273.4
Coefficients are (row-wise by formant):
439.3 21.5 -26.2 -7 -6.8 -11.3
1959.2 10.6 118.5 144.4 -122.1 12.8
2711.8 32.3 53.6 83.5 17.5 104.1
