castilian_match_declarative-broad-focus_Mariano-habla-del-tiempo analysis information:
Number of steps:
20
Cutoff frequencies were: 
4700 4850 5000 5150 5300 5450 5600 5750 5900 6050 6200 6350 6500 6650 6800 6950 7100 7250 7400 7550
Number of coefficients for prediction: 
5
Number of formants: 
3
Winner is:
6200 6200 6200
Errors (total,f1,f2,f3): 
690.4 698.1 781.1 814.1 781.1 693.9 660.4 621.6 609 623.8 600.4 601.8 601.2 602.2 641 666.7 730.3 749.7 780.9 833.1
137.6 139.8 141.1 149.2 154.5 155.3 144.1 140.6 140.2 145.4 153.1 161.6 171.1 177.3 194.5 202.6 214.3 212 229.2 256.5
315.9 296.6 316.9 331.8 305.7 259.1 238.6 225 221.8 223 210.7 208.4 201.4 196.1 204.3 208.5 223.4 232.4 241 254.5
236.9 261.7 323.1 333.1 320.9 279.5 277.7 256 247 255.4 236.6 231.8 228.7 228.8 242.2 255.6 292.6 305.3 310.7 322.1
Coefficients are (row-wise by formant):
516.1 57.9 -25 -112.9 50.3 3.2
1900.8 56.8 47 233 -150.7 -172.6
2957.9 43.2 29.8 32.8 -19.1 -205.5
