castilian_mismatch_declarative-broad-focus_El-bebe-comia-muy-bien analysis information:
Number of steps:
20
Cutoff frequencies were: 
4700 4850 5000 5150 5300 5450 5600 5750 5900 6050 6200 6350 6500 6650 6800 6950 7100 7250 7400 7550
Number of coefficients for prediction: 
5
Number of formants: 
3
Winner is:
6650 6650 6650
Errors (total,f1,f2,f3): 
565.3 585.2 659.1 627.3 553.1 504.7 490.7 465.3 451.3 463.5 472.4 463.3 453.2 438.5 448.3 459 487.9 518.3 578.9 717.3
85.1 85.6 81.4 81.1 81.5 83.1 84.7 85 85.4 82 80.1 79 78.7 80.7 92.3 102.4 110.4 121.2 140.3 192
263.4 271.1 325 305.7 256.6 212 191.9 180.6 186.6 204.9 209.7 203.9 195.7 181.2 164.7 152.8 155.2 158.6 166.5 202.7
216.8 228.5 252.7 240.5 215 209.6 214.1 199.7 179.3 176.6 182.6 180.4 178.8 176.6 191.3 203.8 222.3 238.5 272.1 322.6
Coefficients are (row-wise by formant):
436.5 66.5 -56.6 23.6 -1.2 21.5
2064.5 0.7 48.6 50.1 -98.2 39.8
2875.6 -21.7 180.1 -6.5 43.1 85.8
