castilian_match_declarative-narrow-focus_Manuela-vende-el-carro analysis information:
Number of steps:
20
Cutoff frequencies were: 
4700 4850 5000 5150 5300 5450 5600 5750 5900 6050 6200 6350 6500 6650 6800 6950 7100 7250 7400 7550
Number of coefficients for prediction: 
5
Number of formants: 
3
Winner is:
5450 5450 5450
Errors (total,f1,f2,f3): 
647.1 653.9 714.8 619.9 460.2 459.8 485.9 499.7 542.5 508.2 478.5 504.8 526.8 553.1 578.2 623.3 699.5 815.4 859.3 906.1
83.1 93 105.5 120.2 124.9 127.4 130.4 136.1 148.6 146.7 137.7 145.9 158.1 169.9 179.4 186.2 196.5 225.1 243.1 261
287.9 268.1 294.4 242.3 134 135.7 143.9 143.6 150.5 133.5 131.2 135.9 142.4 157 166.7 175.3 198 227.2 237.8 247.9
276.1 292.8 314.9 257.4 201.3 196.7 211.6 220 243.4 228 209.6 223 226.3 226.2 232.1 261.8 305 363.1 378.4 397.2
Coefficients are (row-wise by formant):
529.9 -4.3 1.8 20 -115.2 77.1
1777.2 123.7 -222.2 5.5 1.2 -42.8
2624.1 147.6 -290.9 -117.3 -18.1 18.9
