castilian_match_declarative-narrow-focus_Marta-abre-el-regalo analysis information:
Number of steps:
20
Cutoff frequencies were: 
4700 4850 5000 5150 5300 5450 5600 5750 5900 6050 6200 6350 6500 6650 6800 6950 7100 7250 7400 7550
Number of coefficients for prediction: 
5
Number of formants: 
3
Winner is:
5750 5750 5750
Errors (total,f1,f2,f3): 
640.3 729.5 727.7 712.9 572 471.7 457.6 451.2 461 489.1 491.7 473.7 483.6 487.9 531.5 629 708.1 739.8 785.2 949.6
148.2 138 124.5 128.5 141.6 144.6 143 145.2 146.4 153.3 161.7 149.3 153.5 163 170.6 187.9 200.5 208.8 228.2 266.1
244 270.7 269.2 257 187.1 140.4 138.5 145.7 146 162.5 164.4 161.4 168.6 169.7 188 220.9 226.5 225.6 231.6 284.8
248.1 320.8 334 327.4 243.3 186.7 176.1 160.3 168.6 173.3 165.6 163 161.5 155.2 172.9 220.2 281.1 305.4 325.4 398.7
Coefficients are (row-wise by formant):
587.1 142.8 37.7 -40.1 -197.8 60.6
1748.2 73 -161.2 86.8 -57 -70
2733.2 198.9 -96.3 -50.1 -146.8 -124.2
