castilian_match_interrogative-partial-wh_Por-que-hablaba-del-agua analysis information:
Number of steps:
20
Cutoff frequencies were: 
4700 4850 5000 5150 5300 5450 5600 5750 5900 6050 6200 6350 6500 6650 6800 6950 7100 7250 7400 7550
Number of coefficients for prediction: 
5
Number of formants: 
3
Winner is:
6050 6050 6050
Errors (total,f1,f2,f3): 
703.5 699.1 660.4 560.2 536.6 508.9 518.9 506.7 507.8 499.4 518.1 568.8 582.2 614.7 674.2 678.6 671.6 688.4 729.3 799.2
89.1 92.5 96.5 103.4 111.1 126.1 135.1 137.1 138.2 136.4 132.8 133.9 141.9 154.2 164.9 172.5 178.3 187.7 202.7 228.6
268 267.4 258.7 197.4 187 179.7 175.5 172 173.6 177.7 178.9 189.3 181.6 194.1 230.7 229.3 221.7 224.8 233.4 248.4
346.4 339.2 305.2 259.4 238.5 203.1 208.3 197.6 196 185.3 206.4 245.6 258.7 266.4 278.6 276.8 271.6 275.9 293.2 322.2
Coefficients are (row-wise by formant):
564.9 -43.3 -11.6 -11.5 -26.9 75.4
1627.1 206.2 -148.7 14.6 -90.9 -290.1
2752.7 -78.2 -127.8 36 -65.6 -156.3
