castilian_mismatch_declarative-broad-focus_La-nina-lava-el-plato analysis information:
Number of steps:
20
Cutoff frequencies were: 
4700 4850 5000 5150 5300 5450 5600 5750 5900 6050 6200 6350 6500 6650 6800 6950 7100 7250 7400 7550
Number of coefficients for prediction: 
5
Number of formants: 
3
Winner is:
6350 6350 6350
Errors (total,f1,f2,f3): 
772.9 829.5 782.1 726.3 673.6 586.1 551.5 518.9 480.4 442.5 416 415 454.4 485.2 511.5 471.9 495.3 553.2 611.1 679.6
114.5 111.1 102.8 102.4 103.7 111.8 114.8 118.1 132.5 127.5 127.9 128.8 135.2 134.9 139 135.1 140.2 154.3 160.7 166.1
348.4 361.1 324.5 304.5 272.1 247.1 231.2 194 155.4 143.2 137.5 138.2 164.2 180.5 181.2 174.4 181 187.4 199.6 214.2
310 357.3 354.8 319.4 297.8 227.2 205.5 206.8 192.5 171.8 150.6 148 155 169.8 191.3 162.4 174.1 211.5 250.8 299.3
Coefficients are (row-wise by formant):
544.5 -78.1 -10.4 -80.6 52.6 45.7
1944.9 294.1 117.9 -110.5 -215.7 -228.6
2996.5 78.5 161.7 -114.7 -64.5 -52
