castilian_mismatch_declarative-broad-focus_Mi-novio-viene-del-lago analysis information:
Number of steps:
20
Cutoff frequencies were: 
4700 4850 5000 5150 5300 5450 5600 5750 5900 6050 6200 6350 6500 6650 6800 6950 7100 7250 7400 7550
Number of coefficients for prediction: 
5
Number of formants: 
3
Winner is:
5600 5600 5600
Errors (total,f1,f2,f3): 
696.3 656 686.7 691.2 557.5 532.5 492.2 551.6 575.5 564.4 567.9 547.7 538.6 531.7 534.3 576.1 632.7 589.6 579.7 615
94.6 88 84.2 81.2 82.6 83.9 82.7 85.6 87.3 88.2 89.1 89.2 89.7 91.2 94.1 96.8 102.2 107.5 117 120.3
334.1 300.6 316.3 315.4 242.6 243.4 234.5 256.2 261.6 254.7 251.3 238.7 236.8 228.2 220.8 230.1 241.4 216.6 212.8 226.2
267.6 267.4 286.2 294.6 232.3 205.2 175 209.8 226.6 221.5 227.5 219.8 212.1 212.3 219.4 249.2 289.1 265.5 249.9 268.5
Coefficients are (row-wise by formant):
482 -52.5 -13.4 18.7 -100.6 54.3
1819 234.6 -322.4 110.8 86.7 38
2748.4 106.4 -209.7 195.1 24.2 96.7
