castilian_mismatch_interrogative-partial-wh_Por-que-venia-del-lago analysis information:
Number of steps:
20
Cutoff frequencies were: 
4700 4850 5000 5150 5300 5450 5600 5750 5900 6050 6200 6350 6500 6650 6800 6950 7100 7250 7400 7550
Number of coefficients for prediction: 
5
Number of formants: 
3
Winner is:
5750 5750 5750
Errors (total,f1,f2,f3): 
624 736.9 702.5 656.1 597.4 519.7 494 489.6 512.7 569 659.4 748.1 771.9 756.5 758.2 765 716.9 753.6 804.7 847.7
101.7 103.2 97.6 103.4 104.4 108.2 111.6 111.3 111.1 114.5 119 133.5 139 141.2 141.7 145.3 144.2 156.4 150.8 147.1
305.5 332.6 312.8 256 215.8 186.8 173.9 171.3 183 211.1 261.7 296 314.8 313.7 306.8 298.4 294 306.4 327.5 350.5
216.8 301.1 292.1 296.7 277.2 224.7 208.5 207 218.6 243.4 278.7 318.6 318.1 301.6 309.7 321.3 278.7 290.8 326.4 350.1
Coefficients are (row-wise by formant):
485.8 -35 -18.2 83.6 -26.1 43.5
1727.5 325.6 -402.3 63.5 -86.5 -108.4
2821.1 13 -352.6 44.7 -156.9 -29.1
