castilian_mismatch_interrogative-partial-wh_Por-que-vivia-en-Paris analysis information:
Number of steps:
20
Cutoff frequencies were: 
4700 4850 5000 5150 5300 5450 5600 5750 5900 6050 6200 6350 6500 6650 6800 6950 7100 7250 7400 7550
Number of coefficients for prediction: 
5
Number of formants: 
3
Winner is:
5600 5600 5600
Errors (total,f1,f2,f3): 
755.7 823.9 861.5 802 675.3 545.4 467.5 471.5 513.2 663.6 851.3 856.4 833.9 800.1 846 858.7 906.6 871.1 897 890
86.7 82 85.4 86.1 87.4 88.7 92.1 93.5 99.2 142.9 180 171.5 166.2 162.6 185 189.4 209.5 224.5 235.2 235.8
426.3 474.8 489.1 413.5 307.3 219.7 182.9 183 188.7 223.9 301.7 314.9 290.1 274.7 264.5 253.9 260.3 252.9 257.9 251.9
242.7 267.1 287 302.4 280.6 237 192.5 195 225.3 296.8 369.6 370 377.6 362.8 396.5 415.4 436.8 393.7 403.9 402.3
Coefficients are (row-wise by formant):
477.6 -21.6 20.2 14 52.3 -45.3
2019.3 -110.6 -149.5 -264.9 -280.2 117.2
2807.5 -188.9 -25.9 -171.6 -188.9 112.4
