castilian_mismatch_declarative-narrow-focus_El-hombre-mira-la-luna analysis information:
Number of steps:
20
Cutoff frequencies were: 
4700 4850 5000 5150 5300 5450 5600 5750 5900 6050 6200 6350 6500 6650 6800 6950 7100 7250 7400 7550
Number of coefficients for prediction: 
5
Number of formants: 
3
Winner is:
6650 6650 6650
Errors (total,f1,f2,f3): 
667.8 652.9 667.1 580.5 579.1 606.4 676.2 662.1 600.2 548.7 528.6 513.2 494.3 484.2 491 490.1 494.8 500.7 496.5 515.6
101.9 104 110.4 107.5 111.5 112.8 117.4 114.9 108.5 106.9 108.1 107.6 108.3 111.4 111.5 113.3 115.4 118.1 120.5 127.1
298.2 251.5 275.4 220 204.4 199.9 223.5 215.1 205 192.6 194.8 191.9 185 176.9 180.1 176.2 162.9 157.2 157.7 169.5
267.7 297.4 281.3 253 263.2 293.7 335.3 332.1 286.7 249.2 225.7 213.7 201 195.9 199.4 200.6 216.5 225.4 218.3 219
Coefficients are (row-wise by formant):
526 -126.7 121.3 -59.6 185 -157.4
1881 105.8 -87.6 -151.5 95.5 154.4
2992.6 -63.9 -29.9 -58.4 254.7 -54.9
