castilian_match_declarative-broad-focus_David-leia-el-libro analysis information:
Number of steps:
20
Cutoff frequencies were: 
4700 4850 5000 5150 5300 5450 5600 5750 5900 6050 6200 6350 6500 6650 6800 6950 7100 7250 7400 7550
Number of coefficients for prediction: 
5
Number of formants: 
3
Winner is:
6350 6350 6350
Errors (total,f1,f2,f3): 
631.8 653.5 749.9 757.8 761.9 695.9 644.9 630.2 661.6 660.6 620.2 597.4 599.4 600.8 644.6 671.8 682.9 664 682.7 717.3
91.8 92.1 101 104.9 113.8 121.1 121.6 115.3 123.8 123.7 111.3 108.3 110.9 114 124 127.4 129.2 130.2 138.2 141.9
247.4 268.7 320 311.5 322.1 293.6 282.3 276.3 285.2 280.9 265 262.6 266.1 271.5 294.8 304.8 306.7 293.5 296.6 317.8
292.6 292.7 328.9 341.4 326 281.2 241 238.6 252.6 256 243.9 226.5 222.4 215.3 225.8 239.6 247 240.3 247.9 257.6
Coefficients are (row-wise by formant):
481.7 -86.9 124.1 -108.1 144 -105.7
2188.6 68.7 -222.1 -71.5 12.5 3.2
3154 -50.2 -137.2 -104.1 153.8 -94.8
