castilian_match_declarative-broad-focus_Ana-lleva-el-abrigo analysis information:
Number of steps:
20
Cutoff frequencies were: 
4700 4850 5000 5150 5300 5450 5600 5750 5900 6050 6200 6350 6500 6650 6800 6950 7100 7250 7400 7550
Number of coefficients for prediction: 
5
Number of formants: 
3
Winner is:
7100 7100 7100
Errors (total,f1,f2,f3): 
689 802.5 861.1 751.1 723.3 754.8 761.3 798.8 814.5 689.4 618.3 577 558.8 533.5 493.5 483.6 470.5 484.9 557.6 585.5
118.6 120.6 117.5 121.1 133.5 148.4 153 149.8 149.6 147.6 135.9 132.2 133.6 139.7 140.1 146.7 149.7 147.7 155.2 153.1
311.2 337 378.7 342.3 293.5 284.8 290.4 300.2 301.2 247.4 226.5 210.3 197.8 178.9 163.5 154.2 148.9 157.9 183.9 200.7
259.2 344.9 364.9 287.7 296.3 321.6 317.9 348.8 363.7 294.4 255.9 234.5 227.4 214.9 189.9 182.7 171.9 179.3 218.5 231.7
Coefficients are (row-wise by formant):
596.3 5.9 120.1 -32 266 -50.9
2087.8 -88.7 33.6 -180.9 -258 101
3315.7 20.7 76.3 -200.8 54.8 64.5
