castilian_match_interrogative-total-yn_Daniel-iba-a-Bolivia analysis information:
Number of steps:
20
Cutoff frequencies were: 
4700 4850 5000 5150 5300 5450 5600 5750 5900 6050 6200 6350 6500 6650 6800 6950 7100 7250 7400 7550
Number of coefficients for prediction: 
5
Number of formants: 
3
Winner is:
5600 5600 5600
Errors (total,f1,f2,f3): 
746.6 826.8 813.9 647.4 551.4 501 495.5 510 520.7 532.5 520.6 520.1 517.9 510.2 562.3 609.8 615 653.2 680.1 707.3
81.1 81 82.2 91.1 92.5 103.5 106.7 113 118.6 118 117.2 116.6 113.7 112.6 115.6 118.2 117.8 124.6 127.5 129.6
373.5 422.9 439.3 314.5 256.7 208.3 207.3 211.2 213.9 221.3 216.7 219.7 221.6 224.1 248.1 278.9 277.1 289.1 300.1 308.6
292 322.9 292.4 241.8 202.2 189.2 181.5 185.8 188.2 193.2 186.7 183.8 182.6 173.5 198.6 212.7 220.1 239.5 252.5 269.1
Coefficients are (row-wise by formant):
450.2 15 -22.9 -44.7 24.7 87.6
1884 168.4 -7.5 206.2 -513 23.5
2796.6 206.1 -42.6 119.6 -253 69.1
