castilian_mismatch_interrogative-total-yn_El-nino-oye-el-rio analysis information:
Number of steps:
20
Cutoff frequencies were: 
4700 4850 5000 5150 5300 5450 5600 5750 5900 6050 6200 6350 6500 6650 6800 6950 7100 7250 7400 7550
Number of coefficients for prediction: 
5
Number of formants: 
3
Winner is:
5750 5750 5750
Errors (total,f1,f2,f3): 
667 733 726.1 706.7 707.6 711.1 675 631.9 643.7 662.5 684.4 731.8 802.3 808.3 856.6 882.2 909.4 921.7 944.5 947
81.8 76.4 70.6 69.7 74.9 85.3 86.7 89.1 91.6 93.2 94.9 95.3 135.4 142.6 164.6 168.8 187.6 210.9 229.9 241.7
354.6 380.5 384.1 367.3 361.2 359.2 331.4 304.6 315.7 325.5 324.3 340.3 362 349.2 353.1 366.8 368.8 337.2 346.1 336.3
230.6 276.1 271.4 269.7 271.5 266.6 256.9 238.2 236.4 243.8 265.2 296.2 304.9 316.5 338.9 346.6 353 373.6 368.5 369
Coefficients are (row-wise by formant):
460.3 2 -37.6 -52.2 55.5 62.9
2009.5 215.9 68.4 268 -242.9 -18.4
2927.3 124.5 -16.1 60.7 -97.7 58.3
