castilian_mismatch_interrogative-total-yn_Mi-madre-come-la-fruta analysis information:
Number of steps:
20
Cutoff frequencies were: 
4700 4850 5000 5150 5300 5450 5600 5750 5900 6050 6200 6350 6500 6650 6800 6950 7100 7250 7400 7550
Number of coefficients for prediction: 
5
Number of formants: 
3
Winner is:
5600 5600 5600
Errors (total,f1,f2,f3): 
704.9 700.6 749 707.5 627.6 591.5 559.5 585.1 590 602.4 612.5 635.5 654.5 664.2 703.3 742.7 766.7 824.7 815.5 871.7
109 107.6 114.7 117.3 126.3 131.1 138.8 148.5 149.2 148.3 150.6 156 169.3 168.5 169.6 166.1 175 189 195.7 214.5
331 315.4 326.2 281.2 231.1 210.8 184.5 190 208.4 219.8 222.1 228 229.5 234.5 239.5 245 241.8 248.1 232.6 248.6
264.9 277.6 308.1 309 270.2 249.6 236.2 246.6 232.4 234.3 239.8 251.5 255.7 261.2 294.2 331.6 349.9 387.6 387.2 408.6
Coefficients are (row-wise by formant):
538.7 -58.9 -41.6 66.5 -69.5 -108.6
1779.5 162.6 -31.4 86.5 -100.9 -13.3
2723.5 95 -46.2 93.7 -140.5 -56.2
