castilian_match_declarative-narrow-focus_Daniel-iba-a-Bolivia analysis information:
Number of steps:
20
Cutoff frequencies were: 
4700 4850 5000 5150 5300 5450 5600 5750 5900 6050 6200 6350 6500 6650 6800 6950 7100 7250 7400 7550
Number of coefficients for prediction: 
5
Number of formants: 
3
Winner is:
5600 5600 5600
Errors (total,f1,f2,f3): 
680.8 753.6 718.9 691.9 583.7 573.4 518.7 526.4 543.3 551.7 553.5 556.3 555 554.8 577.6 616.7 630.5 652.1 689.9 764.5
112.4 122.3 106.5 119.3 122.8 125.3 128.6 125.7 123.5 118.4 116 119 119.2 117.8 120.7 121.3 125.1 133.5 139.8 152.7
323.9 350.2 326.2 298.9 230.1 234.3 196.3 203.4 214.3 215.5 209 201.4 200.3 203.3 217.6 239.5 248.7 256 268.4 295.4
244.5 281.1 286.2 273.7 230.8 213.8 193.8 197.3 205.5 217.8 228.5 235.9 235.5 233.7 239.3 255.9 256.7 262.6 281.7 316.4
Coefficients are (row-wise by formant):
495.8 14.1 -64.3 -39.1 138.3 -35.6
2019.5 84.8 193.8 -161.3 -417.9 146.1
2890.6 100 64.9 -52.5 -169.9 59.2
