castilian_mismatch_declarative-broad-focus_Mi-tia-odia-la-lluvia analysis information:
Number of steps:
20
Cutoff frequencies were: 
4700 4850 5000 5150 5300 5450 5600 5750 5900 6050 6200 6350 6500 6650 6800 6950 7100 7250 7400 7550
Number of coefficients for prediction: 
5
Number of formants: 
3
Winner is:
6950 6950 6950
Errors (total,f1,f2,f3): 
799.5 880.1 877 877.5 776.6 620.1 594.3 597.1 601.8 612.4 607.2 604.8 598.7 633.9 591.3 579.3 609.5 678.2 750.3 765.6
91.7 89 96.6 100.6 108.7 112.6 108.1 103.7 99.9 98.3 94.6 97.3 96.7 101.1 105.2 106.1 114.8 137.2 160.9 164.3
442.9 479.1 469.2 468 386.2 284.4 277.9 274.8 279.5 287.1 286.5 283.5 274 266.6 241.5 233.5 245.3 257.8 273.5 284.5
264.9 312 311.2 308.9 281.7 223.1 208.3 218.6 222.4 227 226.1 224 228 266.2 244.6 239.7 249.4 283.2 315.9 316.8
Coefficients are (row-wise by formant):
482.4 5.6 -101.4 -131.2 26.9 1.6
2112.8 55.7 126.4 -50.5 -141.2 -114.1
3076.4 92.8 -43.2 -159.5 -146.3 -36.5
