castilian_match_interrogative-partial-wh_Por-que-abre-el-regalo analysis information:
Number of steps:
20
Cutoff frequencies were: 
4700 4850 5000 5150 5300 5450 5600 5750 5900 6050 6200 6350 6500 6650 6800 6950 7100 7250 7400 7550
Number of coefficients for prediction: 
5
Number of formants: 
3
Winner is:
5600 5600 5600
Errors (total,f1,f2,f3): 
631 607 629.3 590 527.2 486.6 474.6 474.9 479.3 478.4 532.2 579.1 603.1 649.7 693.8 684.8 716.5 736.7 789 881.6
91.7 92.9 86 93.8 101.8 103.3 107.4 111.5 109.7 108 125 144.6 158.3 180.9 197.4 191.3 201.4 208.6 228.3 252.4
260.2 248.2 258.3 238.4 208.8 205.2 198.1 200.5 201.4 204.9 221.3 237.2 246.4 259.6 269.7 259.6 270.8 267.5 278.2 292.9
279.1 265.9 285 257.8 216.6 178.1 169.1 162.9 168.2 165.5 185.9 197.3 198.4 209.2 226.7 233.9 244.3 260.6 282.5 336.3
Coefficients are (row-wise by formant):
527.7 9.7 25.4 32.7 -110.2 65.6
1734.5 181 -245.1 0.7 -152.4 -95.1
2685.1 -28 -136.1 -78.5 -85.2 -17.5
