castilian_question_filler_Mi-esposo-conoce-al-chico analysis information:
Number of steps:
20
Cutoff frequencies were: 
4700 4850 5000 5150 5300 5450 5600 5750 5900 6050 6200 6350 6500 6650 6800 6950 7100 7250 7400 7550
Number of coefficients for prediction: 
5
Number of formants: 
3
Winner is:
5600 5600 5600
Errors (total,f1,f2,f3): 
843.6 793.7 721.2 706.5 647.3 618 608.7 636 660.7 722.1 776.5 818.5 972.1 1072.4 1210.7 1273.5 1258.5 1414.5 1467 1522.3
119.4 121.8 122.5 125.7 126.9 130.3 134.5 138.1 153.3 160.6 171.3 186.9 246.5 292.4 341.5 360.2 354.8 418.3 446.1 481.8
365.4 333.7 289.5 279.5 251.1 245.8 255.1 272.9 290.3 309.4 320.3 333.2 375.4 406.6 453.6 483.4 472.1 507.4 510.2 522
358.8 338.2 309.2 301.3 269.3 241.9 219.1 225 217.1 252.1 284.9 298.4 350.2 373.4 415.6 429.9 431.6 488.8 510.7 518.5
Coefficients are (row-wise by formant):
563.8 -19.8 -51.9 -82.4 -5.4 -28.9
1798.2 123.4 -10.3 319.1 -135.2 78.8
2801.1 73.3 -51.5 64.4 -133.1 16
