castilian_mismatch_declarative-broad-focus_Mi-madre-come-la-fruta analysis information:
Number of steps:
20
Cutoff frequencies were: 
4700 4850 5000 5150 5300 5450 5600 5750 5900 6050 6200 6350 6500 6650 6800 6950 7100 7250 7400 7550
Number of coefficients for prediction: 
5
Number of formants: 
3
Winner is:
5600 5600 5600
Errors (total,f1,f2,f3): 
792.5 819.7 829.7 751 713.3 599.4 594.5 629.4 651.6 708.2 739.1 783.4 788.2 841.8 849.7 865.1 883.9 906.6 948.8 972.8
118.6 124.1 125.2 133.5 144.8 142.9 147.6 153.5 145.1 162.1 173.9 187.5 193 216.8 233.2 250.6 273.7 283.8 293.3 301.9
364.5 360.7 379.4 324 282.7 225.6 220.1 226.3 239.9 256.4 268.4 275.1 265.8 272.9 255.6 239.7 223.3 229 256 258.3
309.4 334.9 325.1 293.5 285.8 230.9 226.8 249.6 266.6 289.7 296.8 320.8 329.4 352.1 360.9 374.8 386.9 393.8 399.5 412.6
Coefficients are (row-wise by formant):
558.8 -121.4 63.1 -31.1 -21.3 -182.6
1833.6 181.7 105.1 24 51.2 -25.7
2794.5 -5.1 132.7 -109.3 20.5 -194.4
