castilian_match_declarative-broad-focus_Manuela-vende-el-carro analysis information:
Number of steps:
20
Cutoff frequencies were: 
4700 4850 5000 5150 5300 5450 5600 5750 5900 6050 6200 6350 6500 6650 6800 6950 7100 7250 7400 7550
Number of coefficients for prediction: 
5
Number of formants: 
3
Winner is:
6350 6350 6350
Errors (total,f1,f2,f3): 
622.2 637.2 701.4 731.2 626.1 618.9 584.6 581.6 587.5 551.3 541.6 538.2 570.9 618 671.7 716.3 758.2 778.9 799.1 812.9
124.9 135.8 123.8 128.8 150 179.9 183.3 176.1 179.3 178.5 176.1 171.2 174.7 187.7 198.6 206.9 221 227.3 232.6 239
218.4 231.1 298.5 314.3 234.4 198 171.6 169.7 167.4 155.4 150.2 153.1 164.5 183.4 202.6 217.2 222.6 232 240.9 249.1
278.9 270.3 279.1 288.1 241.7 241 229.7 235.8 240.8 217.4 215.3 213.9 231.7 246.9 270.5 292.2 314.6 319.6 325.6 324.8
Coefficients are (row-wise by formant):
576.2 -106.5 152.3 -15.6 -16.5 31.3
1930.7 15.7 -125.4 -15.6 156.3 -47.7
2893.2 23.8 11.8 -32.2 108.8 -105.2
