castilian_mismatch_declarative-narrow-focus_La-nina-lava-el-plato analysis information:
Number of steps:
20
Cutoff frequencies were: 
4700 4850 5000 5150 5300 5450 5600 5750 5900 6050 6200 6350 6500 6650 6800 6950 7100 7250 7400 7550
Number of coefficients for prediction: 
5
Number of formants: 
3
Winner is:
6350 6350 6350
Errors (total,f1,f2,f3): 
792.6 782.8 787.8 785.1 730.4 586 595.2 626.4 584.8 506.4 480.9 474.2 490.2 509.4 540.9 557 570.1 579.5 567.7 616
118 112 110.1 110.5 110.5 107 118.2 123.2 116.2 111.2 110.1 113 116.5 117 117.3 116.3 117.7 121.8 124.2 132.5
376.9 348.5 337.9 328.8 293.5 223.7 226 219.1 197.1 168.4 166.4 164.5 172.7 183.4 195.1 202.1 208.8 206.8 175.6 185.8
297.7 322.3 339.8 345.8 326.4 255.3 251 284.1 271.5 226.8 204.4 196.7 201 209 228.5 238.6 243.6 250.9 267.9 297.7
Coefficients are (row-wise by formant):
563.5 -95.8 52.2 -90.4 52.8 69.4
1908.5 213.1 131.1 -72.8 -138.7 -214.7
3011.8 55.7 160.2 -136.2 -134.7 -92.5
