castilian_match_interrogative-partial-wh_Cuando-lleva-el-abrigo analysis information:
Number of steps:
20
Cutoff frequencies were: 
4700 4850 5000 5150 5300 5450 5600 5750 5900 6050 6200 6350 6500 6650 6800 6950 7100 7250 7400 7550
Number of coefficients for prediction: 
5
Number of formants: 
3
Winner is:
7400 7400 7400
Errors (total,f1,f2,f3): 
755.5 776.3 724 626.7 542.5 572.3 563 566.8 562.8 547.8 554.4 573 608.9 616.5 570.4 548.3 510.4 492.9 490.9 519.3
71.4 71.2 72 76.1 82.8 88.4 86.5 83.9 77.8 70.3 67 66 75.7 87.8 89 90.5 92.2 94.4 96.9 102
373.8 374.6 351.9 296.7 248.4 260.9 247.7 253.3 262.4 261.9 259.7 255.5 257.6 248.4 216.5 202.4 192.3 184.5 184.1 196.5
310.3 330.5 300.1 253.9 211.3 223 228.8 229.6 222.6 215.6 227.7 251.5 275.6 280.3 264.9 255.4 225.9 214 209.9 220.8
Coefficients are (row-wise by formant):
494.1 37.2 16.7 52.5 156.4 -10.4
2093.5 -39.9 17.5 -63.4 -156.6 281
3296.4 -103.2 201.7 -62.9 132.8 191.4
