castilian_match_interrogative-total-yn_Maria-bebe-el-vino analysis information:
Number of steps:
20
Cutoff frequencies were: 
4700 4850 5000 5150 5300 5450 5600 5750 5900 6050 6200 6350 6500 6650 6800 6950 7100 7250 7400 7550
Number of coefficients for prediction: 
5
Number of formants: 
3
Winner is:
5600 5600 5600
Errors (total,f1,f2,f3): 
749.1 727.1 776.9 712.4 586.4 488.3 449.6 461.5 474.5 479 477.2 470.6 475.7 473.4 469.1 470.6 483.8 512.9 524.7 539.5
80.3 80.8 86.3 94.7 102.8 103.9 102.6 102 100.5 95.8 85.6 74.1 75.2 86.7 92.8 94.7 95.5 95.9 95.4 94
407.2 378.2 392.2 331.3 237.8 181.3 162.2 166.7 169.2 169.5 173.3 179.4 185.2 180.5 175.6 182.1 183 192.9 195.8 211.4
261.6 268.1 298.4 286.4 245.8 203.1 184.8 192.8 204.8 213.7 218.3 217.1 215.3 206.2 200.7 193.8 205.3 224.1 233.5 234.1
Coefficients are (row-wise by formant):
467.7 70.4 18.1 -62.5 -13 72.3
1973 189.1 -188 189 -255.6 -145.9
2862.7 99.3 -86.4 131.3 -306.7 -114.2
