castilian_match_declarative-broad-focus_Emilio-ama-la-marcha analysis information:
Number of steps:
20
Cutoff frequencies were: 
4700 4850 5000 5150 5300 5450 5600 5750 5900 6050 6200 6350 6500 6650 6800 6950 7100 7250 7400 7550
Number of coefficients for prediction: 
5
Number of formants: 
3
Winner is:
5750 5750 5750
Errors (total,f1,f2,f3): 
733.7 798.9 835.1 746 634.9 596.9 577.1 568.2 587.9 569.2 589.1 628.1 646.1 683.7 719.7 768.8 792.6 828 906.8 1031.9
175.7 175.8 168.5 176.2 164.1 163 163 157 153.8 154.7 165.7 179 188.8 201.6 211.4 221.7 232.5 240.1 253.6 276
287.3 270.6 264.7 209.7 168.4 166.5 173.9 181.6 188.2 171.6 171.9 180.7 176.4 193.2 212 232.1 238.9 249.5 282.8 334.8
270.7 352.5 401.9 360.1 302.4 267.4 240.2 229.6 245.9 242.9 251.5 268.4 280.9 288.9 296.3 315 321.2 338.4 370.4 421.1
Coefficients are (row-wise by formant):
622 -182.1 16 -111.1 102.2 -10.8
1836.1 192.5 260.9 -19.3 -65.4 -131.8
2868.6 -88.4 299.9 -66.3 -27.8 -136.6
