castilian_mismatch_interrogative-partial-wh_Cuando-comia-la-fruta analysis information:
Number of steps:
20
Cutoff frequencies were: 
4700 4850 5000 5150 5300 5450 5600 5750 5900 6050 6200 6350 6500 6650 6800 6950 7100 7250 7400 7550
Number of coefficients for prediction: 
5
Number of formants: 
3
Winner is:
4700 4700 4700
Errors (total,f1,f2,f3): 
658.9 719.9 727.9 701.6 661.7 728.1 765.4 747.8 693.8 694.8 718.6 736.4 772.2 795.9 829.6 832.5 819.1 812.4 824.8 839.1
114.4 121.3 120.1 123.5 131.5 144 141.4 137.2 138 146.5 154.8 158.8 175.2 186 191.4 199.1 200.1 206.3 203.4 203.9
260.6 291.5 283.8 298.7 273.6 274.2 280.4 263.6 258.1 270.1 282.6 277.4 262 266.7 261 251.1 238.7 236.4 248 254
283.9 307.1 324 279.4 256.6 309.9 343.6 347 297.7 278.2 281.2 300.2 335 343.2 377.2 382.3 380.3 369.7 373.4 381.2
Coefficients are (row-wise by formant):
540.8 -25.8 -4.2 57.2 39.1 -28.6
1346.1 -156.7 -50.3 180.4 39.8 192.5
2121.3 -50.4 -79.6 143.7 -46.1 238.6
