castilian_mismatch_declarative-broad-focus_El-nino-oye-el-rio analysis information:
Number of steps:
20
Cutoff frequencies were: 
4700 4850 5000 5150 5300 5450 5600 5750 5900 6050 6200 6350 6500 6650 6800 6950 7100 7250 7400 7550
Number of coefficients for prediction: 
5
Number of formants: 
3
Winner is:
4700 4700 4700
Errors (total,f1,f2,f3): 
601.1 692.2 723.1 713 640.1 640.4 664.8 662.5 674.1 636.3 647.2 655.9 667.7 703.5 782.6 740.6 797.7 850.4 821.9 900.3
69.9 79.2 88.3 100.6 100.2 102.1 104.7 105.1 114.4 109.8 115.3 114.5 149 168.5 177 182 214.9 225.7 221.8 257.4
301.8 355.2 395 385.2 339.4 331.3 340.3 341.5 333 286.3 282.3 285.2 262.7 275.6 327.9 314.7 322.4 336.5 312.8 336.1
229.4 257.8 239.8 227.2 200.5 207 219.8 215.9 226.7 240.2 249.6 256.2 256 259.4 277.7 243.9 260.4 288.2 287.3 306.8
Coefficients are (row-wise by formant):
402.1 1.9 -14.4 48.5 38.9 5.9
1678.8 -142 194.9 424.8 -117 -37.4
2561.8 13.7 18.1 223 -220.2 -8.9
