castilian_mismatch_interrogative-partial-wh_Cuando-lavaba-el-plato analysis information:
Number of steps:
20
Cutoff frequencies were: 
4700 4850 5000 5150 5300 5450 5600 5750 5900 6050 6200 6350 6500 6650 6800 6950 7100 7250 7400 7550
Number of coefficients for prediction: 
5
Number of formants: 
3
Winner is:
5900 5900 5900
Errors (total,f1,f2,f3): 
644.9 635.7 647.7 603.3 701.6 511.9 500.6 468.1 431.2 436.4 447.5 468.8 470 482.6 478.5 474.7 447.9 467.7 550.8 646.6
85.9 85.9 87.9 82.3 88.2 90.1 96.1 95.3 92.3 90.5 92.2 97.7 97.7 98.8 99.3 102 107.8 112.5 123.7 142
263.9 250.1 240.4 207.8 233.8 164.3 156.7 144.8 147.1 154.7 157.4 162.2 161.6 164.7 159.8 153.3 138.8 147.6 175.3 209.1
295.1 299.7 319.4 313.2 379.6 257.5 247.8 228 191.8 191.2 197.9 208.9 210.7 219.1 219.4 219.4 201.3 207.6 251.8 295.5
Coefficients are (row-wise by formant):
566.4 27.1 -30.3 -34.4 -61.3 144.5
1609.1 11.1 -119.2 95.4 -54.8 -66.2
2731.7 8.7 -48.2 -4.4 -195 19.1
