castilian_mismatch_declarative-narrow-focus_El-nino-oye-el-rio analysis information:
Number of steps:
20
Cutoff frequencies were: 
4700 4850 5000 5150 5300 5450 5600 5750 5900 6050 6200 6350 6500 6650 6800 6950 7100 7250 7400 7550
Number of coefficients for prediction: 
5
Number of formants: 
3
Winner is:
5300 5300 5300
Errors (total,f1,f2,f3): 
742.4 725.5 622.4 606.5 597.2 610.9 625.7 659 714.1 718 703 722.4 758.7 844.8 842.4 881 900.3 880.7 825.4 827.4
88.2 75 63 67.7 78.8 80 74.1 73.4 83.3 89.7 92.5 100.2 103.2 130.7 150.9 161.2 167.8 183 192.6 200.2
370.3 354.9 312.6 320.3 323 340 345.8 359.1 360.7 342.3 324 328.5 349 385.7 373.9 381.9 394.9 374 346.3 341
283.9 295.6 246.8 218.5 195.4 190.9 205.8 226.5 270.1 286 286.5 293.7 306.5 328.4 317.6 337.9 337.6 323.7 286.5 286.2
Coefficients are (row-wise by formant):
424.4 8.2 -25 7.6 41.4 51.4
1869.4 -18.1 -1.7 316.5 -14.9 134.2
2827.2 160.6 -61.8 157.2 -28.8 66.9
