castilian_mismatch_interrogative-total-yn_La-maestra-vive-en-Paris analysis information:
Number of steps:
20
Cutoff frequencies were: 
4700 4850 5000 5150 5300 5450 5600 5750 5900 6050 6200 6350 6500 6650 6800 6950 7100 7250 7400 7550
Number of coefficients for prediction: 
5
Number of formants: 
3
Winner is:
5450 5450 5450
Errors (total,f1,f2,f3): 
729.8 846.2 866.1 859.5 745 657.8 676.4 658.8 748.1 772 790.6 795.3 772.1 763.5 789.6 904.1 998.9 1066 1147 1202.8
99.3 97.6 92.5 113.1 128.5 147.5 166.8 160.9 195.2 208.5 215.8 222.1 227.8 222.5 237.9 271.7 302.1 327.7 369.8 391.6
356 409.1 414.6 385.5 306.2 255.3 260 250 270.4 267 265.2 258.3 251.9 253.3 266.8 295.4 322.1 340.4 359.5 373.3
274.5 339.5 359 360.9 310.3 255 249.6 247.9 282.5 296.5 309.6 314.9 292.4 287.7 284.9 337 374.7 397.9 417.7 437.9
Coefficients are (row-wise by formant):
517.6 37.9 22.9 -22.2 -6.4 -55.6
1951.1 -72.6 -26.7 30.6 -57.3 -66.2
2819.9 1.7 36.4 -14.1 -69 15.7
