castilian_match_interrogative-partial-wh_Cuando-vendia-el-carro analysis information:
Number of steps:
20
Cutoff frequencies were: 
4700 4850 5000 5150 5300 5450 5600 5750 5900 6050 6200 6350 6500 6650 6800 6950 7100 7250 7400 7550
Number of coefficients for prediction: 
5
Number of formants: 
3
Winner is:
5450 5450 5450
Errors (total,f1,f2,f3): 
620.2 695.6 721.1 715.6 602.1 498.5 520.4 532.8 565.4 575.5 586.5 584 593.9 607.7 631.5 670.7 685.2 692.6 722.1 724.8
99.8 102 101.2 103 104.4 102.4 101.3 104.5 110.4 112.9 112.1 110.9 110.7 109.8 112.9 120.8 126.7 128.5 135.8 141.2
286 322.2 353.9 359.1 284.8 212.7 221.7 227.5 250.9 260.6 262.2 263.7 265.5 265.5 283.3 276.1 273.9 230.9 221.9 211.1
234.4 271.4 266 253.5 212.9 183.4 197.4 200.8 204.1 202 212.2 209.4 217.7 232.4 235.3 273.8 284.6 333.2 364.4 372.5
Coefficients are (row-wise by formant):
516.2 -30.2 27.1 116.3 -45.7 67.5
1700.8 85.5 -515 -63.6 20.5 188.9
2648.4 123.1 -303.1 -51.9 37 126.9
