castilian_match_declarative-narrow-focus_Emilio-ama-la-marcha analysis information:
Number of steps:
20
Cutoff frequencies were: 
4700 4850 5000 5150 5300 5450 5600 5750 5900 6050 6200 6350 6500 6650 6800 6950 7100 7250 7400 7550
Number of coefficients for prediction: 
5
Number of formants: 
3
Winner is:
5900 5900 5900
Errors (total,f1,f2,f3): 
689.3 747.9 829.6 807.4 702.3 669.8 636.7 599.5 580.6 584.8 606 621.1 638.6 670.5 690.1 713.9 719.4 792.9 856.9 905.5
163 177.2 167.2 174.2 178.2 179.5 182.6 170.9 168.8 167.7 173.5 177.9 184.6 191.2 200.1 203.1 205.6 218 225.1 239.7
270.2 273.1 306.2 281.6 222.4 202.6 190 189.5 185.8 192.1 199.7 205.7 213.8 228.8 221 232 240.4 264.8 286.1 273
256.1 297.6 356.2 351.6 301.7 287.7 264.1 239.1 226 225 232.8 237.5 240.2 250.5 269 278.8 273.4 310.1 345.7 392.8
Coefficients are (row-wise by formant):
626.1 -207.9 50.1 -115.7 114.4 -60.9
1924 244 284.6 -48.5 -86.1 -154.8
2923.9 -49.4 208.6 -114.2 30.8 -151.2
