castilian_mismatch_interrogative-partial-wh_Por-que-oia-el-rio analysis information:
Number of steps:
20
Cutoff frequencies were: 
4700 4850 5000 5150 5300 5450 5600 5750 5900 6050 6200 6350 6500 6650 6800 6950 7100 7250 7400 7550
Number of coefficients for prediction: 
5
Number of formants: 
3
Winner is:
5450 5450 5450
Errors (total,f1,f2,f3): 
745.3 736.5 664.5 619.2 621.1 609.5 638.6 652.8 657.9 676.9 693.4 711.3 742.9 770.6 782.7 782.4 791.9 756.2 715.1 716.1
68.5 70.2 76.5 76.2 78.6 78.4 77.9 78 78.2 76.8 76 77.8 80 86.7 91.4 113.7 124.2 121.9 124.5 128.8
387.4 375.1 333.4 305.6 309.3 307.1 314.6 322.1 326.3 334.1 344.6 347 350.4 342 340.1 331.4 329.7 327.2 312 306.2
289.4 291.2 254.6 237.4 233.2 224 246.1 252.7 253.4 266 272.8 286.5 312.5 341.9 351.2 337.3 338 307.1 278.6 281.1
Coefficients are (row-wise by formant):
496.3 25 7.5 -33.1 13.5 -5.4
1873 -5.6 -288.2 25.2 -164.8 125.1
2700.6 -50.7 -226.6 40.2 -116.8 129.3
