castilian_match_declarative-narrow-focus_Mariano-habla-del-tiempo analysis information:
Number of steps:
20
Cutoff frequencies were: 
4700 4850 5000 5150 5300 5450 5600 5750 5900 6050 6200 6350 6500 6650 6800 6950 7100 7250 7400 7550
Number of coefficients for prediction: 
5
Number of formants: 
3
Winner is:
6050 6050 6050
Errors (total,f1,f2,f3): 
750.2 787.7 783.7 754.9 675.6 638.6 616.1 594.7 580 547.6 573.1 582.1 587 630.4 653 705.5 722.2 762.9 841.9 902.2
101.3 104.9 107.9 118.5 125.6 127.4 125.4 124.6 123.6 119.3 142.4 146.6 145 166.6 178.3 193.3 204.3 216.4 248.6 271.8
355.1 350.8 336 294.1 239.5 232.1 225.7 227.8 230.6 215.2 219.4 223.6 215.6 218.4 225.7 250.1 249 254.4 260.8 274.3
293.8 332 339.8 342.3 310.5 279.1 265 242.3 225.8 213.1 211.3 211.9 226.4 245.4 249 262.1 268.9 292.1 332.5 356.1
Coefficients are (row-wise by formant):
471 90.6 -70.7 -83.7 -45.4 -3.4
1867.4 126.3 -9.2 246.1 -95.1 -171.3
2844.9 103.5 -56.5 142.1 -79.6 -300.1
