castilian_mismatch_interrogative-partial-wh_Por-que-odiaba-la-lluvia analysis information:
Number of steps:
20
Cutoff frequencies were: 
4700 4850 5000 5150 5300 5450 5600 5750 5900 6050 6200 6350 6500 6650 6800 6950 7100 7250 7400 7550
Number of coefficients for prediction: 
5
Number of formants: 
3
Winner is:
6200 6200 6200
Errors (total,f1,f2,f3): 
725.3 768.5 832.2 841 772.9 648.7 646.4 671 642.7 617.5 609 635.8 652.5 703.9 700.4 714.7 735.3 748.5 761.1 744.5
84.5 84.5 84.8 87.6 91.5 93 93.3 95.8 94 93.1 93.1 98.1 101.4 117 118.8 125.2 131.4 130.9 137.8 132.6
383.2 386.2 394.1 388.3 348.7 289.1 285.3 293.3 279.8 269 263.6 271.5 279.2 300.3 301 302.6 302.3 303 308.3 309.2
257.6 297.8 353.3 365.1 332.7 266.6 267.8 281.9 268.9 255.4 252.3 266.2 271.9 286.6 280.6 286.9 301.6 314.6 315 302.7
Coefficients are (row-wise by formant):
501.8 16.9 3.1 -34.1 95.9 -15.7
1855.6 -110.2 -39.1 -23.2 -169.9 -6.6
2829.6 -163.2 -70.8 -62.9 -13.6 -62.4
