castilian_match_interrogative-total-yn_David-leia-el-libro analysis information:
Number of steps:
20
Cutoff frequencies were: 
4700 4850 5000 5150 5300 5450 5600 5750 5900 6050 6200 6350 6500 6650 6800 6950 7100 7250 7400 7550
Number of coefficients for prediction: 
5
Number of formants: 
3
Winner is:
5600 5600 5600
Errors (total,f1,f2,f3): 
748.3 702.1 715.9 639.3 538.9 491.2 482.6 487.7 493 490.5 502.8 504.9 514.2 543.6 580.7 620.4 663.1 668.1 675 716.7
78.7 79.2 80.2 84.9 90.4 92.4 92.2 90.6 89.3 93.2 100.7 94.3 90.3 91.1 97.4 107.6 125.9 125.4 127.1 146.9
371.8 336.1 339.4 274.1 234.2 229 227.1 232.1 239.1 234.1 238.1 248.8 258 273.1 280.9 281 281.9 281.5 278.9 279.3
297.8 286.8 296.3 280.3 214.3 169.8 163.3 165 164.6 163.2 164 161.8 165.9 179.4 202.4 231.8 255.3 261.2 269 290.5
Coefficients are (row-wise by formant):
438.7 11.2 12.6 -34.3 49.4 -11.5
2050.3 212.4 -435.5 62.9 -151.7 86
2938.6 176.2 -247.6 81.3 -48.9 42.7
