castilian_match_interrogative-partial-wh_Cuando-leia-el-libro analysis information:
Number of steps:
20
Cutoff frequencies were: 
4700 4850 5000 5150 5300 5450 5600 5750 5900 6050 6200 6350 6500 6650 6800 6950 7100 7250 7400 7550
Number of coefficients for prediction: 
5
Number of formants: 
3
Winner is:
7100 7100 7100
Errors (total,f1,f2,f3): 
629 573.8 575.2 534.6 508.4 499.9 514.9 543.7 557.2 513.1 507.7 496.2 493.4 490.5 482.2 466 438.8 445.3 455.5 478.7
72.5 71.5 73.1 76.7 81.6 83.4 82.5 80.1 77.9 74.6 73.5 71.8 71.6 72.6 75.3 86.5 83.4 84.1 84.6 83.9
307.7 268 256.9 227.4 213.7 198.6 202.1 211.5 221.5 220.7 218.8 216.1 213.7 209.9 202.4 195.5 180.4 177.9 186.1 199.3
248.8 234.3 245.2 230.5 213.1 217.9 230.3 252.1 257.8 217.8 215.4 208.3 208.1 208 204.5 184 175 183.3 184.8 195.5
Coefficients are (row-wise by formant):
463.4 73.8 95.5 28.8 99.8 25.7
2030.3 -129.5 -423.4 76.2 -95.8 310.9
3187.6 -44.1 -37.1 108.2 31.1 123.2
