castilian_mismatch_declarative-narrow-focus_Mi-madre-come-la-fruta analysis information:
Number of steps:
20
Cutoff frequencies were: 
4700 4850 5000 5150 5300 5450 5600 5750 5900 6050 6200 6350 6500 6650 6800 6950 7100 7250 7400 7550
Number of coefficients for prediction: 
5
Number of formants: 
3
Winner is:
5450 5450 5450
Errors (total,f1,f2,f3): 
714.3 769.9 774 724.2 581 531.7 540 565.2 624.5 695.8 753.1 825.8 867.4 909.2 951.5 978.5 1022.2 1097 1127.5 1173
130.2 137.7 127.4 141.9 141.3 141.7 150.5 159.2 166.1 185.1 199.6 223.4 223.7 239 271.3 298.4 312.1 314.6 328.1 335.1
291.7 322.3 335 296.5 215.2 194.8 196.7 206 232.7 255.3 267.4 292.2 307.5 310.6 300.9 288.6 304.1 316.1 332.4 350.9
292.4 309.9 311.6 285.8 224.5 195.2 192.8 200 225.7 255.4 286.1 310.2 336.2 359.6 379.3 391.5 406 466.3 467 487
Coefficients are (row-wise by formant):
566 -115.6 22.2 -30.9 -8.6 -167.5
1823.1 108.5 66 28.6 -30 -33.8
2802.1 -45.7 80.2 -53.6 10.9 -185.5
