castilian_mismatch_declarative-broad-focus_El-hombre-mira-la-luna analysis information:
Number of steps:
20
Cutoff frequencies were: 
4700 4850 5000 5150 5300 5450 5600 5750 5900 6050 6200 6350 6500 6650 6800 6950 7100 7250 7400 7550
Number of coefficients for prediction: 
5
Number of formants: 
3
Winner is:
6800 6800 6800
Errors (total,f1,f2,f3): 
579.1 537.6 500.1 502.7 579.9 586.4 581.6 571 541.7 518.6 481.2 469.5 480.4 467.7 461 463.9 483.9 519.5 580.1 660.6
118.9 118.2 106.1 108.6 126 127.4 128.5 128.5 118.7 111.1 104.3 99.6 99.9 102.8 105.1 105.1 105.8 108.4 112 121.5
225.6 215 203.6 195.6 205.7 204.7 205 202.1 201.3 198.6 199.6 204.4 207.8 195.5 195.3 191.8 188.6 200.4 216.1 245.8
234.6 204.4 190.4 198.5 248.2 254.3 248.1 240.4 221.7 208.9 177.3 165.5 172.7 169.4 160.6 167 189.5 210.7 252 293.3
Coefficients are (row-wise by formant):
534.4 -176.3 168.6 -102.4 167 -146.1
1969.8 8.8 -15.6 -55.4 104.1 197.8
2991.5 -184.1 135.7 -118.5 256.6 -26.3
