castilian_match_interrogative-total-yn_Emilio-ama-la-marcha analysis information:
Number of steps:
20
Cutoff frequencies were: 
4700 4850 5000 5150 5300 5450 5600 5750 5900 6050 6200 6350 6500 6650 6800 6950 7100 7250 7400 7550
Number of coefficients for prediction: 
5
Number of formants: 
3
Winner is:
4700 4700 4700
Errors (total,f1,f2,f3): 
644.5 769.7 832.5 775.2 752.8 678.5 649.5 653.7 670.4 670.6 667.4 661.8 680.8 682.4 687.5 724 757.1 835.4 895.9 898.2
138.8 137.8 136.3 155.3 165.9 167.8 166.9 172.4 168.1 162.1 165.1 165.4 173 179.7 183.3 188.1 205.7 220.8 235.8 245.4
286.3 311.4 342.9 284 261.6 219 213.7 216.2 226.9 230.9 227.1 213.5 214.7 219.7 223.9 240.4 240.7 279.3 309.2 315.3
219.4 320.5 353.3 335.9 325.3 291.7 268.9 265.1 275.4 277.6 275.2 282.9 293.1 283 280.3 295.5 310.7 335.3 350.9 337.5
Coefficients are (row-wise by formant):
474.9 -8.4 -72.5 11.3 1.1 49.5
1443.6 313.2 174.8 105.5 2.8 -6.3
2152 348.4 269.8 138.2 -64.6 -77
