castilian_match_interrogative-partial-wh_Por-que-ama-la-navidad analysis information:
Number of steps:
20
Cutoff frequencies were: 
4700 4850 5000 5150 5300 5450 5600 5750 5900 6050 6200 6350 6500 6650 6800 6950 7100 7250 7400 7550
Number of coefficients for prediction: 
5
Number of formants: 
3
Winner is:
5750 5750 5750
Errors (total,f1,f2,f3): 
747.7 774.5 772.5 733.8 723.8 650.3 573.9 537.8 542.6 548.8 545.5 588.2 589.4 605.5 626.7 656.5 681.5 698.2 711.5 724.3
124.1 132.2 135.5 147 159.9 167.5 174.8 177.7 179.1 178 174.8 170.3 166.2 162.2 164.7 164.1 176.6 179.4 184.9 200
357.4 340 326.7 287.5 262 215.6 183.7 176.5 177 179.2 182.7 200.2 200.9 204.8 209.3 228.3 230.2 223.5 206.7 199.9
266.2 302.3 310.3 299.3 301.9 267.2 215.4 183.6 186.5 191.6 188 217.7 222.3 238.5 252.7 264.1 274.7 295.3 319.9 324.4
Coefficients are (row-wise by formant):
563.8 -4.8 -4.9 -57.5 -6.4 -4.2
1811.4 -143.2 -6 75.8 -330.3 -114.1
2746 -195.4 39.2 62.8 -126 -163
