castilian_match_declarative-narrow-focus_Ana-lleva-el-abrigo analysis information:
Number of steps:
20
Cutoff frequencies were: 
4700 4850 5000 5150 5300 5450 5600 5750 5900 6050 6200 6350 6500 6650 6800 6950 7100 7250 7400 7550
Number of coefficients for prediction: 
5
Number of formants: 
3
Winner is:
7100 7100 7100
Errors (total,f1,f2,f3): 
632.2 685.9 790.7 721 705.5 751.7 788.8 751.8 762.7 725.1 668.5 660.6 660.4 546.8 515.7 510.6 508.6 521.1 536.8 558.5
108.7 117.3 118.1 124.8 130.3 144.2 146.9 130.9 134 146.5 147.8 148.1 146 145.7 147.9 151.3 153.8 154.9 159.6 155.9
312 331.4 356.2 314.1 301 308.8 311.4 296.3 283.9 251.5 227.9 223.3 230.1 183.3 166.5 163.6 164.3 174.3 184 206
211.5 237.2 316.4 282.1 274.2 298.7 330.5 324.6 344.8 327.1 292.8 289.2 284.3 217.8 201.3 195.7 190.5 191.9 193.2 196.6
Coefficients are (row-wise by formant):
568.5 2.9 116.3 -24.7 190.8 46.6
2082.1 -151.4 48.5 -80.5 -265.1 65.1
3296.9 -104.2 232.5 -123.7 -134.9 111.9
