castilian_mismatch_interrogative-total-yn_La-nina-lava-el-plato analysis information:
Number of steps:
20
Cutoff frequencies were: 
4700 4850 5000 5150 5300 5450 5600 5750 5900 6050 6200 6350 6500 6650 6800 6950 7100 7250 7400 7550
Number of coefficients for prediction: 
5
Number of formants: 
3
Winner is:
6200 6200 6200
Errors (total,f1,f2,f3): 
602.6 594.7 584.3 655.7 645.8 661.1 624 637.7 570 506.3 473.7 474.7 498.2 545.8 588.5 611.2 568.5 572.4 655.9 666.4
92.6 85.9 84.5 88.9 97.3 101.6 104 103.4 101.7 99.6 98.3 96.8 99.2 100.9 103.9 106.2 105.4 105 123.7 124.9
271.7 252.9 228.7 273 263 274.1 256.9 244.3 204.3 179.4 173.6 177.5 190 227.3 250.3 259.4 221.3 207.9 232.6 234.3
238.3 255.9 271.1 293.8 285.5 285.4 263.1 290 264 227.3 201.8 200.4 209 217.6 234.3 245.6 241.8 259.5 299.6 307.2
Coefficients are (row-wise by formant):
514 -17.8 -41.6 -24 20.7 105.4
1832.1 408.5 0.8 -12.6 -252.5 -155
2900.2 219.7 82.9 -90.8 -163.3 50.5
