chilean_mismatch_interrogative-total-yn_El-bebe-comia-muy-bien analysis information:
Number of steps:
20
Cutoff frequencies were: 
4700 4850 5000 5150 5300 5450 5600 5750 5900 6050 6200 6350 6500 6650 6800 6950 7100 7250 7400 7550
Number of coefficients for prediction: 
5
Number of formants: 
3
Winner is:
6200 6200 6200
Errors (total,f1,f2,f3): 
819.9 863.3 833.4 807.4 798.6 789.1 737.6 677.6 663.7 659.9 652.4 655.6 721.5 766.2 776.4 807.5 822.1 895.5 945.5 996
106.6 104.8 102.8 102.7 104.2 107.4 108.3 109.6 121 127.3 123.8 122.8 138 144.4 143.7 145.3 159.1 180.8 199.8 209.5
418.1 449.7 426.2 403.9 401.3 399.4 376.9 346 328.6 325.2 315.6 325.3 343.6 364 370.8 383.5 384.1 387.6 378 379.8
295.2 308.8 304.4 300.8 293.1 282.3 252.4 222 214.1 207.4 213 207.5 239.9 257.8 261.9 278.7 278.9 327.1 367.7 406.7
Coefficients are (row-wise by formant):
476.4 13.4 -21.1 -7 -53.3 25.9
2019.9 -77 198.9 64.2 -31.6 157.1
2936.9 -135.8 -35.4 35.6 35.8 96.4
