chilean_mismatch_interrogative-total-yn_La-maestra-vive-en-Paris analysis information:
Number of steps:
20
Cutoff frequencies were: 
4700 4850 5000 5150 5300 5450 5600 5750 5900 6050 6200 6350 6500 6650 6800 6950 7100 7250 7400 7550
Number of coefficients for prediction: 
5
Number of formants: 
3
Winner is:
5000 5000 5000
Errors (total,f1,f2,f3): 
629.9 567.7 559.7 580.1 635.1 609.8 628.7 650.3 685 690 675.9 705 709.7 728.1 785.2 825.7 862.3 922.7 974.2 1025.9
116.5 112 112.8 116.2 119.8 145.8 215.4 237.2 242.6 248.5 249.5 254.3 265.7 267 284.6 294.3 304.4 311.4 320 348.6
257.2 203.5 191.7 205.9 224.2 196.5 192.2 210.1 227.7 224.3 221.8 209.5 197.4 194.8 201.6 209.7 213.6 227.4 238.8 259.8
256.2 252.2 255.2 258 291.1 267.5 221.1 203 214.7 217.2 204.6 241.2 246.6 266.3 299 321.7 344.3 383.9 415.4 417.5
Coefficients are (row-wise by formant):
512.5 103.7 22.6 17.5 -9.4 18.7
1812.9 -201.6 50.9 -110.2 -8.3 201.5
2429.2 -140.5 -34.5 -75 52.4 218.8
