chilean_match_declarative-narrow-focus_Marta-abre-el-regalo analysis information:
Number of steps:
20
Cutoff frequencies were: 
4700 4850 5000 5150 5300 5450 5600 5750 5900 6050 6200 6350 6500 6650 6800 6950 7100 7250 7400 7550
Number of coefficients for prediction: 
5
Number of formants: 
3
Winner is:
5750 5750 5750
Errors (total,f1,f2,f3): 
460.5 382.2 401.6 366 307.9 303.2 296.8 296.2 301.7 321.9 349.4 362.8 348.3 385.3 423.2 519.6 573 586.2 620.7 625.6
64.2 59.6 77.1 87.7 90.7 92.5 93.8 95.9 95.1 93.4 93.5 93.1 92.5 99.7 103.3 112.8 119.1 123.7 134.3 142.3
195.5 136.4 142.6 122.3 120.7 125.6 130.1 132.3 134 138.1 145 146.7 150.7 158.3 162.2 171.1 176.4 175.3 168.5 163.9
200.8 186.2 181.9 156 96.5 85.1 72.9 68 72.6 90.4 110.9 123 105.1 127.3 157.7 235.7 277.5 287.2 317.9 319.4
Coefficients are (row-wise by formant):
596.2 96.8 36 -50 -71 35.8
1690.9 -68.7 -104.4 75.1 -136.3 28.8
2428.9 112.9 97.2 43.8 11 -28.5
