chilean_match_interrogative-partial-wh_Cuando-bebia-el-vino analysis information:
Number of steps:
20
Cutoff frequencies were: 
4700 4850 5000 5150 5300 5450 5600 5750 5900 6050 6200 6350 6500 6650 6800 6950 7100 7250 7400 7550
Number of coefficients for prediction: 
5
Number of formants: 
3
Winner is:
5600 5600 5600
Errors (total,f1,f2,f3): 
713 684 693.1 678.8 646.4 570.6 559 577.4 688.5 599 623.2 765.6 823.6 847.7 852 904.1 950.7 965.7 1011.8 1024.3
86 83.7 82.6 81.9 82.9 84.7 86.6 94.7 149.1 154.1 152.8 211.8 231 237.2 236 248 258.9 256.9 264.7 268.9
293.4 275.3 295.5 294.5 287.4 252.6 237.3 240.7 269 224.3 237.9 278.5 293.9 295.6 303.3 324.2 330.7 342.5 359.5 355.9
333.6 325 315 302.4 276.1 233.3 235.1 242 270.4 220.6 232.5 275.3 298.7 314.9 312.7 331.9 361.1 366.3 387.6 399.5
Coefficients are (row-wise by formant):
429 61.8 79.3 -51.5 68.6 29.5
1738.6 -50.8 -471.9 179 -48.1 241.7
2598.5 -161.8 -173 108.1 89 219.6
