chilean_match_declarative-broad-focus_Ana-lleva-el-abrigo analysis information:
Number of steps:
20
Cutoff frequencies were: 
4700 4850 5000 5150 5300 5450 5600 5750 5900 6050 6200 6350 6500 6650 6800 6950 7100 7250 7400 7550
Number of coefficients for prediction: 
5
Number of formants: 
3
Winner is:
5150 5150 5150
Errors (total,f1,f2,f3): 
804.1 887.8 728 621.8 657.2 635.5 683.2 663.8 718.5 751.3 818.8 849.9 850.4 901.3 922.3 932.3 1023.1 1077.4 1041 957.6
92.4 97.9 101.7 105.2 106.9 113.2 121.9 122.6 121.4 119.5 125.9 125.7 127 131 134.1 134.9 143.9 163.6 166.7 195
304.4 357.1 340.9 331.6 341.4 315.6 336.8 320.6 337.2 349.9 381.4 398.6 411.2 438.3 436.3 433.9 482.7 501.9 468 398.7
407.3 432.8 285.4 185 208.9 206.7 224.5 220.6 259.9 281.9 311.5 325.6 312.2 332 351.9 363.5 396.5 411.9 406.3 363.9
Coefficients are (row-wise by formant):
530.2 40.9 102 15.9 204.3 -9.9
1700.5 -45.5 -106.5 218.2 -241.6 24.6
2713 -184.7 89.2 54.8 -77.6 70.5
