chilean_mismatch_declarative-broad-focus_La-nina-lava-el-plato analysis information:
Number of steps:
20
Cutoff frequencies were: 
4700 4850 5000 5150 5300 5450 5600 5750 5900 6050 6200 6350 6500 6650 6800 6950 7100 7250 7400 7550
Number of coefficients for prediction: 
5
Number of formants: 
3
Winner is:
5900 5900 5900
Errors (total,f1,f2,f3): 
672.4 685.7 661 575.7 518.9 492.3 460.6 477.5 459.6 466.3 490.6 506.8 556.1 588.8 569.6 638.5 659 687.6 757 796.1
104.7 104.2 101.1 104.4 104 109.2 107.4 113.3 113.8 116.9 118.5 126.3 135.8 139.3 159.4 187.8 185.8 188 206.9 225.4
321.4 301.4 287.9 258.9 245.6 229.5 211.3 215.6 210.3 209.7 219 233.8 249.3 206.1 162.2 174.3 177.8 189.6 209.9 223.9
246.3 280.1 272 212.4 169.3 153.6 141.9 148.6 135.5 139.7 153.1 146.7 171 243.4 248 276.4 295.4 310 340.2 346.8
Coefficients are (row-wise by formant):
563.5 -139.1 -20.4 -21.3 46.5 102.4
1763.2 112.3 58.4 71.7 -19.7 78.4
2655.8 62.9 100.4 -12.7 -82 -78.2
