chilean_match_declarative-broad-focus_Mariano-habla-del-tiempo analysis information:
Number of steps:
20
Cutoff frequencies were: 
4700 4850 5000 5150 5300 5450 5600 5750 5900 6050 6200 6350 6500 6650 6800 6950 7100 7250 7400 7550
Number of coefficients for prediction: 
5
Number of formants: 
3
Winner is:
5300 5300 5300
Errors (total,f1,f2,f3): 
769.7 685.4 654.4 570.6 553.7 561.6 622.7 637.9 658.8 677.3 664.7 705.9 748.4 807.5 867 871.1 849.4 840.9 878.5 932
130.1 130 135 140.3 141.7 141.1 135.2 126.5 120.6 122.8 128.4 150.2 158 167.1 173.6 172.9 165 177.5 209.3 236.9
239.3 248.8 254.7 230.7 223.8 217.2 240.2 243.8 247.6 259.1 247.7 260.7 282.1 297 315.5 321.9 315.3 305 305 328.2
400.3 306.6 264.7 199.6 188.2 203.3 247.3 267.6 290.6 295.4 288.6 295 308.3 343.4 377.9 376.3 369.1 358.4 364.2 366.9
Coefficients are (row-wise by formant):
553.5 114.7 -98.6 -97.3 40.1 60.7
1612.1 89.9 -4.9 279.3 -186.1 -148.9
2669.9 57.1 0.6 12.2 -17 -12.8
