chilean_mismatch_interrogative-partial-wh_Por-que-oia-el-rio analysis information:
Number of steps:
20
Cutoff frequencies were: 
4700 4850 5000 5150 5300 5450 5600 5750 5900 6050 6200 6350 6500 6650 6800 6950 7100 7250 7400 7550
Number of coefficients for prediction: 
5
Number of formants: 
3
Winner is:
5150 5150 5150
Errors (total,f1,f2,f3): 
810.4 860.5 798.3 744.1 786.3 797.8 766.3 753.5 753.1 805.6 842.9 883.3 866.8 897.6 981.7 1027.3 1092.7 1046.8 1032.6 1012
72.4 77.1 73.8 67.1 66.1 64.6 66.5 71.7 73.5 82.4 82.3 87.8 89.2 95.9 93.1 94.3 97.6 96.9 97.6 100.3
394.7 448.8 440.5 435.6 461.7 467.7 462.7 459.6 463.1 473.1 472.1 481.7 474.6 475.8 512.7 525.7 533.1 477.8 476.4 464.3
343.3 334.6 284 241.4 258.5 265.5 237.1 222.2 216.5 250.1 288.5 313.8 303 325.9 375.9 407.3 462 472.1 458.6 447.4
Coefficients are (row-wise by formant):
507.7 28.3 8.4 -45.4 -0.7 -31.5
1660.4 141.4 -327.1 82.4 -127.1 -225.6
2634.6 12.6 -176.5 27 -103.5 76
