chilean_match_interrogative-partial-wh_Cuando-lleva-el-abrigo analysis information:
Number of steps:
20
Cutoff frequencies were: 
4700 4850 5000 5150 5300 5450 5600 5750 5900 6050 6200 6350 6500 6650 6800 6950 7100 7250 7400 7550
Number of coefficients for prediction: 
5
Number of formants: 
3
Winner is:
6050 6050 6050
Errors (total,f1,f2,f3): 
654.2 724.8 738.6 715.7 710.6 657.3 605.7 534.2 541.8 534.1 540.4 553.4 546.8 579.9 605.1 682.3 702.2 691.8 717.7 857
84 83.9 80.9 80 76.4 71.1 72.8 74.9 78.6 81.1 79.8 79.6 77.8 78.2 79.7 75.2 72.9 76.7 100.4 142.4
256.5 305.4 311.4 318.1 296.6 279.8 251.3 244.8 247.3 246 239.3 248.3 250.2 256.6 263.5 302.3 324.7 328.3 321.6 362
313.7 335.5 346.3 317.6 337.6 306.4 281.6 214.5 215.9 207 221.3 225.5 218.8 245.1 261.9 304.8 304.6 286.8 295.7 352.6
Coefficients are (row-wise by formant):
481.3 25.3 29.8 -27.3 116.9 42.7
1758 111.6 -384.2 52.8 -360.8 -41.7
2778.5 -39.9 -66.6 -26.2 -197.7 -27.6
