chilean_mismatch_declarative-broad-focus_El-nino-oye-el-rio analysis information:
Number of steps:
20
Cutoff frequencies were: 
4700 4850 5000 5150 5300 5450 5600 5750 5900 6050 6200 6350 6500 6650 6800 6950 7100 7250 7400 7550
Number of coefficients for prediction: 
5
Number of formants: 
3
Winner is:
5450 5450 5450
Errors (total,f1,f2,f3): 
805.9 745.8 692.9 668.4 606.9 591.4 603.4 655.1 703.5 742.5 745.9 759.8 778 794 860 944.9 913.1 920.1 922.7 911.3
60.2 54.1 52.4 57.9 57.3 61.1 63.5 64.6 64 67.1 67.3 68.2 72.5 77.5 78.7 98.6 100.6 116.3 120.8 136.7
429.4 458 470.8 465 419.7 410.6 410.1 426.2 442.6 436 433.4 428.3 406.6 383.9 410.7 454 416.3 391.4 382.3 372.9
316.3 233.7 169.7 145.5 129.9 119.7 129.8 164.3 196.9 239.4 245.2 263.3 298.9 332.6 370.6 392.3 396.2 412.4 419.6 401.7
Coefficients are (row-wise by formant):
470.3 -14.6 -108.6 -43.6 81.1 92.9
1835.9 145.7 341.2 215.9 -257 51.1
2811.8 63.8 48.5 -35.3 -39.7 -88.2
