chilean_mismatch_declarative-narrow-focus_La-maestra-vive-en-Paris analysis information:
Number of steps:
20
Cutoff frequencies were: 
4700 4850 5000 5150 5300 5450 5600 5750 5900 6050 6200 6350 6500 6650 6800 6950 7100 7250 7400 7550
Number of coefficients for prediction: 
5
Number of formants: 
3
Winner is:
5450 5450 5450
Errors (total,f1,f2,f3): 
648.6 635.4 636.9 568.9 530.5 493.1 505.5 526 551.6 574 600.5 660 689.8 744.5 786.4 870.4 909.8 942.5 956.5 1019.8
101.6 118 126.6 137.4 147.7 145.1 157.5 164.4 163.6 171.1 181.5 210.1 221.2 248.4 259.7 283.8 303.5 300.4 281.4 338.5
294 254.9 250.8 219.4 207.6 201.6 201 211.4 222.8 226 229.7 239.3 244.9 253.8 258.1 269.6 278 279.4 276.3 262.5
253 262.5 259.5 212.1 175.2 146.4 147 150.2 165.2 176.9 189.3 210.6 223.7 242.3 268.6 317 328.3 362.7 398.8 418.8
Coefficients are (row-wise by formant):
578.6 17 124.3 -90.3 6.4 -128.9
1900.2 -135.8 -82.6 14.9 -221 14
2682.3 -68.3 -15.4 1.6 -70.1 -6.1
