chilean_match_interrogative-total-yn_Manuela-vende-el-carro analysis information:
Number of steps:
20
Cutoff frequencies were: 
4700 4850 5000 5150 5300 5450 5600 5750 5900 6050 6200 6350 6500 6650 6800 6950 7100 7250 7400 7550
Number of coefficients for prediction: 
5
Number of formants: 
3
Winner is:
5600 5600 5600
Errors (total,f1,f2,f3): 
616.5 584.7 573.7 579.5 560.7 514.9 485.5 509.1 520.2 544.2 538.6 552 560.6 599.3 643.2 693.1 726.3 770.9 833.6 1035.3
99.3 100.1 100.3 104 113.1 118.8 130.1 139.9 143.5 150.9 147.9 151.4 155.9 168 179.3 188.7 194.9 206.2 230.5 316.9
226.7 212.3 182.9 169.1 162.3 156.7 152.5 171.9 181 197.9 200.9 209.1 217.3 230 240.9 249.8 258.8 261.4 268.9 312.9
290.5 272.3 290.5 306.4 285.3 239.4 202.9 197.3 195.7 195.4 189.8 191.5 187.4 201.3 223 254.6 272.6 303.3 334.2 405.5
Coefficients are (row-wise by formant):
532.9 -47.6 7.3 60.2 -72.6 21.7
1635.5 165.1 -265.5 54.4 -36.5 -21.9
2490.4 -34.7 2.1 -45.5 49 -107.1
