chilean_question_filler_Mi-padre-cantaba-bien analysis information:
Number of steps:
20
Cutoff frequencies were: 
4700 4850 5000 5150 5300 5450 5600 5750 5900 6050 6200 6350 6500 6650 6800 6950 7100 7250 7400 7550
Number of coefficients for prediction: 
5
Number of formants: 
3
Winner is:
5600 5600 5600
Errors (total,f1,f2,f3): 
741.3 737.8 650.4 620.5 543.1 515.5 476.2 507.1 501.9 509.1 556 559.1 508.7 549.1 594.4 669.4 710.6 773.1 806.9 794.8
90 86.5 80.8 77.3 78.2 79.6 80.2 83.3 86.7 87.6 88 87.6 86.5 86.5 85.1 94.1 101.2 111.1 123.9 130.1
362.7 356.1 304.2 290.3 249.6 230.9 205.1 215.2 235.5 236.4 246.2 242.3 226.8 241 258.8 282.2 291.4 301.5 304.2 296.7
288.6 295.2 265.4 252.9 215.3 205 190.9 208.6 179.7 185.1 221.8 229.2 195.4 221.6 250.5 293.1 318 360.5 378.8 368
Coefficients are (row-wise by formant):
491.7 47 -93.6 31.2 -70.3 -24.2
1903.7 -66 216.2 112.8 -201.1 247.5
2654.4 -35.8 360.1 -127.5 -225.9 219.7
