chilean_mismatch_interrogative-total-yn_El-hombre-mira-la-luna analysis information:
Number of steps:
20
Cutoff frequencies were: 
4700 4850 5000 5150 5300 5450 5600 5750 5900 6050 6200 6350 6500 6650 6800 6950 7100 7250 7400 7550
Number of coefficients for prediction: 
5
Number of formants: 
3
Winner is:
5600 5600 5600
Errors (total,f1,f2,f3): 
724.7 794.2 800.8 693.7 592.6 514.2 494.1 505.8 508.3 528.1 553.2 554.2 572.4 613.8 669.8 775.4 804.3 852.8 908.4 1017.7
106.8 122.5 141.2 149.4 150.4 146.9 141.6 137.7 134.1 130.1 124.7 130.4 132.1 143 151.5 184.3 193.3 201.3 220 298.9
273.6 300.8 296.4 245.1 205.5 179.5 173.4 180.8 181.5 190 194.5 203.5 220.6 228.8 248.5 270.7 280.4 298.6 313.8 346.3
344.3 370.9 363.2 299.2 236.7 187.8 179.1 187.3 192.7 208 234 220.3 219.7 242 269.8 320.4 330.6 352.9 374.6 372.5
Coefficients are (row-wise by formant):
494.3 -45.1 64.5 -7.6 53.4 31.2
1718.8 201.4 13.5 -50 232.3 272
2667.3 25.5 124.5 -72.6 80.1 146.9
