chilean_mismatch_interrogative-total-yn_El-nino-oye-el-rio analysis information:
Number of steps:
20
Cutoff frequencies were: 
4700 4850 5000 5150 5300 5450 5600 5750 5900 6050 6200 6350 6500 6650 6800 6950 7100 7250 7400 7550
Number of coefficients for prediction: 
5
Number of formants: 
3
Winner is:
5150 5150 5150
Errors (total,f1,f2,f3): 
870.3 790.1 686.3 598.7 604.1 631 679.4 762.6 841.9 852.3 898.1 923.8 981.6 995.3 1015.5 1071.7 1109.7 1128.2 1123.9 1082.5
76.3 78.2 80.3 81.2 82.3 83.4 84.4 76.7 76.3 80.3 82.3 84.4 84.5 91.2 94.9 111.8 147.7 186.6 211.5 227.5
401.8 338.5 317.7 312 351.3 392.3 418.3 432.1 451.6 461.8 464 444.6 457.3 448.6 458.7 488.4 484 467.3 449.7 420.4
392.2 373.4 288.3 205.5 170.5 155.3 176.7 253.8 314 310.2 351.8 394.8 439.8 455.5 461.9 471.5 478 474.3 462.7 434.6
Coefficients are (row-wise by formant):
479 -15.3 -14.6 -60 4.1 14.2
1744.3 190.1 2.3 441.6 -108.5 283.4
2663.1 242.9 24.5 97.7 -140.7 107.7
