chilean_mismatch_interrogative-partial-wh_Por-que-odiaba-la-lluvia analysis information:
Number of steps:
20
Cutoff frequencies were: 
4700 4850 5000 5150 5300 5450 5600 5750 5900 6050 6200 6350 6500 6650 6800 6950 7100 7250 7400 7550
Number of coefficients for prediction: 
5
Number of formants: 
3
Winner is:
6350 6350 6350
Errors (total,f1,f2,f3): 
764.2 749.7 672.8 640.3 735.9 727.5 693.6 660.6 648.2 630.2 607.2 595.2 604.9 608.9 636.1 637.7 655.9 679.9 729 739.2
81.4 80.5 77.2 67.6 67.7 67.8 67.8 75.1 84.5 93.2 95.3 93.9 93.4 94.5 101.4 101.3 104.4 119.4 140.6 144.1
368 354.3 303.5 306.3 347 343.6 341.6 342 349.4 352.5 338.2 338.1 345.1 347.9 352.2 349.4 346 334.7 344 349.7
314.8 314.9 292.1 266.4 321.2 316.1 284.2 243.5 214.3 184.5 173.7 163.2 166.4 166.5 182.5 187 205.5 225.8 244.4 245.4
Coefficients are (row-wise by formant):
488.4 66.4 3.9 -30.2 58 -20.7
1920.6 -76.2 -105.1 97.9 -215.9 -223.2
2837.3 -86.6 -53.1 87.2 -52 47.5
