chilean_mismatch_declarative-narrow-focus_Mi-novio-viene-del-lago analysis information:
Number of steps:
20
Cutoff frequencies were: 
4700 4850 5000 5150 5300 5450 5600 5750 5900 6050 6200 6350 6500 6650 6800 6950 7100 7250 7400 7550
Number of coefficients for prediction: 
5
Number of formants: 
3
Winner is:
5600 5600 5600
Errors (total,f1,f2,f3): 
812.6 770 672.9 568.9 487.8 454.4 452.7 475.7 503.7 530.4 573.4 592.9 643.4 632.6 668.2 684.5 728 792.4 878.6 917.7
96 94.2 95.4 91.9 89.4 85.4 87.5 91.1 96.8 97.4 100.3 102.7 108.6 107.7 103.6 108.3 118.1 132.5 190.8 260.8
374.8 381.3 329.4 289.5 247.3 237.7 240.3 255.5 270 283.3 301.8 311.5 337.3 336.4 355.8 359.6 370.2 378.3 377.1 345.9
341.8 294.5 248.1 187.5 151.1 131.3 124.9 129.1 136.9 149.7 171.3 178.7 197.5 188.5 208.8 216.6 239.7 281.6 310.7 311
Coefficients are (row-wise by formant):
500.2 -98.7 -3.2 -32.2 -26.3 9.9
1880.3 159.2 -276.9 94.1 -60.9 22.2
2774.1 -24.6 10.6 -9.5 14.1 -33.1
