chilean_match_interrogative-total-yn_Daniel-iba-a-Bolivia analysis information:
Number of steps:
20
Cutoff frequencies were: 
4700 4850 5000 5150 5300 5450 5600 5750 5900 6050 6200 6350 6500 6650 6800 6950 7100 7250 7400 7550
Number of coefficients for prediction: 
5
Number of formants: 
3
Winner is:
6200 6200 6200
Errors (total,f1,f2,f3): 
620.7 674.7 703.5 726 770.3 785.3 656.3 532.5 443.7 432.1 423.7 460.2 450.9 519 561 619 713.5 806.4 792.3 782.9
102.2 101.9 97.9 95.9 90.7 88.9 90.9 92.9 93.8 95.5 95.6 97.4 102.2 117.6 121.7 125.6 142.8 180.1 187.7 188.5
281.5 321.9 321.6 318.8 321.4 332.7 317.6 224.5 195 197.5 195.9 200.4 201.2 201.3 207.3 224.5 252.3 276.5 259.9 251.6
237 250.9 284 311.3 358.2 363.7 247.8 215.1 154.9 139.1 132.2 162.4 147.5 200.1 232 268.9 318.4 349.8 344.7 342.8
Coefficients are (row-wise by formant):
477.2 -44.1 58.9 -107.8 110.1 27
1977.4 48.4 186.4 178.9 -405.6 -183.8
2759.7 127.9 162.3 142.4 -80.9 41.5
