chilean_mismatch_declarative-broad-focus_El-hombre-mira-la-luna analysis information:
Number of steps:
20
Cutoff frequencies were: 
4700 4850 5000 5150 5300 5450 5600 5750 5900 6050 6200 6350 6500 6650 6800 6950 7100 7250 7400 7550
Number of coefficients for prediction: 
5
Number of formants: 
3
Winner is:
5900 5900 5900
Errors (total,f1,f2,f3): 
650.4 641.3 630.8 652.7 621 586.5 541.6 526.5 524.7 529.8 564.5 580.7 599.3 635 677.1 720.3 787.1 846.6 859.7 880
116.7 112.2 113 113.6 115.7 120.3 126.1 139.5 147.7 156.7 162.9 156.6 162.5 171 184 202.9 215.4 229.7 232.3 253.7
250.5 251.5 247 259.9 244.7 221.5 209.9 205.4 205.6 211.3 227.1 240.1 250.8 271.1 287.2 294.2 321.2 347.4 345.7 343.8
283.2 277.6 270.8 279.2 260.6 244.7 205.6 181.6 171.4 161.8 174.5 184 186 192.9 205.9 223.2 250.5 269.5 281.7 282.5
Coefficients are (row-wise by formant):
463.1 -63.8 55.5 -22.2 38.9 -48.6
1746.5 144 -90.6 -72 404.6 119.2
2639.7 14.5 60.7 -23.4 147.1 20.6
