chilean_match_declarative-broad-focus_Marta-abre-el-regalo analysis information:
Number of steps:
20
Cutoff frequencies were: 
4700 4850 5000 5150 5300 5450 5600 5750 5900 6050 6200 6350 6500 6650 6800 6950 7100 7250 7400 7550
Number of coefficients for prediction: 
5
Number of formants: 
3
Winner is:
5300 5300 5300
Errors (total,f1,f2,f3): 
741.6 666.4 479.9 372 325.9 333.3 359.5 378.6 371.3 409.3 445.7 458.1 497.8 536.3 537.5 565.9 622.7 845.9 923 1054
102.4 103.6 122 115.4 118.5 129.1 135.7 140.5 133.6 135.2 144 141.4 152.3 167.4 171.9 175.7 184.3 208.7 221.5 257
253.9 214.7 146.7 120.6 109.9 114.5 131.4 138.3 142.1 158.5 178.4 190.7 216.8 230.7 224.1 235.7 252.1 312.2 340.7 392.9
385.3 348.1 211.2 136 97.5 89.7 92.4 99.8 95.6 115.6 123.3 126 128.7 138.2 141.5 154.5 186.3 325 360.8 404.1
Coefficients are (row-wise by formant):
578.4 99 -4 -79.3 -169.1 30
1609.7 62.5 -94.2 24 -110.1 55.6
2717.1 136.3 -26.7 -64.3 -18.6 -44.1
