chilean_match_declarative-broad-focus_Maria-bebe-el-vino analysis information:
Number of steps:
20
Cutoff frequencies were: 
4700 4850 5000 5150 5300 5450 5600 5750 5900 6050 6200 6350 6500 6650 6800 6950 7100 7250 7400 7550
Number of coefficients for prediction: 
5
Number of formants: 
3
Winner is:
5450 5450 5450
Errors (total,f1,f2,f3): 
807.8 769.5 666.4 645.8 611.5 577.5 613.1 644.4 670.2 696.8 701.4 697.9 732.8 765.5 791.3 787.5 809.2 856.3 1006.1 726.8
79 107.9 119.8 126 133.9 133.2 145.2 142.9 139.6 135.8 140.2 141.6 155.5 162.3 165.5 176.7 180 190.4 199.2 214.1
409.4 407.2 362.1 335.1 301.2 271.1 280.6 283.2 293.9 301.1 309.5 299.3 295.2 293.6 293.4 292.9 283.5 286.4 288.2 229.3
319.4 254.4 184.5 184.7 176.4 173.2 187.3 218.3 236.7 259.9 251.7 257 282.1 309.6 332.4 317.9 345.7 379.5 518.7 283.4
Coefficients are (row-wise by formant):
489.4 126.7 15.1 -20.4 138.9 42.9
1988 63.4 26.4 -68.6 -396.1 -65.2
2812.7 100.6 79.1 -54.5 -228.1 -80.8
