chilean_match_interrogative-partial-wh_Cuando-vendia-el-carro analysis information:
Number of steps:
20
Cutoff frequencies were: 
4700 4850 5000 5150 5300 5450 5600 5750 5900 6050 6200 6350 6500 6650 6800 6950 7100 7250 7400 7550
Number of coefficients for prediction: 
5
Number of formants: 
3
Winner is:
5900 5900 5900
Errors (total,f1,f2,f3): 
642.6 662.9 628.8 579.6 661.5 634.6 619.5 575.9 516.1 520.2 552.4 556.4 553.3 570.7 597.2 672.6 742.8 831.3 884.2 919.5
114.5 121.4 122.4 118.1 121.4 119.8 123.2 126.7 127.3 132 142.4 144.4 142 151.6 160.8 169.2 187.7 199.4 206.2 207.8
230.6 221 205 191 230.7 202.6 193.2 172.4 149.1 143.5 159.4 164.7 160 167 179.9 217.4 248.5 263.9 275.1 282.2
297.5 320.5 301.4 270.5 309.4 312.2 303.1 276.8 239.7 244.7 250.6 247.3 251.3 252.1 256.5 286 306.6 368 402.9 429.5
Coefficients are (row-wise by formant):
533.8 -72.4 9.9 120.5 -12.1 -21.4
1646.6 148.4 -512.3 -57.9 38 109.1
2503.5 -19.9 -234 -154.2 186 -17.8
