chilean_match_declarative-narrow-focus_Daniel-iba-a-Bolivia analysis information:
Number of steps:
20
Cutoff frequencies were: 
4700 4850 5000 5150 5300 5450 5600 5750 5900 6050 6200 6350 6500 6650 6800 6950 7100 7250 7400 7550
Number of coefficients for prediction: 
5
Number of formants: 
3
Winner is:
5750 5750 5750
Errors (total,f1,f2,f3): 
585.3 811.3 780.9 662.2 483.4 476 429.1 391.1 406.2 480.1 465.7 478.3 508.4 549 642.9 700.9 751.2 839.8 1015.6 976.3
84.2 84.5 86.5 88.3 90.6 90.5 90.7 86.1 75.8 81.7 76.1 79.4 93.1 105.4 133.1 142.6 149.2 165.2 205.4 216.9
286.2 383.5 424.2 369.1 271 263.4 234.5 227.4 242.2 267.8 267 277.8 292.2 297.6 304.2 310.2 326.6 345.6 363.3 322.4
214.9 343.3 270.2 204.8 121.8 122.1 103.9 77.6 88.2 130.6 122.6 121.1 123.1 146 205.6 248.1 275.4 329 446.9 437
Coefficients are (row-wise by formant):
464.9 -20.6 14.5 -84.7 167.1 10.1
2017.4 -54.5 321 121.7 -571.5 -95.7
2940.2 -11.7 203.9 95.8 -86 -68.2
