chilean_match_declarative-narrow-focus_Manuela-vende-el-carro analysis information:
Number of steps:
20
Cutoff frequencies were: 
4700 4850 5000 5150 5300 5450 5600 5750 5900 6050 6200 6350 6500 6650 6800 6950 7100 7250 7400 7550
Number of coefficients for prediction: 
5
Number of formants: 
3
Winner is:
6200 6200 6200
Errors (total,f1,f2,f3): 
436 475.2 498.2 489.2 476.7 452 419 383.9 380.1 369.5 359.4 390.5 410 423.5 436 446.3 463.1 486.4 634 743.6
65.8 64.6 72.5 84.8 90.7 94.5 98.3 102.8 106.7 108.8 108.8 110.5 111.8 113.3 106 106.6 117.8 119.5 136.4 175.8
150.4 170.2 179.2 163.9 166.9 161.1 145.3 125.2 122.1 117.4 113 122.7 121.1 121 124.1 129 138.8 126.3 124.3 129.8
219.8 240.4 246.5 240.5 219.1 196.4 175.4 155.9 151.3 143.3 137.6 157.3 177.1 189.2 205.9 210.7 206.5 240.6 373.3 438
Coefficients are (row-wise by formant):
550 -91.2 46.2 0.2 -106.7 115.2
1735.4 -17.6 -208 131.8 -88.6 6.2
2525.6 10 -105.4 204.5 -53.7 -7.3
