chilean_match_declarative-broad-focus_Manuela-vende-el-carro analysis information:
Number of steps:
20
Cutoff frequencies were: 
4700 4850 5000 5150 5300 5450 5600 5750 5900 6050 6200 6350 6500 6650 6800 6950 7100 7250 7400 7550
Number of coefficients for prediction: 
5
Number of formants: 
3
Winner is:
5750 5750 5750
Errors (total,f1,f2,f3): 
699.6 745.8 645 538.7 498.1 482 505 474.1 483.9 502 533.8 564 643.6 687.8 767 830.6 852.4 884.1 960.1 1058.1
117.6 141.5 144.5 145.5 149 144.9 141.9 125.1 123.4 122.5 133 147.3 171.9 186.9 192.7 212.4 227.1 231.3 258.1 282.6
236.5 236.5 214.3 168.8 149.7 144.6 152.8 151.8 152 176.4 184.7 189.4 226.5 249 280.2 297.7 302.1 318.1 341.7 369.1
345.5 367.8 286.2 224.4 199.4 192.5 210.3 197.2 208.5 203.1 216.1 227.3 245.2 251.9 294.1 320.5 323.2 334.7 360.3 406.4
Coefficients are (row-wise by formant):
466.3 -39 61.4 -3.1 -89.9 73
1625.4 46.2 -278 88.3 -3.2 0.6
2616.9 61.7 -165.1 43.5 93.4 -2.2
