chilean_match_interrogative-total-yn_David-leia-el-libro analysis information:
Number of steps:
20
Cutoff frequencies were: 
4700 4850 5000 5150 5300 5450 5600 5750 5900 6050 6200 6350 6500 6650 6800 6950 7100 7250 7400 7550
Number of coefficients for prediction: 
5
Number of formants: 
3
Winner is:
6050 6050 6050
Errors (total,f1,f2,f3): 
458 495.4 545.7 570.8 540.2 532.8 495.6 452.4 444.9 424.7 428.2 441.2 431.6 446.4 514.7 523.9 539.7 555.5 603.1 648
58.5 59.9 61.2 57.8 54.9 54.1 57.1 57.9 59.8 58.9 61 62.7 64.6 66.1 82.2 81.2 88.5 93 114.1 139.8
181.5 200.6 218.2 252.2 241 251.4 233.5 215 213.2 212.2 208 206.1 201.7 200.9 207.7 199.7 201.8 201.9 204.9 208.6
218 234.9 266.3 260.8 244.3 227.3 205 179.5 171.9 153.6 159.2 172.4 165.3 179.4 224.8 243 249.4 260.6 284.1 299.6
Coefficients are (row-wise by formant):
430 6.2 64 -24.6 17.2 89.9
1923.5 383.4 -425.3 41.2 -88.1 -27.9
2704.8 127.9 -153.5 64.6 -25 -127.9
