chilean_mismatch_interrogative-partial-wh_Cuando-lavaba-el-plato analysis information:
Number of steps:
20
Cutoff frequencies were: 
4700 4850 5000 5150 5300 5450 5600 5750 5900 6050 6200 6350 6500 6650 6800 6950 7100 7250 7400 7550
Number of coefficients for prediction: 
5
Number of formants: 
3
Winner is:
6200 6200 6200
Errors (total,f1,f2,f3): 
603.2 612.7 596.6 460.8 462.2 458.5 428 417.6 407.2 396.8 366.9 376.4 391.2 456.7 485.9 529.9 563.9 584.3 668.7 671.7
91.6 94.7 93.7 90.4 89.3 87.2 88.1 89 89.8 90.1 89.2 90.2 91.3 100.5 105 119 115 114.4 125.4 125.3
213.2 215.4 208.6 159.4 149.5 152.7 140.6 139.7 141.8 148 134.7 143.7 146.8 172.7 185.4 195.9 205.4 211.9 250.6 260.7
298.4 302.6 294.3 211 223.4 218.6 199.3 188.9 175.6 158.7 143 142.5 153.1 183.5 195.5 215 243.5 258 292.7 285.7
Coefficients are (row-wise by formant):
547.1 4.3 -22.4 -4.6 -53.6 89.5
1522.4 51.7 -267.9 193.2 -189.9 -101.4
2732.2 -12.6 -88.9 45.7 -67.5 -20.9
