chilean_mismatch_declarative-narrow-focus_El-bebe-comia-muy-bien analysis information:
Number of steps:
20
Cutoff frequencies were: 
4700 4850 5000 5150 5300 5450 5600 5750 5900 6050 6200 6350 6500 6650 6800 6950 7100 7250 7400 7550
Number of coefficients for prediction: 
5
Number of formants: 
3
Winner is:
5600 5600 5600
Errors (total,f1,f2,f3): 
831.2 788.7 668.5 559.3 518.8 494.3 487.3 514.9 547.2 582.6 599.9 616.1 617 631.4 658.2 713.7 742.1 825.7 854.3 990.9
87.4 92.8 94.5 95.4 97.1 94.5 97.2 104.1 110.7 113.5 114.6 119.4 117 116.9 123.2 140.9 145.6 176.4 192.3 281.1
423.1 392.1 302.8 267.6 275.1 273.7 276 286 290 305.2 310.5 318.5 316 315.3 318.9 323 319.1 303.2 296.6 329.8
320.7 303.8 271.2 196.3 146.6 126.1 114.1 124.8 146.5 163.9 174.8 178.2 184 199.2 216.1 249.8 277.4 346.1 365.4 380
Coefficients are (row-wise by formant):
463.9 30.5 -9.1 -3.6 -21.3 -54.4
1897.6 -74.5 181.1 28 41.5 240.6
2773.7 -44.4 -4 -10.1 121.5 16.5
