chilean_mismatch_interrogative-partial-wh_Cuando-miraba-la-luna analysis information:
Number of steps:
20
Cutoff frequencies were: 
4700 4850 5000 5150 5300 5450 5600 5750 5900 6050 6200 6350 6500 6650 6800 6950 7100 7250 7400 7550
Number of coefficients for prediction: 
5
Number of formants: 
3
Winner is:
6050 6050 6050
Errors (total,f1,f2,f3): 
739.1 717.8 700 647 648.3 642.5 620 584.5 524.8 513.7 518.6 552.6 591.1 650.1 705.9 751.8 816.6 859.2 927.9 986
101.6 102.8 103.8 100.2 100.1 101.3 101.1 101.2 101.6 99.2 99.7 103 109.3 112.7 118.3 128.7 134.5 141.5 145.1 159.8
325.9 308 283.8 253.6 258 260.8 259 257.6 252.8 250.9 245.1 257.2 260.5 274.3 287.3 303.4 312.5 324.5 331.9 367.4
311.6 307 312.4 293.2 290.2 280.4 259.9 225.7 170.4 163.6 173.8 192.4 221.3 263.1 300.3 319.7 369.6 393.2 450.9 458.8
Coefficients are (row-wise by formant):
483.5 -1 -33.8 -47.6 115 63.7
1654.1 23.2 -159.5 -198.7 18.6 -201.3
2744 -64.8 -13.4 -43.3 -164.3 -51.1
