chilean_match_declarative-narrow-focus_Mariano-habla-del-tiempo analysis information:
Number of steps:
20
Cutoff frequencies were: 
4700 4850 5000 5150 5300 5450 5600 5750 5900 6050 6200 6350 6500 6650 6800 6950 7100 7250 7400 7550
Number of coefficients for prediction: 
5
Number of formants: 
3
Winner is:
5750 5750 5750
Errors (total,f1,f2,f3): 
717.3 668.1 632.1 661.1 688.7 695.8 628.4 600.7 602.3 623.8 668.6 701.4 718.4 751.6 732.4 719.7 787.1 895.2 950.3 1064.4
139.3 145.6 152.5 166.7 172.2 174.5 166.8 164.1 167 177.4 185.5 197.5 207.8 213.7 212.4 212.9 225.6 254.7 271.7 298.7
221.4 209.9 216.3 225.9 233.3 229.3 205.9 205.8 209.5 222.8 240 250.4 253.2 273.9 267 263.7 283 324.7 341.9 376.8
356.6 312.6 263.3 268.5 283.2 292 255.7 230.8 225.8 223.6 243.1 253.5 257.4 264 253 243.1 278.5 315.8 336.7 388.9
Coefficients are (row-wise by formant):
562.9 72 14 -13.6 135.1 25.2
1694.3 100.2 56.4 247.2 -264.4 -155.8
2837 -73.8 0.6 -10.7 25.1 -56.5
