chilean_match_declarative-broad-focus_Daniel-iba-a-Bolivia analysis information:
Number of steps:
20
Cutoff frequencies were: 
4700 4850 5000 5150 5300 5450 5600 5750 5900 6050 6200 6350 6500 6650 6800 6950 7100 7250 7400 7550
Number of coefficients for prediction: 
5
Number of formants: 
3
Winner is:
5750 5750 5750
Errors (total,f1,f2,f3): 
632.6 610 696.9 644.1 599.7 676.3 621.3 587.6 620.9 644.1 700.9 747.1 791 871 897.6 878.9 895.1 929.2 972.2 1141.1
96.3 100.6 111.8 115.9 134.9 168.4 153.1 137.4 162.9 166.5 185.4 212.6 223 230.8 235.8 239.8 253 260.6 284.4 341.7
322.8 292.1 297.1 286.4 271.1 281.6 247.8 248.5 245.7 242.2 246.3 239.4 234.1 252 255.6 248.6 237.2 232.5 257.3 310.5
213.5 217.3 288 241.8 193.7 226.3 220.4 201.7 212.3 235.4 269.2 295.1 333.9 388.2 406.2 390.5 404.9 436.1 430.5 488.9
Coefficients are (row-wise by formant):
490.2 -97.7 118.5 -46.3 176.6 -92.8
2019.8 -0.7 259.7 -265.1 -284 274
2727.6 -31.7 102 -120.5 -27.2 120.8
