chilean_match_declarative-narrow-focus_Emilio-ama-la-marcha analysis information:
Number of steps:
20
Cutoff frequencies were: 
4700 4850 5000 5150 5300 5450 5600 5750 5900 6050 6200 6350 6500 6650 6800 6950 7100 7250 7400 7550
Number of coefficients for prediction: 
5
Number of formants: 
3
Winner is:
5600 5600 5600
Errors (total,f1,f2,f3): 
775.4 746.2 678.9 660.7 686.4 651.3 644.8 657.6 690 716.9 797.3 873.3 867 913.5 936.9 984.4 996.5 1059.2 1090.9 1110.5
161 170 178.9 176.7 168.5 167.6 170.4 178.7 186.8 195.7 214.3 233.3 229 247.5 250.8 277.3 283.9 308.7 315.9 345.6
211.5 204.3 213 233.8 246.8 233.2 235.5 243.1 247.4 250.7 272.3 296.8 303 314.7 326.4 344.5 365.9 399.2 428.3 427
402.9 371.9 287 250.2 271.1 250.5 238.9 235.8 255.8 270.5 310.7 343.2 335 351.3 359.7 362.6 346.7 351.3 346.7 337.9
Coefficients are (row-wise by formant):
598 -271.5 62.3 -112.8 66.4 57.7
1758 54.4 336.6 -42 -102.5 -187.1
2711.7 -153.3 381.2 -82.7 -33.1 -45
