chilean_mismatch_declarative-narrow-focus_El-hombre-mira-la-luna analysis information:
Number of steps:
20
Cutoff frequencies were: 
4700 4850 5000 5150 5300 5450 5600 5750 5900 6050 6200 6350 6500 6650 6800 6950 7100 7250 7400 7550
Number of coefficients for prediction: 
5
Number of formants: 
3
Winner is:
5450 5450 5450
Errors (total,f1,f2,f3): 
776 686.2 643 604.1 578.8 549.9 551.9 552.1 561.2 575.8 595.4 607.6 613.2 629.8 631.6 659.2 699.3 749.9 768.3 814.4
117.1 122.2 125 132 135.1 141.2 142.5 143.1 144.4 146.3 150.5 152.6 152.8 161.8 161.7 172.5 183.6 190.6 198.2 213.7
354.6 322.3 313 292 264.8 250.5 253 250.8 255.5 259.9 266 270.6 275.6 275.6 275.1 277.3 289.3 301.2 296.4 303
304.3 241.7 205 180.1 178.9 158.2 156.4 158.2 161.3 169.6 178.9 184.4 184.8 192.4 194.8 209.4 226.4 258.1 273.7 297.7
Coefficients are (row-wise by formant):
541.2 -51.9 156 -11.6 185.1 -66
1833.7 113.8 79.3 65.7 460.7 9.4
2716.6 -21 127.6 0.4 250.2 36.3
