chilean_mismatch_interrogative-total-yn_La-nina-lava-el-plato analysis information:
Number of steps:
20
Cutoff frequencies were: 
4700 4850 5000 5150 5300 5450 5600 5750 5900 6050 6200 6350 6500 6650 6800 6950 7100 7250 7400 7550
Number of coefficients for prediction: 
5
Number of formants: 
3
Winner is:
5300 5300 5300
Errors (total,f1,f2,f3): 
761.6 685.1 583.2 446.6 368.7 405 439.9 462.8 472.1 450.3 462.8 503.4 509.2 566.1 585.1 604.6 607.2 657.7 749.7 768.1
68.8 68.2 68.2 71.7 72.3 75.8 78.4 77.3 78.7 76.1 81.1 88 90.3 95.7 97.6 96.4 101.2 113.4 132.8 170.6
320.5 270.4 233.6 197.3 194.5 213.8 225.4 223.3 215.5 148.1 151.4 165.1 162.2 189 196 208.3 210 229.1 266.1 274
372.3 346.5 281.4 177.6 101.9 115.4 136.1 162.2 177.9 226.1 230.3 250.3 256.7 281.4 291.5 299.9 296 315.2 350.8 323.5
Coefficients are (row-wise by formant):
535.9 -87 -42 -3.2 -20.5 79.4
1608.1 279.4 -75.1 147.1 -68.5 79.3
2602.8 12.5 106.1 -19.7 -106.4 -51.6
