chilean_mismatch_interrogative-total-yn_Mi-tia-odia-la-lluvia analysis information:
Number of steps:
20
Cutoff frequencies were: 
4700 4850 5000 5150 5300 5450 5600 5750 5900 6050 6200 6350 6500 6650 6800 6950 7100 7250 7400 7550
Number of coefficients for prediction: 
5
Number of formants: 
3
Winner is:
5450 5450 5450
Errors (total,f1,f2,f3): 
685.5 752 814.6 798.4 732.8 644.3 647 649.4 684.4 669.3 681.1 716.3 724.6 758.3 779.7 813.6 829.1 881.9 911.6 1018.5
111.1 113.4 115.3 116.3 116.1 119.4 124.7 126.2 128.1 133.3 135.5 140.6 131.9 134.7 133.8 137.9 147.6 170.4 184.7 228.4
327 371.7 398.9 365.6 303.3 251.5 264.2 270.7 295.4 321.8 313.7 308.9 314.6 324 328.6 327 331.1 340.8 347.3 370.5
247.4 266.9 300.4 316.5 313.4 273.4 258.1 252.5 260.9 214.2 231.9 266.8 278.1 299.6 317.3 348.7 350.4 370.7 379.6 419.6
Coefficients are (row-wise by formant):
555.4 37.5 -14.3 -127.3 20.2 -39.6
1953.6 121.2 322.7 274.5 -82.8 -301.4
2745.6 96.1 38.2 232.4 162 -32.9
