chilean_match_interrogative-partial-wh_Por-que-iba-a-Bolivia analysis information:
Number of steps:
20
Cutoff frequencies were: 
4700 4850 5000 5150 5300 5450 5600 5750 5900 6050 6200 6350 6500 6650 6800 6950 7100 7250 7400 7550
Number of coefficients for prediction: 
5
Number of formants: 
3
Winner is:
6050 6050 6050
Errors (total,f1,f2,f3): 
553 595.6 565.4 557.2 514.9 515.8 504.9 491.1 488.5 468.8 496.8 498.5 482.2 520.1 601.8 667.2 729.3 810.2 832.3 937.8
66.5 68.8 72.9 77.3 76.4 80.8 94.7 101.9 100.9 96.2 94.8 90.8 80.5 100 144.5 169.6 188.5 209.6 247 303.4
260.3 286.9 265.3 258.2 231.5 223.3 210.1 200 204.9 210.5 222.6 224 236.8 230.9 239.1 250.7 266.9 281 282.5 292.9
226.2 239.9 227.2 221.7 207 211.7 200.1 189.2 182.7 162.1 179.4 183.7 164.9 189.2 218.2 246.9 273.9 319.6 302.8 341.5
Coefficients are (row-wise by formant):
504.7 66.2 12.7 -110.3 39.8 79
1874.7 -179.1 -2.8 138.1 -368.1 -236.3
2714.3 -1 -6.7 60.8 -94.6 -143.6
