chilean_mismatch_declarative-narrow-focus_El-nino-oye-el-rio analysis information:
Number of steps:
20
Cutoff frequencies were: 
4700 4850 5000 5150 5300 5450 5600 5750 5900 6050 6200 6350 6500 6650 6800 6950 7100 7250 7400 7550
Number of coefficients for prediction: 
5
Number of formants: 
3
Winner is:
5450 5450 5450
Errors (total,f1,f2,f3): 
740.1 760.3 743.6 749.6 745.6 720.9 767.9 793.2 883.5 908.2 951 991.5 986.8 954.4 917.5 939 964.7 925.3 906.3 891.9
50.3 54.3 63 74.1 80.9 82.4 79.6 76.5 84.2 91.7 103.5 106.7 102 109.3 141.8 174.4 187.2 200.5 246.1 309.4
435.3 469.8 501.3 499.2 488.5 450.9 460.2 467.2 456.7 447.9 456.8 475.7 462.2 417 352.2 345.4 337 292.7 250.9 210.1
254.5 236.2 179.3 176.3 176.2 187.6 228.1 249.5 342.6 368.6 390.7 409.1 422.6 428.1 423.5 419.2 440.5 432.1 409.3 372.4
Coefficients are (row-wise by formant):
453.1 0.9 -30.7 6 58.8 81.4
1973.5 71.8 227.7 236.6 -86.4 -70.8
2859.2 82 104.1 -88.5 -52.2 -30.3
