chilean_match_declarative-narrow-focus_Ana-lleva-el-abrigo analysis information:
Number of steps:
20
Cutoff frequencies were: 
4700 4850 5000 5150 5300 5450 5600 5750 5900 6050 6200 6350 6500 6650 6800 6950 7100 7250 7400 7550
Number of coefficients for prediction: 
5
Number of formants: 
3
Winner is:
5900 5900 5900
Errors (total,f1,f2,f3): 
668.5 699.5 786.4 719.5 744.1 800.4 650.3 569.4 564.2 584 578.3 587.3 599.6 630.6 697 712.8 782.5 882.8 947.8 1001.8
86.5 84 87 92.6 99.3 107.7 109.7 107.2 108.3 112.5 106.2 105 103.1 117 136.1 136.6 138 136.3 132.4 148
226.5 242.8 291.2 300.7 320 348 280.4 258 258.5 269 270.5 275.5 283.9 302.1 328.6 346 385.1 431.7 447.3 455.5
355.5 372.7 408.2 326.2 324.8 344.7 260.2 204.2 197.4 202.5 201.6 206.8 212.6 211.5 232.3 230.2 259.4 314.8 368.1 398.3
Coefficients are (row-wise by formant):
471.4 90.7 80.6 -14.4 135.3 89.8
1874.8 200.6 -193.6 165.7 -183 -339.3
3079.9 -18.8 171.6 154.9 -24.7 -163.6
