chilean_mismatch_declarative-broad-focus_El-bebe-comia-muy-bien analysis information:
Number of steps:
20
Cutoff frequencies were: 
4700 4850 5000 5150 5300 5450 5600 5750 5900 6050 6200 6350 6500 6650 6800 6950 7100 7250 7400 7550
Number of coefficients for prediction: 
5
Number of formants: 
3
Winner is:
5900 5900 5900
Errors (total,f1,f2,f3): 
879 894.4 824.3 674.4 608.8 562.8 558 545.5 544.6 562.1 584.8 641.7 660.8 654.7 660.9 704 705.3 740.6 717.1 731.4
87 88 93.4 94.2 91.8 91.3 86.9 83.5 84.4 87 88.9 94.7 98.6 99.1 102.5 105.3 107.9 140.1 153.7 176.9
464 473.5 420.5 361.7 347.8 331 334.9 340.1 341.1 344.6 354.4 363.1 372.1 372 368.7 369.7 356.7 311.2 276.2 273.7
328 332.9 310.4 218.5 169.2 140.5 136.2 121.9 119.1 130.5 141.5 183.9 190.1 183.6 189.7 229 240.7 289.3 287.2 280.8
Coefficients are (row-wise by formant):
425 74 -28.4 -36 -22.5 -25.3
1948.6 -60.1 234.5 21.4 52.7 83.1
2812.9 -107.3 -25.1 3.6 53.2 31.4
