chilean_match_interrogative-partial-wh_Por-que-abre-el-regalo analysis information:
Number of steps:
20
Cutoff frequencies were: 
4700 4850 5000 5150 5300 5450 5600 5750 5900 6050 6200 6350 6500 6650 6800 6950 7100 7250 7400 7550
Number of coefficients for prediction: 
5
Number of formants: 
3
Winner is:
5450 5450 5450
Errors (total,f1,f2,f3): 
713.4 631.1 584.5 519.5 451.1 367.6 382.6 380.9 388.6 396.7 412.4 408.2 431.8 464 587.8 604.1 641 664.1 722.3 784.3
90.8 93.2 98.3 100.2 97.3 98.3 101 101.7 100.7 100 99.9 98.7 103.5 112.3 129 142.6 155.1 153.9 163.5 196.2
272.7 225.4 203.9 184.7 165.4 149.1 162.7 174.3 179.1 182.2 185.2 185.1 202.2 216.8 273.5 280.1 300.9 316.1 333 329.4
349.9 312.5 282.3 234.6 188.4 120.2 118.9 104.9 108.8 114.5 127.3 124.4 126.1 134.9 185.3 181.4 185 194.1 225.8 258.7
Coefficients are (row-wise by formant):
525.5 -15.5 -25.5 37.7 -27.7 -37.8
1611.7 88.8 -323.5 107.1 -161.1 -65.6
2440.9 5.6 -32.5 10.4 50.3 -89.6
