chilean_match_interrogative-partial-wh_Cuando-leia-el-libro analysis information:
Number of steps:
20
Cutoff frequencies were: 
4700 4850 5000 5150 5300 5450 5600 5750 5900 6050 6200 6350 6500 6650 6800 6950 7100 7250 7400 7550
Number of coefficients for prediction: 
5
Number of formants: 
3
Winner is:
6200 6200 6200
Errors (total,f1,f2,f3): 
471 528.5 556.3 586.8 573.9 573.8 491.9 484.2 488.4 470.1 436.8 452.4 462.9 525.9 557 639 686.2 736.8 735.9 826.4
70.5 70.4 78.5 83.1 85.1 84.1 91.3 93.3 92.4 94.4 86.9 85.4 79.6 90.2 99.8 113.1 134.8 168 170.2 218.8
196.3 228.4 221.9 231.5 235.1 228.9 188.5 174.7 178.7 180 174.9 182.9 181.1 188.2 195.3 224.3 234.7 249.4 258.4 275.7
204.2 229.7 255.9 272.2 253.7 260.8 212.1 216.2 217.3 195.7 175 184.1 202.2 247.5 261.9 301.6 316.7 319.4 307.3 331.9
Coefficients are (row-wise by formant):
430.5 26.8 74.9 -20.3 20 83.7
1912.9 35.5 -638.1 30.5 -85.8 90.1
2682.5 -55.3 -310.2 72.5 -12.4 84.5
