chilean_mismatch_interrogative-total-yn_Mi-madre-come-la-fruta analysis information:
Number of steps:
20
Cutoff frequencies were: 
4700 4850 5000 5150 5300 5450 5600 5750 5900 6050 6200 6350 6500 6650 6800 6950 7100 7250 7400 7550
Number of coefficients for prediction: 
5
Number of formants: 
3
Winner is:
6350 6350 6350
Errors (total,f1,f2,f3): 
673.7 639.6 661.9 631.4 625.2 589.1 589.7 603.8 610.1 583.8 569.1 567 590 614.9 628.8 615.2 644.5 749.9 951.6 1016.3
117 113.9 120.4 128.9 140.1 147.8 148.7 157.1 163.3 179.6 184.5 187 182 174.2 171.4 169.4 187.1 221.2 257.1 261.9
260.4 237.5 238.8 217.8 205.3 206.2 211.5 216.9 220.6 210.4 209 208.7 215.1 214.4 212.3 208.1 200.6 231.4 279.3 307.6
296.3 288.2 302.7 284.7 279.8 235.1 229.5 229.8 226.2 193.8 175.6 171.3 192.9 226.3 245.1 237.7 256.8 297.3 415.2 446.8
Coefficients are (row-wise by formant):
584.9 -70.9 -78.9 11.5 -29.1 -162.5
1739.6 120.1 102.9 102.6 34.2 -34.9
2822.3 -124.5 175.8 169.7 1.1 -49.4
