chilean_match_interrogative-total-yn_Ana-lleva-el-abrigo analysis information:
Number of steps:
20
Cutoff frequencies were: 
4700 4850 5000 5150 5300 5450 5600 5750 5900 6050 6200 6350 6500 6650 6800 6950 7100 7250 7400 7550
Number of coefficients for prediction: 
5
Number of formants: 
3
Winner is:
6050 6050 6050
Errors (total,f1,f2,f3): 
675.3 708.2 783.1 714 602.1 559.6 512.8 512.2 515.1 506.4 508.3 538.8 565.9 597 617.2 696.1 714.9 706.8 790.2 865.7
101.7 98.6 92.4 91.9 95.1 95.2 99.7 100.7 98.3 95.4 91.2 90.6 91.2 98.8 109.5 116.2 109.7 121.5 181.8 222.9
247.4 265.5 292.5 270.3 250 258 257.4 249.3 241.1 233.2 222.7 235 244.9 251.2 254.7 282.5 296 290.1 313.9 325.6
326.2 344.1 398.2 351.8 257 206.4 155.7 162.2 175.7 177.8 194.4 213.2 229.8 247 253 297.4 309.2 295.2 294.5 317.2
Coefficients are (row-wise by formant):
488 61.5 39.8 -9.2 131.7 70.9
1796 318 -252.6 174.9 -274.3 -135.5
2752.6 95.4 50.3 59.6 -180.1 -48.4
