chilean_match_interrogative-total-yn_Maria-bebe-el-vino analysis information:
Number of steps:
20
Cutoff frequencies were: 
4700 4850 5000 5150 5300 5450 5600 5750 5900 6050 6200 6350 6500 6650 6800 6950 7100 7250 7400 7550
Number of coefficients for prediction: 
5
Number of formants: 
3
Winner is:
5900 5900 5900
Errors (total,f1,f2,f3): 
709.5 711.2 713.3 712.4 709.5 675.5 656.4 605.2 534.6 556 581.1 605.9 624 624.7 627.3 681 735 778 754.2 788.2
77.5 78.5 83.2 93.2 95 93.9 92 91.5 91.1 93.1 93.7 93.3 91 87 86.1 84.8 86.3 93.1 105.9 135.6
342.6 329.6 327.9 312.9 292.5 258.3 265 252.6 255.4 271 281.9 282.6 305.7 305.2 304 326.1 329.2 341.6 315.2 321
289.4 303.1 302.2 306.3 322 323.3 299.4 261.1 188.1 191.9 205.5 230 227.3 232.5 237.2 270.1 319.5 343.3 333.1 331.6
Coefficients are (row-wise by formant):
453.5 65 61.2 -65.6 21.6 68.6
1885.8 304.9 -162.6 273.1 -307.2 -175
2743.1 72.7 32.1 173.3 -196 -53.7
