chilean_mismatch_declarative-broad-focus_La-maestra-vive-en-Paris analysis information:
Number of steps:
20
Cutoff frequencies were: 
4700 4850 5000 5150 5300 5450 5600 5750 5900 6050 6200 6350 6500 6650 6800 6950 7100 7250 7400 7550
Number of coefficients for prediction: 
5
Number of formants: 
3
Winner is:
5600 5600 5600
Errors (total,f1,f2,f3): 
845.8 721.5 626.7 557.1 477.4 469.6 466.9 477.1 525.6 655.2 646.6 718.9 750.3 797.3 794.8 679.6 681.3 740.4 787.9 853.3
138.8 152.3 146 139.8 138.4 132.1 133.5 139.7 167.8 211.6 210.1 212.9 228.8 247.3 246.9 212.8 218.9 232 247.8 268
417.2 317.4 255.2 210.3 183.7 186.4 189.4 191.7 197.9 216.3 210.3 222 223.3 225 215.9 182.1 180.8 189.8 194.9 215.9
289.8 251.8 225.5 207 155.3 151.1 144 145.7 159.9 227.3 226.2 284 298.2 325 332 284.7 281.6 318.6 345.2 369.4
Coefficients are (row-wise by formant):
560.9 88.1 76.3 -64.2 -50.2 -67.5
1892 -116.9 -58 -185 -25 42.4
2715 -14.2 9.9 -124.2 3.6 11.9
