chilean_mismatch_declarative-narrow-focus_Mi-tia-odia-la-lluvia analysis information:
Number of steps:
20
Cutoff frequencies were: 
4700 4850 5000 5150 5300 5450 5600 5750 5900 6050 6200 6350 6500 6650 6800 6950 7100 7250 7400 7550
Number of coefficients for prediction: 
5
Number of formants: 
3
Winner is:
5300 5300 5300
Errors (total,f1,f2,f3): 
783.9 787 684.5 585.3 573 597.8 616.8 647.5 657.7 686.3 686.8 718.6 744.3 757.2 739.5 766.4 815 850.9 885.7 939
102.9 99.3 101.2 103.6 116.1 126.6 130.9 129.6 126.2 121.9 117.2 112.3 113.7 114.7 117.7 121.7 133.5 154.4 186.5 222.7
375.8 370.6 310.4 298.9 281.9 282.8 286.5 298 299.9 314.6 303.5 306.7 303.8 294.1 275.2 275.2 280.6 261.9 257 267.5
305.2 317.1 272.9 182.8 175 188.4 199.4 219.9 231.6 249.8 266.1 299.6 326.8 348.4 346.6 369.5 400.9 434.6 442.2 448.8
Coefficients are (row-wise by formant):
507.1 -1.2 -91.7 -154.5 0.7 -25.8
1913.8 80.5 220.6 213 -71.3 -311.2
2676.3 -32.9 141.8 85.3 36.8 -27
