chilean_mismatch_declarative-broad-focus_Mi-novio-viene-del-lago analysis information:
Number of steps:
20
Cutoff frequencies were: 
4700 4850 5000 5150 5300 5450 5600 5750 5900 6050 6200 6350 6500 6650 6800 6950 7100 7250 7400 7550
Number of coefficients for prediction: 
5
Number of formants: 
3
Winner is:
5300 5300 5300
Errors (total,f1,f2,f3): 
637.9 592.9 555.9 494.7 473.1 479.1 514.1 558.5 604.6 643.1 680.3 688.5 711.9 707.8 727.6 789.1 821.1 846.2 881.2 921.1
91.7 95.1 98.4 101.3 102.6 100.5 99.4 97.3 97.1 98 102.8 110.1 114.7 119.5 130.8 145.4 157.3 155.9 164.2 163.9
261.9 260.7 259.4 257.4 256.3 263.2 272.9 293.6 311.1 322.9 330.5 326.3 321.8 308.2 307 328.9 347.2 370.9 401.5 441.9
284.3 237.1 198.1 136 114.2 115.4 141.8 167.6 196.4 222.2 247 252.1 275.4 280.1 289.8 314.8 316.6 319.4 315.5 315.3
Coefficients are (row-wise by formant):
505.5 -78.8 12.3 -44.1 -41.9 -28.7
1759.9 152.5 -286 272.1 70.1 230.3
2664.1 44.7 -2.1 84.5 32.9 4.1
