chilean_match_interrogative-total-yn_Emilio-ama-la-marcha analysis information:
Number of steps:
20
Cutoff frequencies were: 
4700 4850 5000 5150 5300 5450 5600 5750 5900 6050 6200 6350 6500 6650 6800 6950 7100 7250 7400 7550
Number of coefficients for prediction: 
5
Number of formants: 
3
Winner is:
6200 6200 6200
Errors (total,f1,f2,f3): 
722 751 727.7 685.2 757.7 750.3 704.9 658.9 599.8 564.7 562.3 577.6 627.1 722.3 793.3 838 915.7 942.8 988.2 1064.6
132.8 138.4 141.6 140.9 143.7 137.8 136.5 136.6 141.1 145 149 149.6 158.2 182.3 201.5 220.6 241.1 252.7 268.8 293.3
328.7 320.2 269.5 241.8 267 264 254.6 248.1 247.7 236 233.3 240.4 258.4 277.1 297.7 309.7 334.8 339.1 345.9 356.1
260.5 292.4 316.6 302.5 347 348.5 313.8 274.2 211 183.7 180 187.6 210.5 262.9 294.1 307.7 339.8 351 373.5 415.2
Coefficients are (row-wise by formant):
541.3 -101.1 -101.8 -15.5 1 73.9
1814.5 117.1 244.3 120.3 -90 -103.3
2701.8 98.8 125.7 -2.1 -46.3 -71.1
