chilean_mismatch_declarative-narrow-focus_Mi-madre-come-la-fruta analysis information:
Number of steps:
20
Cutoff frequencies were: 
4700 4850 5000 5150 5300 5450 5600 5750 5900 6050 6200 6350 6500 6650 6800 6950 7100 7250 7400 7550
Number of coefficients for prediction: 
5
Number of formants: 
3
Winner is:
5450 5450 5450
Errors (total,f1,f2,f3): 
653.5 718.6 704.1 685.8 558.9 500 508.5 514 529.2 545.6 619.7 702.7 746.9 794.6 838.3 902.9 912.6 980 1003.3 987.4
95.5 98.4 104.5 123.5 124.4 137.3 147.2 146.8 145.5 148.8 166 189.1 198.5 207.3 219.9 239.6 231.4 243 249.5 249
234 285.5 287.9 278.6 255.1 248.9 251.2 255.3 261.2 263 284.3 308.3 328.4 342.4 354.2 368 371.9 379.4 363.4 348.4
324 334.7 311.7 283.7 179.4 113.8 110.1 111.9 122.5 133.8 169.4 205.3 220 244.9 264.2 295.3 309.3 357.6 390.4 390
Coefficients are (row-wise by formant):
593 -76.9 17.8 -23.9 -44.5 -151.7
1675.5 138.6 91.3 10 2 -97.5
2708.3 12.2 116.2 -61.7 31.2 -113.8
