chilean_mismatch_interrogative-partial-wh_Cuando-comia-la-fruta analysis information:
Number of steps:
20
Cutoff frequencies were: 
4700 4850 5000 5150 5300 5450 5600 5750 5900 6050 6200 6350 6500 6650 6800 6950 7100 7250 7400 7550
Number of coefficients for prediction: 
5
Number of formants: 
3
Winner is:
6050 6050 6050
Errors (total,f1,f2,f3): 
705.9 757.9 741.6 706.3 660.6 673.3 640 582.4 574.8 563 566.9 570.3 576 591.7 640.6 684 724.7 746.3 757.2 875.6
124.7 123.5 116.5 121.2 117.1 124.3 127.1 134.7 147.5 149.8 149.4 149.6 147.6 150.8 164 172.9 179.4 185.5 190.9 219.1
234.4 288.4 294.7 278.7 252.5 249.5 241.8 222.6 223.9 227.5 226.5 227.8 228.5 238.8 260.9 274.3 288.2 292.1 306.9 337.6
346.8 346 330.4 306.4 291 299.5 271.1 225.1 203.4 185.7 191 192.9 199.9 202.1 215.7 236.8 257.1 268.7 259.4 318.9
Coefficients are (row-wise by formant):
575.4 -62.8 -12.9 56.1 34.6 -70.8
1672.1 -174.1 -229.8 -49.1 146.3 184.9
2873 -65.7 -10.1 -27.8 -30.1 10
