chilean_match_declarative-narrow-focus_Maria-bebe-el-vino analysis information:
Number of steps:
20
Cutoff frequencies were: 
4700 4850 5000 5150 5300 5450 5600 5750 5900 6050 6200 6350 6500 6650 6800 6950 7100 7250 7400 7550
Number of coefficients for prediction: 
5
Number of formants: 
3
Winner is:
4700 4700 4700
Errors (total,f1,f2,f3): 
560.4 579.8 626.3 631.1 630.9 704.1 629.7 580.6 571.9 587.2 610.2 628.4 689 734.8 806.9 865 873.5 889.5 937.8 972.4
46.4 50.7 62 65.4 72.6 73.3 72.3 73.9 73.4 73.2 73.1 71.4 94.5 124.6 179.9 209.6 216.4 228.6 254.2 266.2
222.6 258.3 302.7 316.7 337.4 375.7 345.8 334.1 331.9 342.7 350.8 353.6 356.1 354.4 348.1 351.8 344.5 332.6 331 330.5
291.4 270.8 261.6 249 220.9 255.1 211.6 172.6 166.6 171.3 186.3 203.4 238.4 255.8 278.9 303.6 312.6 328.3 352.6 375.7
Coefficients are (row-wise by formant):
373 75.5 -62.6 -49.3 18.8 19.7
1447.7 -51.2 -42.1 102.9 -53.4 -219.4
2329.9 -170.6 133.1 222.3 -293.7 -153.6
