chilean_mismatch_interrogative-partial-wh_Por-que-vivia-en-Paris analysis information:
Number of steps:
20
Cutoff frequencies were: 
4700 4850 5000 5150 5300 5450 5600 5750 5900 6050 6200 6350 6500 6650 6800 6950 7100 7250 7400 7550
Number of coefficients for prediction: 
5
Number of formants: 
3
Winner is:
5150 5150 5150
Errors (total,f1,f2,f3): 
788.6 663.9 563.7 540.3 587.9 541.7 553.7 558.6 598.2 648.5 676.2 751.7 828.6 881.7 911.8 931.5 944.6 878.5 794.3 809.2
85.4 85.3 85 86.5 92.3 100.2 106.8 113.6 128.6 159.5 165.6 202.7 217 234.9 235.5 226.6 220.4 192.8 177.8 190
445.4 353.8 307 300.5 304.7 264.6 262.4 244.1 239.6 242 251.4 267.8 280 284.2 286.4 280.2 262.1 249.2 239 246.5
257.8 224.8 171.7 153.3 190.9 176.9 184.5 200.9 230 247 259.2 281.2 331.6 362.6 389.9 424.7 462.1 436.5 377.5 372.7
Coefficients are (row-wise by formant):
471.4 -29.1 25.7 -10.7 86.7 -62
1868.7 -78.2 -153 -215 -171.7 -28.6
2687.3 -82.7 -111.7 46.2 -125.4 32.2
