chilean_mismatch_declarative-broad-focus_Mi-madre-come-la-fruta analysis information:
Number of steps:
20
Cutoff frequencies were: 
4700 4850 5000 5150 5300 5450 5600 5750 5900 6050 6200 6350 6500 6650 6800 6950 7100 7250 7400 7550
Number of coefficients for prediction: 
5
Number of formants: 
3
Winner is:
6050 6050 6050
Errors (total,f1,f2,f3): 
642.1 688.8 656 628.3 636.1 612.7 605 598.4 548.3 540.4 546.5 564.7 615.7 637.5 681.1 735.2 790.7 866.2 923.5 947.9
108.2 110 114.7 115.9 118.3 119.7 121.4 124.2 125.7 127.9 130.1 132.7 145.2 146.8 160.4 175.7 186.6 198.7 216.3 244.2
254.7 280.8 284.5 286.5 285.3 282.1 277.1 277.2 272.1 274.8 278.8 283.4 298.5 305.4 317.6 316.4 314.1 319.4 325.9 337.9
279.2 298 256.8 225.9 232.5 210.9 206.5 197 150.5 137.7 137.6 148.6 172 185.3 203.1 243.1 290 348.1 381.3 365.8
Coefficients are (row-wise by formant):
547.2 -14.2 -84.5 -67.9 -174.1 -56.1
1657 174 -6.5 6.1 -60.1 123.8
2648.7 85.1 119.4 -28 15.4 -16.4
