chilean_mismatch_interrogative-total-yn_Mi-novio-viene-del-lago analysis information:
Number of steps:
20
Cutoff frequencies were: 
4700 4850 5000 5150 5300 5450 5600 5750 5900 6050 6200 6350 6500 6650 6800 6950 7100 7250 7400 7550
Number of coefficients for prediction: 
5
Number of formants: 
3
Winner is:
6200 6200 6200
Errors (total,f1,f2,f3): 
666.4 588.5 591.7 559.9 546.8 505 505.3 558.2 532.2 497.9 489.1 528.2 582.1 568.3 670.6 719.2 771.1 819.3 847.7 876.4
71.3 73.8 74 76.8 81.4 83.1 83.8 79.2 79.1 85 86.4 82.4 81.8 81.6 80 79.9 79.5 85.7 94.8 99.3
249.2 233.6 240.3 248.5 255.1 244.9 237.1 252 242.1 243.4 244.4 271.3 309.1 306.9 365.8 372.2 388.2 405.8 405.2 421.6
345.9 281.1 277.4 234.6 210.3 177 184.4 227 211 169.5 158.3 174.5 191.2 179.8 224.8 267.1 303.4 327.8 347.7 355.5
Coefficients are (row-wise by formant):
478.7 -83.3 -6.5 21.4 -37.5 -1.4
1743.1 391.6 -312 146.8 53.8 126.1
2762.4 139 57 -38.9 57.6 61.4
