chilean_match_declarative-broad-focus_Emilio-ama-la-marcha analysis information:
Number of steps:
20
Cutoff frequencies were: 
4700 4850 5000 5150 5300 5450 5600 5750 5900 6050 6200 6350 6500 6650 6800 6950 7100 7250 7400 7550
Number of coefficients for prediction: 
5
Number of formants: 
3
Winner is:
4700 4700 4700
Errors (total,f1,f2,f3): 
523.7 561.6 663.8 634.4 633.9 588 597.6 602 629.1 642.2 662.1 682.4 712.3 772.8 749.2 748.1 846.2 1048.2 1159.6 1214.1
136.1 155.8 165.9 168.1 176.5 178.4 182 185.1 200.8 205.7 213.8 224 242.4 261.4 258.3 270.6 295.8 327.8 345.5 351.6
208.1 220.4 253.7 254.2 251.4 234.3 237.4 237.7 241.9 248.5 253.4 253.6 254 260.4 249.6 255.7 277.3 303.3 336.1 350.6
179.5 185.4 244.2 212.1 206 175.3 178.2 179.2 186.4 188 194.9 204.8 215.9 251 241.3 221.8 273.1 417.1 478 511.9
Coefficients are (row-wise by formant):
545.9 -116 19.1 -58.4 92 32
1604.1 156.4 239.7 -65.9 -67 -159.6
2135.8 65.1 431.2 -26.3 -89 -303
