chilean_mismatch_interrogative-partial-wh_Por-que-venia-del-lago analysis information:
Number of steps:
20
Cutoff frequencies were: 
4700 4850 5000 5150 5300 5450 5600 5750 5900 6050 6200 6350 6500 6650 6800 6950 7100 7250 7400 7550
Number of coefficients for prediction: 
5
Number of formants: 
3
Winner is:
5450 5450 5450
Errors (total,f1,f2,f3): 
697.2 750.5 778.7 560.2 520.1 477.8 524.6 573 645.4 619 649.6 672.8 686.3 681.8 714.4 722.2 748.3 810.2 917.3 1027.5
86.9 85.2 82.2 80.5 79.6 79.9 83.2 87.3 88.1 92.1 92.8 94.3 94.3 90.7 92.3 91.7 94.6 101.2 105.8 110.2
285.1 332.4 346.3 266.4 246.1 245.4 252.6 283.9 323.1 316.7 331.2 336.9 338.1 331.9 329.3 322.6 330.9 345 392.6 431
325.2 332.9 350.2 213.3 194.4 152.5 188.8 201.8 234.2 210.2 225.6 241.6 253.9 259.2 292.8 307.9 322.8 364 418.9 486.3
Coefficients are (row-wise by formant):
558.1 -82.3 -0.7 -5.1 4.6 30.2
1698.5 282.3 -465.6 -39.1 -43.3 -177.1
2682.2 -45.5 -59.7 -44.6 38.3 -8.9
