chilean_match_interrogative-partial-wh_Por-que-hablaba-del-agua analysis information:
Number of steps:
20
Cutoff frequencies were: 
4700 4850 5000 5150 5300 5450 5600 5750 5900 6050 6200 6350 6500 6650 6800 6950 7100 7250 7400 7550
Number of coefficients for prediction: 
5
Number of formants: 
3
Winner is:
6200 6200 6200
Errors (total,f1,f2,f3): 
680.3 725.9 663.2 619.2 585.7 555.4 479 473.7 480.7 472.5 462.6 474.7 518.7 568.5 603.9 680.6 734.9 754 811.1 823.8
99.2 101.6 103.3 101 109.2 116.2 119.9 127.6 131.3 131.8 130.1 129.3 145.2 160.8 163.9 175.2 191.8 198.3 208.3 215.1
313 307.8 229.2 202.9 189.8 183.9 171.8 181.8 195.5 196 192.9 193.8 202.6 215.3 216.6 230.2 249.8 250.9 257.3 258.8
268.1 316.5 330.7 315.3 286.7 255.3 187.3 164.3 153.9 144.7 139.6 151.6 170.9 192.4 223.4 275.2 293.3 304.8 345.5 349.9
Coefficients are (row-wise by formant):
586.9 -21 -9.3 -47.7 -7.4 11.9
1684.1 115.7 -144.8 -7.5 -301.1 -228.5
2616.3 73.7 -56.6 85.2 -61.9 -19.6
