chilean_match_declarative-narrow-focus_David-leia-el-libro analysis information:
Number of steps:
20
Cutoff frequencies were: 
4700 4850 5000 5150 5300 5450 5600 5750 5900 6050 6200 6350 6500 6650 6800 6950 7100 7250 7400 7550
Number of coefficients for prediction: 
5
Number of formants: 
3
Winner is:
5750 5750 5750
Errors (total,f1,f2,f3): 
649.7 629.3 710.5 680.5 679.1 536.6 490.7 473.9 479 495.2 520.5 539.1 554.8 593.8 617.5 643.7 704 819.3 927.2 976.5
84 79 88.1 94 106.4 90.7 99.3 111 112.5 115.9 119.5 117.2 116.4 109.5 123.3 138.8 150 162.6 163.9 172.8
262.9 270.1 313.4 295.5 295 228.2 220.7 231.8 238.1 238.2 242.6 250.1 262.3 276.2 273.6 277.7 284.3 294.3 308.2 298.2
302.8 280.2 309 291 277.7 217.7 170.7 131.1 128.4 141.1 158.4 171.8 176.1 208.1 220.6 227.2 269.7 362.4 455.1 505.5
Coefficients are (row-wise by formant):
432.1 -5.3 100.7 -28.2 85.8 30.1
2021.3 119.3 -380.5 50.9 -39 -63.4
2916.2 -75.8 -94.2 16.6 25.6 -142
