chilean_match_declarative-broad-focus_David-leia-el-libro analysis information:
Number of steps:
20
Cutoff frequencies were: 
4700 4850 5000 5150 5300 5450 5600 5750 5900 6050 6200 6350 6500 6650 6800 6950 7100 7250 7400 7550
Number of coefficients for prediction: 
5
Number of formants: 
3
Winner is:
5300 5300 5300
Errors (total,f1,f2,f3): 
674.6 644 561.7 545.3 534.2 548.6 550.4 555 549.9 564.6 573.9 575.4 581.3 581.6 573.7 589.4 651.1 735.3 853.4 867.3
81.3 92.7 96.3 100.6 114.5 138.9 162.1 178 192.7 198.9 198 190.9 185.6 181.8 180.3 178.8 177 188.2 230.6 229
366.6 329.2 272.1 248.6 226.7 220.3 211.6 203.5 194.6 190.3 191.9 192.4 195.3 190.7 184.8 183.9 189.2 195.8 195 189
226.7 222.1 193.3 196.1 193 189.4 176.7 173.5 162.6 175.4 184 192.1 200.4 209.1 208.6 226.7 284.9 351.3 427.8 449.3
Coefficients are (row-wise by formant):
455.5 -43 91.6 -37.3 127.3 -10.9
2090.6 -202.6 -302.4 6.1 -142.2 -53.1
2655.3 -183.3 -149.3 -64.6 -116.9 -66
