cuban_match_interrogative-partial-wh_Cuando-leia-el-libro analysis information:
Number of steps:
20
Cutoff frequencies were: 
4700 4850 5000 5150 5300 5450 5600 5750 5900 6050 6200 6350 6500 6650 6800 6950 7100 7250 7400 7550
Number of coefficients for prediction: 
5
Number of formants: 
3
Winner is:
5900 5900 5900
Errors (total,f1,f2,f3): 
470.5 463.9 490 503.9 506 475.2 444.9 422.9 414.9 432.8 442.9 447.8 447.2 449.9 489.3 549.3 568.7 591.6 624.1 634.8
75 74.5 73.3 71.6 71.8 70.7 71.2 71.2 71.8 74.2 72.3 68.4 66.6 66.4 66.5 64.4 62.5 61.7 62.5 65.7
216.8 207 217.3 222.7 221.4 186.8 168.2 159.3 158.7 170.8 179.8 186.4 189 194.4 206.8 201.3 199.5 198.4 195.4 192.6
178.7 182.4 199.4 209.6 212.8 217.7 205.5 192.4 184.4 187.8 190.8 193 191.6 189.1 216 283.6 306.7 331.5 366.2 376.5
Coefficients are (row-wise by formant):
493 90.4 55.5 -19.6 51.5 55.3
1900.5 -7 -515 -77.4 -128.9 74.3
2606.5 113.3 -197.6 123.2 23.1 59.9
