cuban_mismatch_interrogative-total-yn_La-nina-lava-el-plato analysis information:
Number of steps:
20
Cutoff frequencies were: 
4700 4850 5000 5150 5300 5450 5600 5750 5900 6050 6200 6350 6500 6650 6800 6950 7100 7250 7400 7550
Number of coefficients for prediction: 
5
Number of formants: 
3
Winner is:
5600 5600 5600
Errors (total,f1,f2,f3): 
491.1 462 470.5 446.1 445.5 425.8 401.1 408.1 421 433.2 429.4 437.6 452.5 490.9 511.5 524.1 529.7 527.2 551.5 726.7
91.2 92 93.1 94.7 95.3 97 96.7 97.2 98.5 99.5 100.3 100.6 102.3 110.9 113.2 115.8 117.1 121.4 135.6 200.5
176 133.5 136.1 128.8 124.2 121.7 116.3 117 120.6 124.4 122.8 121.2 127.5 131.3 128.4 130.9 123.1 126.8 135 166.1
223.9 236.5 241.3 222.6 226 207.1 188.1 193.9 201.9 209.3 206.3 215.8 222.7 248.7 269.9 277.4 289.5 279 280.9 360.1
Coefficients are (row-wise by formant):
606.2 -53.9 -0.8 -4.7 25.1 -22.1
1866 269.8 -65.3 -177.2 -166.1 62.3
2647.2 274 74.5 -20.2 66 9.9
