cuban_match_declarative-broad-focus_Marta-abre-el-regalo analysis information:
Number of steps:
20
Cutoff frequencies were: 
4700 4850 5000 5150 5300 5450 5600 5750 5900 6050 6200 6350 6500 6650 6800 6950 7100 7250 7400 7550
Number of coefficients for prediction: 
5
Number of formants: 
3
Winner is:
5750 5750 5750
Errors (total,f1,f2,f3): 
526.7 547.1 534.8 453 386.4 333.8 302.7 293.6 301.8 309.8 315.5 321.8 324.9 325.4 340.8 349.6 374.4 386 410.9 443.9
91.1 91.8 91 90.3 90.5 90.2 90.3 90.3 91.6 91.9 91.9 91.9 91.2 90.8 96.9 100.5 110.5 117.4 125.5 127.7
221.6 231.1 208 148.9 114.5 99.7 85.6 83.6 84.2 85.5 87.4 88.7 86.7 84.8 84.7 85.7 85.4 86.5 88.4 91.4
214 224.2 235.8 213.8 181.4 143.9 126.8 119.7 126 132.4 136.2 141.2 147 149.8 159.2 163.4 178.5 182.1 197 224.8
Coefficients are (row-wise by formant):
618 39.8 17.4 -93.4 -65.2 71
1815.1 -37.4 -158.9 130.7 -149.7 -116
2557.9 37.4 -61.9 17.5 -58.3 -102.9
