cuban_match_interrogative-total-yn_Marta-abre-el-regalo analysis information:
Number of steps:
20
Cutoff frequencies were: 
4700 4850 5000 5150 5300 5450 5600 5750 5900 6050 6200 6350 6500 6650 6800 6950 7100 7250 7400 7550
Number of coefficients for prediction: 
5
Number of formants: 
3
Winner is:
5300 5300 5300
Errors (total,f1,f2,f3): 
445.6 466.9 460.4 387.2 366.8 377 382.8 392.4 413.5 422 423 426.8 431.9 432.5 459.9 479.7 487.8 553.4 590.9 608.3
77.9 76.6 80.9 80.8 82.7 83.4 85.4 87.1 96.5 96.8 97.8 97.3 97.4 95.8 108.7 117.1 119.4 145.3 149.2 147.8
181.2 160.4 156.5 118.4 111.1 112.3 110.8 111 112.5 112.7 113.1 116.1 116.5 115.2 114.4 125 122.3 124.9 131.8 132.3
186.5 229.9 223 188 173 181.3 186.6 194.3 204.5 212.5 212.1 213.4 218 221.5 236.8 237.6 246.1 283.2 309.9 328.2
Coefficients are (row-wise by formant):
583.8 50.2 -26 72.9 -171.7 -2.5
1762.4 115.6 -296.5 102.8 -114.6 -64.6
2461.8 57.7 -72.5 83.4 -218.8 24.3
