cuban_mismatch_interrogative-total-yn_La-maestra-vive-en-Paris analysis information:
Number of steps:
20
Cutoff frequencies were: 
4700 4850 5000 5150 5300 5450 5600 5750 5900 6050 6200 6350 6500 6650 6800 6950 7100 7250 7400 7550
Number of coefficients for prediction: 
5
Number of formants: 
3
Winner is:
4850 4850 4850
Errors (total,f1,f2,f3): 
538.2 525.1 602.3 617.8 655.3 609 593.6 598.1 540.8 588 672.1 662.6 653.7 661.8 687 699.4 702.7 713.3 769 897.2
131.8 140.5 208.8 233 228.1 224.4 220.7 217.8 211.6 218.6 232.9 233.4 233.1 234.1 240.9 240.2 240 243.8 261.8 316.9
208.8 189 186.3 192.5 210.9 196.4 200.2 210.7 189.2 199.5 213.9 197.1 183.2 180.4 184.2 185.7 180.7 183.7 185.1 188.1
197.6 195.6 207.2 192.3 216.3 188.2 172.7 169.6 140 169.9 225.3 232.1 237.4 247.3 261.9 273.5 282 285.8 322.1 392.2
Coefficients are (row-wise by formant):
489.7 95.5 27.1 55 -40.2 16.3
1724.3 -102.4 129.2 -58.6 -203.8 18.8
2217.1 -247.8 181.4 -94.7 -264 41.1
