cuban_match_declarative-narrow-focus_Daniel-iba-a-Bolivia analysis information:
Number of steps:
20
Cutoff frequencies were: 
4700 4850 5000 5150 5300 5450 5600 5750 5900 6050 6200 6350 6500 6650 6800 6950 7100 7250 7400 7550
Number of coefficients for prediction: 
5
Number of formants: 
3
Winner is:
5600 5600 5600
Errors (total,f1,f2,f3): 
452.6 532.1 503.9 554.1 466.4 429.8 414.2 453.4 468.7 498 519.8 539.7 565.6 566.5 596.5 617.3 645.1 682.1 698.3 697.6
100.6 101.8 98.3 103.5 100.9 98.2 108.3 119.9 126 133 140.4 139.9 141.2 137.2 148.2 151.5 154.8 166.9 166.7 163.1
213.1 269.3 230.8 229.8 196 182.4 155.3 153.8 157.6 168.2 178.4 183.5 186.3 188 202.1 203.8 204.3 217.5 228.6 231.1
138.9 161 174.8 220.8 169.5 149.2 150.6 179.7 185.1 196.8 201 216.3 238.1 241.3 246.2 262 286 297.7 303 303.4
Coefficients are (row-wise by formant):
485.7 107.6 -15.1 38.4 70.2 40.8
2005.3 78.1 210.5 19 -487.2 111.1
2695.9 126.1 -145.4 93 -95.5 90.3
