cuban_match_declarative-narrow-focus_Maria-bebe-el-vino analysis information:
Number of steps:
20
Cutoff frequencies were: 
4700 4850 5000 5150 5300 5450 5600 5750 5900 6050 6200 6350 6500 6650 6800 6950 7100 7250 7400 7550
Number of coefficients for prediction: 
5
Number of formants: 
3
Winner is:
5450 5450 5450
Errors (total,f1,f2,f3): 
574.3 516.1 526.5 436.2 373.7 358.2 360.5 366.4 390.6 397.9 417 428.9 433.9 434.4 462.8 467.3 502.1 518.2 528.3 553.3
81.5 94.1 96.6 96.5 96.6 96.8 96.3 94.5 94.6 90.8 86.7 84.9 82.3 82.5 96.7 98.1 119.6 123.8 126.1 127.4
322.7 239.1 225.9 192.6 148.7 136.3 133.7 136.3 145.4 144.2 149 152 152.9 154 158.2 157.7 156.5 160.2 164.4 170
170.1 182.9 204 147.1 128.4 125.1 130.5 135.6 150.6 162.9 181.3 192 198.7 197.9 207.9 211.5 226 234.2 237.8 255.9
Coefficients are (row-wise by formant):
477.9 122.5 -19.3 7 -15.4 82
1923.7 -5 -96.2 106.4 -272.1 -166
2518.7 123.1 -116.6 167.7 -150 -40.3
