cuban_match_declarative-broad-focus_Emilio-ama-la-marcha analysis information:
Number of steps:
20
Cutoff frequencies were: 
4700 4850 5000 5150 5300 5450 5600 5750 5900 6050 6200 6350 6500 6650 6800 6950 7100 7250 7400 7550
Number of coefficients for prediction: 
5
Number of formants: 
3
Winner is:
5600 5600 5600
Errors (total,f1,f2,f3): 
667.2 687.3 812.7 708.5 620.8 497.7 443.6 457.9 474.7 500.5 557.8 577.6 585.8 594.7 594.7 656.6 747.8 824.4 857 893.5
117.4 125.8 125.9 105.5 96.5 90.1 89 91.9 94.5 103.3 113.5 106.6 112.6 113.5 115.6 121.6 141.7 159.5 167.6 182.2
303 308.7 337.1 247.5 247 224.9 199.4 199.8 202.8 212.1 235.2 243.9 244.5 246.8 243.4 267 303.5 320.1 325.3 337.6
246.8 252.8 349.7 355.5 277.3 182.7 155.2 166.2 177.4 185.1 209.1 227.1 228.7 234.4 235.7 268 302.6 344.8 364.1 373.7
Coefficients are (row-wise by formant):
662.1 -125.8 -144.2 6.5 43.6 116.6
1899.9 181.3 240.7 -106.4 -244.4 -149.9
2800.2 66.6 -141.7 -80.9 14 5
