cuban_match_interrogative-partial-wh_Por-que-abre-el-regalo analysis information:
Number of steps:
20
Cutoff frequencies were: 
4700 4850 5000 5150 5300 5450 5600 5750 5900 6050 6200 6350 6500 6650 6800 6950 7100 7250 7400 7550
Number of coefficients for prediction: 
5
Number of formants: 
3
Winner is:
5900 5900 5900
Errors (total,f1,f2,f3): 
473.2 459.5 453.8 414.7 395.4 341.9 337.1 327.1 325.5 330 343.9 358.4 384.9 420.4 453.8 474.6 549.2 658.1 709.8 673.6
60.9 60.1 59.9 59.2 60.1 63.6 65.7 66.3 66.1 65.3 68.1 66.6 74.8 87.8 100.3 108.3 127.5 163.7 176.6 168.8
212.7 195.3 187.9 156.9 152.5 126.5 121.6 118.9 118.6 121.7 123.1 125.9 124.6 128.4 121.1 118.1 121.2 143 145.7 117.8
199.6 204.1 206 198.6 182.8 151.8 149.8 141.9 140.8 143 152.7 165.9 185.5 204.2 232.4 248.2 300.5 351.4 387.5 387
Coefficients are (row-wise by formant):
554.7 16.6 -78.3 10.5 -84.9 160.7
1792.9 1.4 -220.3 -2 -222 -162.5
2456.2 27.6 -74.2 96.2 -43.1 -75.2
