cuban_match_interrogative-total-yn_Manuela-vende-el-carro analysis information:
Number of steps:
20
Cutoff frequencies were: 
4700 4850 5000 5150 5300 5450 5600 5750 5900 6050 6200 6350 6500 6650 6800 6950 7100 7250 7400 7550
Number of coefficients for prediction: 
5
Number of formants: 
3
Winner is:
5600 5600 5600
Errors (total,f1,f2,f3): 
497.3 512.6 475.4 386.1 345.9 336.7 328.4 329.5 334.6 335.3 342.6 359.5 386.7 401.5 450.6 471 496.3 520.2 557.1 614.5
72.4 67 68.6 71.7 75.1 76.8 77.3 76.7 77 77.4 82.1 88.5 106.1 98.2 102.4 109.2 120 125.9 136.5 150.4
202.3 185.1 171 142.2 130.9 129.3 126.3 125 130 131.2 131.9 133.1 131.2 133.3 132.2 129 131.5 135.2 142.7 153.3
222.6 260.5 235.8 172.2 139.9 130.6 124.8 127.8 127.6 126.7 128.6 137.9 149.4 170 216 232.8 244.8 259.1 277.9 310.8
Coefficients are (row-wise by formant):
607.6 40.4 21.8 97.9 -122.3 65.9
1811.8 40.8 -317.3 143.7 3.7 -29.8
2496.6 161.7 -145.2 179.1 37.3 -5
