cuban_mismatch_interrogative-partial-wh_Por-que-vivia-en-Paris analysis information:
Number of steps:
20
Cutoff frequencies were: 
4700 4850 5000 5150 5300 5450 5600 5750 5900 6050 6200 6350 6500 6650 6800 6950 7100 7250 7400 7550
Number of coefficients for prediction: 
5
Number of formants: 
3
Winner is:
5750 5750 5750
Errors (total,f1,f2,f3): 
594.9 601.8 574.8 567 571.6 559.3 510.7 480.5 480.5 533.1 550.4 652.6 676.6 686.5 708.1 734.4 756.5 780.1 803.1 848
154.8 162 154.8 150.3 152.8 147.5 151.2 154.1 169.5 180.5 178.3 198.4 205.6 210.1 212.9 216.3 219.7 219.4 222 228.8
182.2 180.7 179.7 186.6 173.6 161.3 153.7 139.6 139 156.9 162.1 186.3 190 193.1 209.4 222.9 229.5 234.5 236.2 241.4
257.9 259.1 240.3 230.1 245.2 250.5 205.8 186.8 172 195.7 210 267.9 281 283.3 285.8 295.2 307.3 326.2 344.9 377.8
Coefficients are (row-wise by formant):
631.1 -322.3 282.4 -209 144.5 -111.8
1966.1 -289.4 -61.1 -196.1 -156.5 43.7
2788.9 -355.4 244.7 -171.8 109.3 32.7
