cuban_match_interrogative-partial-wh_Cuando-vendia-el-carro analysis information:
Number of steps:
20
Cutoff frequencies were: 
4700 4850 5000 5150 5300 5450 5600 5750 5900 6050 6200 6350 6500 6650 6800 6950 7100 7250 7400 7550
Number of coefficients for prediction: 
5
Number of formants: 
3
Winner is:
4700 4700 4700
Errors (total,f1,f2,f3): 
519 523.1 551.4 581.7 558.6 562.3 628.5 633.7 633.5 689.8 707.4 698.6 665.7 691.2 700.3 698 706.8 730.1 761.2 810.1
94.4 100.6 110.6 118.4 131.9 149.6 179.9 180.1 184.8 211.3 225.2 226.7 219.4 222.9 235 223.5 225.2 229 231.8 241.9
234.8 218.7 211 207.9 180.5 168.5 184.8 195.8 178.6 179.5 174.6 171.2 168.3 181.5 178.8 181.4 189.4 196.5 201.8 222.3
189.8 203.8 229.8 255.4 246.2 244.2 263.8 257.8 270.1 299 307.6 300.7 278 286.8 286.5 293.1 292.2 304.6 327.6 345.9
Coefficients are (row-wise by formant):
518.2 2.7 -9.2 136.2 -105.6 71.2
1622.9 -86.4 -324.8 65.8 -30.3 45
2154.7 -58.5 -314.7 7.2 -24.7 125.3
