cuban_mismatch_declarative-narrow-focus_Mi-madre-come-la-fruta analysis information:
Number of steps:
20
Cutoff frequencies were: 
4700 4850 5000 5150 5300 5450 5600 5750 5900 6050 6200 6350 6500 6650 6800 6950 7100 7250 7400 7550
Number of coefficients for prediction: 
5
Number of formants: 
3
Winner is:
5750 5750 5750
Errors (total,f1,f2,f3): 
655.6 669.1 633.9 624 611.5 590.2 562.1 551.1 575.7 578.8 613.2 664.2 671 688.2 715.4 761.5 797.3 839.3 838.9 875.2
123.9 123.4 123.3 123.6 123.4 124.4 131 132.8 136.9 135.1 138.9 142 145.1 144.9 147.5 153.4 156.2 161.7 160.6 167.2
298.6 306.3 291.1 284.9 268.1 262.6 253.2 242.8 244.9 244.6 258.9 261.4 261.9 258.7 256.2 245.7 231.1 216.8 215.8 223.2
233.1 239.4 219.5 215.5 220 203.2 177.9 175.5 193.9 199.1 215.4 260.8 264 284.6 311.7 362.4 410 460.8 462.5 484.8
Coefficients are (row-wise by formant):
566.5 -40.3 -53 -43.3 -61.6 -68.3
1746.5 -20.2 46 -45.2 -39.9 85.5
2620.9 14.9 32.9 -80.6 -17.4 79.7
