cuban_statement_filler_Cocinabas-por-la-noche analysis information:
Number of steps:
20
Cutoff frequencies were: 
4700 4850 5000 5150 5300 5450 5600 5750 5900 6050 6200 6350 6500 6650 6800 6950 7100 7250 7400 7550
Number of coefficients for prediction: 
5
Number of formants: 
3
Winner is:
4700 4700 4700
Errors (total,f1,f2,f3): 
610.4 727.8 763.6 722.2 708.4 673.1 671.9 651.9 611.2 638.1 654.1 670.9 720 788.9 865.9 846.6 934.2 988.4 992.8 969.1
122.4 144.1 166.1 180.4 197.5 206.7 211.3 203.7 206.4 213.4 215 216.3 230.7 259.9 269.9 277.5 323.3 344.9 346.6 344.4
183.4 210.9 225.6 182.1 163.4 146.5 148.8 153.1 155.2 161.2 164.4 164.3 172.8 197.4 209.4 230.2 260.3 296 311.1 301.7
304.6 372.8 371.9 359.7 347.5 319.9 311.8 295.1 249.6 263.5 274.7 290.3 316.5 331.6 386.6 338.9 350.6 347.5 335.1 323
Coefficients are (row-wise by formant):
531.1 87.7 -122.2 -69.5 97.1 -24.9
1492.7 -4.3 -0.5 -199 -256.5 -300.2
2049 -89.4 78.4 -248.9 -36.1 -259
