cuban_match_interrogative-total-yn_Emilio-ama-la-marcha analysis information:
Number of steps:
20
Cutoff frequencies were: 
4700 4850 5000 5150 5300 5450 5600 5750 5900 6050 6200 6350 6500 6650 6800 6950 7100 7250 7400 7550
Number of coefficients for prediction: 
5
Number of formants: 
3
Winner is:
5600 5600 5600
Errors (total,f1,f2,f3): 
595.9 661 683.7 587.8 576.3 576.8 569.7 570.2 615.1 606.5 608.7 637.7 673.6 687.5 752.5 848.3 958.1 1059.5 1149.6 1218.8
116.3 115.4 115.9 115.4 117.1 118.2 124.7 130.4 154.8 160.8 157.6 163.5 172.8 185.5 204.6 229.9 250.3 258.3 269.7 297
250.4 272.7 275.9 245.2 240.4 238 219.8 213.4 220.1 214.3 213.2 218.2 226 223.4 245.3 273.7 310.9 344.9 365.4 375.8
229.2 272.9 291.9 227.2 218.8 220.6 225.2 226.4 240.2 231.4 237.9 256 274.8 278.6 302.6 344.7 396.9 456.3 514.5 546
Coefficients are (row-wise by formant):
584.5 -10.2 -172.1 -6.2 -43.3 118.6
1819.6 38.1 153.5 60 -190.1 -27.1
2581.3 9.8 -213.5 -10.6 -170.1 78.5
