cuban_mismatch_declarative-narrow-focus_Mi-novio-viene-del-lago analysis information:
Number of steps:
20
Cutoff frequencies were: 
4700 4850 5000 5150 5300 5450 5600 5750 5900 6050 6200 6350 6500 6650 6800 6950 7100 7250 7400 7550
Number of coefficients for prediction: 
5
Number of formants: 
3
Winner is:
5450 5450 5450
Errors (total,f1,f2,f3): 
591.5 566.5 551.9 512.1 437 387.5 387.5 396.3 405.7 418.8 433.1 439.9 435.2 424.6 421.3 444.8 462 511.1 553.2 657
71.8 72.5 71.9 71.7 73 74.3 74.8 75.2 75.5 75.7 75.6 75.3 74.8 74.7 74.7 75 74.4 74.9 76.5 93.8
254.1 247 258.2 246.1 228.9 221.6 221.4 223.5 225.3 229.6 232.8 234.5 232.6 233.7 232.4 234.6 231.3 235.9 242.8 262.7
265.6 247 221.8 194.3 135.1 91.6 91.3 97.6 104.9 113.5 124.7 130.1 127.8 116.2 114.2 135.2 156.3 200.3 233.9 300.5
Coefficients are (row-wise by formant):
517.3 -73 28.7 -36.9 -57.2 -15.2
1776.4 157.8 -153.8 329 -81.6 -76.7
2610.5 -98.6 -83.2 104.2 -88.1 -66.6
