cuban_mismatch_declarative-broad-focus_La-nina-lava-el-plato analysis information:
Number of steps:
20
Cutoff frequencies were: 
4700 4850 5000 5150 5300 5450 5600 5750 5900 6050 6200 6350 6500 6650 6800 6950 7100 7250 7400 7550
Number of coefficients for prediction: 
5
Number of formants: 
3
Winner is:
6200 6200 6200
Errors (total,f1,f2,f3): 
545.6 551.7 572.9 591.1 660.4 523.7 509.5 508.5 519 501.6 497.2 530.1 520.6 551.5 574.3 562.1 580.5 571 560.6 592.5
98.6 95.4 95.5 98.1 106.7 105.2 106.7 113.8 116.5 115.5 117.9 128 128.3 139.4 148.4 146.9 146.3 150 149.4 154.8
254.2 236.6 227.6 221.3 244.9 174 139.4 126.4 129.1 122.1 122 136.9 125.9 134.5 137.9 142.3 157.3 145.9 146.7 164.5
192.8 219.7 249.8 271.7 308.8 244.5 263.4 268.3 273.4 264 257.3 265.2 266.4 277.6 288 272.9 276.9 275.1 264.5 273.2
Coefficients are (row-wise by formant):
595.5 -46.4 -18.9 -5.3 52.4 87.1
1910.2 227.8 26.4 -160.5 -176.7 -84.9
2786.8 123 58.9 -299.9 -289.2 -117.6
