cuban_mismatch_interrogative-total-yn_El-bebe-comia-muy-bien analysis information:
Number of steps:
20
Cutoff frequencies were: 
4700 4850 5000 5150 5300 5450 5600 5750 5900 6050 6200 6350 6500 6650 6800 6950 7100 7250 7400 7550
Number of coefficients for prediction: 
5
Number of formants: 
3
Winner is:
6050 6050 6050
Errors (total,f1,f2,f3): 
541.8 573.4 654.9 691 640.2 592.6 547 539.1 516 504.6 507.1 518.4 505 510.8 505.6 528.3 540.8 580 725.2 764.6
82.7 85.5 85.1 86 85.2 86.5 88.4 90.3 88.1 85.9 88.5 87.1 86 84.6 86.5 90.3 98.4 109.3 154 162.5
279.3 308.5 349.6 375 342.5 312.3 280.6 278.8 269.4 265.6 272.9 274.6 258.3 262.5 262.3 260.5 258.6 263.4 270.7 261.5
179.8 179.4 220.2 230 212.5 193.8 178 170 158.5 153.1 145.7 156.7 160.7 163.7 156.8 177.5 183.8 207.3 300.5 340.6
Coefficients are (row-wise by formant):
459.6 88.5 -46.3 31.4 -56.9 32.7
1868.2 -44.7 75.2 195.8 -132.5 16.4
2585.8 -75.6 -9.5 55.5 -5.3 -20.2
