cuban_match_interrogative-partial-wh_Por-que-hablaba-del-agua analysis information:
Number of steps:
20
Cutoff frequencies were: 
4700 4850 5000 5150 5300 5450 5600 5750 5900 6050 6200 6350 6500 6650 6800 6950 7100 7250 7400 7550
Number of coefficients for prediction: 
5
Number of formants: 
3
Winner is:
5750 5750 5750
Errors (total,f1,f2,f3): 
486.9 527.5 585.7 578.9 519.9 453 409.7 394.7 398.7 410.5 425.9 456.9 458.7 492.9 512.7 546.9 567.9 610 656.2 718.7
97.6 106.5 115.5 115.8 115.3 127.8 127 121.2 122.7 123.4 132.8 140.2 139.6 147.9 144.5 151.2 151.4 152.5 152.7 165.4
163 167.7 168.6 161.1 148.8 142.6 139.2 143.2 144.8 148.9 151.3 155 159.2 163 175.2 179.3 184.5 191.8 206.7 231.3
226.3 253.3 301.6 302 255.8 182.6 143.5 130.3 131.2 138.2 141.8 161.7 159.9 182 193 216.4 232 265.7 296.8 322
Coefficients are (row-wise by formant):
638.4 -96.1 -37.6 -28.7 37.1 -58.1
1586.3 177.2 -161.7 -57.6 -40 -302.1
2602 -209 -74.1 24.2 25.7 -25.3
