cuban_mismatch_interrogative-partial-wh_Cuando-miraba-la-luna analysis information:
Number of steps:
20
Cutoff frequencies were: 
4700 4850 5000 5150 5300 5450 5600 5750 5900 6050 6200 6350 6500 6650 6800 6950 7100 7250 7400 7550
Number of coefficients for prediction: 
5
Number of formants: 
3
Winner is:
7550 7550 7550
Errors (total,f1,f2,f3): 
650.9 626.7 665.6 680.5 602.8 602.4 620.7 619.2 623.7 617.9 623.6 623.8 625.8 627.2 620.9 609.7 620 609.7 597.6 571.3
87.2 86.2 85.4 84.2 84.7 85.7 85.8 84.6 83.6 81.5 79.7 78.4 77.4 77.2 75.3 75.9 76.2 77.2 78.5 80.9
310 281.2 282.3 282.1 253.4 239.6 230.5 227.6 227.3 218.7 219.8 220 222.5 225.7 211.3 204 203 197.1 199 189.1
253.7 259.3 297.9 314.2 264.7 277.1 304.4 307 312.8 317.7 324.1 325.4 325.9 324.3 334.3 329.8 340.8 335.4 320.1 301.3
Coefficients are (row-wise by formant):
512.3 97.3 -107 37.7 61.5 154.1
1663.6 68.9 -14.8 -160.9 -30.8 -91.9
3010.4 -35.7 352.4 24.3 83.5 -18.7
