cuban_match_interrogative-partial-wh_Cuando-bebia-el-vino analysis information:
Number of steps:
20
Cutoff frequencies were: 
4700 4850 5000 5150 5300 5450 5600 5750 5900 6050 6200 6350 6500 6650 6800 6950 7100 7250 7400 7550
Number of coefficients for prediction: 
5
Number of formants: 
3
Winner is:
6950 6950 6950
Errors (total,f1,f2,f3): 
490.2 468.3 475.9 463 466.1 497.3 507.8 525.9 508.2 510.6 504.2 501.6 492.9 484.9 465.3 453.2 463.3 470.2 461 496.5
70.7 71.9 74.2 73.4 73.6 74.2 72.9 71.8 69.4 67.9 68.1 68.2 69.4 70.5 72.1 73.9 80.9 86.7 84 101.5
221.9 195.9 203.4 184.5 188.2 206.4 201.8 210 210.1 208.4 206.2 204.3 197.2 191.7 191.7 187.6 194.2 196.5 194.7 203.3
197.6 200.5 198.3 205.1 204.3 216.7 233.1 244.1 228.7 234.3 229.9 229.1 226.3 222.7 201.5 191.7 188.2 187 182.3 191.7
Coefficients are (row-wise by formant):
466.9 147.5 59.1 57.9 12.9 -7.5
1854.1 -393.7 -221.8 120.9 -126.6 -65.6
2869.4 308.5 268 240.2 -97.4 -77.4
