cuban_match_declarative-broad-focus_Mariano-habla-del-tiempo analysis information:
Number of steps:
20
Cutoff frequencies were: 
4700 4850 5000 5150 5300 5450 5600 5750 5900 6050 6200 6350 6500 6650 6800 6950 7100 7250 7400 7550
Number of coefficients for prediction: 
5
Number of formants: 
3
Winner is:
5300 5300 5300
Errors (total,f1,f2,f3): 
572 562.3 551.4 533.5 492.1 501.8 501.3 500 512 516 530.8 559.5 552 565.3 572.7 580.8 580.9 594.7 624.4 703.9
106.8 109 111.5 113.8 116.1 117.6 117.9 116.8 116.9 117.8 118.4 119 120.2 121.4 122.2 125.6 125.1 127.6 137 145.3
249.2 235.6 215.5 210.6 185.1 194.7 197.5 199.1 204.8 201 200.8 204.4 194.4 198.5 194.2 198.1 196.2 191.4 192.4 210.2
216 217.7 224.4 209.1 190.9 189.5 185.9 184.1 190.3 197.2 211.6 236.1 237.4 245.4 256.3 257.1 259.6 275.7 295 348.4
Coefficients are (row-wise by formant):
567.2 97.9 -100.6 -8.8 15.7 19.3
1761.2 90.4 -73.8 147.6 -437.6 -94.9
2475.4 50 6.6 30.2 -114.3 -36.9
