cuban_mismatch_declarative-broad-focus_El-hombre-mira-la-luna analysis information:
Number of steps:
20
Cutoff frequencies were: 
4700 4850 5000 5150 5300 5450 5600 5750 5900 6050 6200 6350 6500 6650 6800 6950 7100 7250 7400 7550
Number of coefficients for prediction: 
5
Number of formants: 
3
Winner is:
5600 5600 5600
Errors (total,f1,f2,f3): 
511.8 490.5 491.7 458.1 416.9 398.5 386.1 412.4 415.1 413.6 431.9 481.8 504.1 550.2 583.3 552.5 551.3 580 678 746.2
94 85.4 83.8 84.1 83.4 83.9 83.9 105.4 105.4 98.4 98.6 114 123.2 140.4 157.4 161.6 162 164.1 183.9 201.1
182.7 163 169.9 161.6 158.5 155.7 152.2 149.2 147.5 150.7 154.5 165.1 171.3 188.7 200.9 189.8 191 204.2 225.3 239.4
235.1 242.1 238 212.4 175 158.9 150 157.8 162.2 164.5 178.8 202.7 209.6 221.1 225 201.1 198.3 211.7 268.8 305.7
Coefficients are (row-wise by formant):
471.8 79.6 -107.7 144.2 -6.2 -62.8
1738.4 138.4 -77.9 42.7 261 146.7
2409.9 107.1 -241.3 259.4 167.1 4.3
