cuban_match_interrogative-partial-wh_Por-que-iba-a-Bolivia analysis information:
Number of steps:
20
Cutoff frequencies were: 
4700 4850 5000 5150 5300 5450 5600 5750 5900 6050 6200 6350 6500 6650 6800 6950 7100 7250 7400 7550
Number of coefficients for prediction: 
5
Number of formants: 
3
Winner is:
6050 6050 6050
Errors (total,f1,f2,f3): 
589.6 597.8 615.9 533.3 540.9 528.4 488.6 473.2 436.4 420.3 441.4 447.8 452.7 457.4 475.1 512.2 577.4 671.5 736.2 822.9
87 88.3 92.6 93.1 106.2 105.1 112.1 115.3 121 124 136.3 138.2 137.3 138 142.8 149 167.6 188.4 188.5 192.7
272.5 272.4 293 251.3 248.9 249.3 238.9 224.2 199 184.5 178.8 180.7 181.8 184 189.2 201.5 213.5 231 235.5 242.1
230.1 237.1 230.3 188.9 185.8 174 137.6 133.7 116.4 111.8 126.3 128.9 133.6 135.4 143.1 161.7 196.3 252.1 312.2 388.1
Coefficients are (row-wise by formant):
517 111.8 -39 -90.8 -54.8 -20.8
1810.9 -227.3 -12.2 -67.4 -502.1 -68.3
2588.6 77.9 -20.1 7.2 -82.4 -6.8
