cuban_match_declarative-broad-focus_Daniel-iba-a-Bolivia analysis information:
Number of steps:
20
Cutoff frequencies were: 
4700 4850 5000 5150 5300 5450 5600 5750 5900 6050 6200 6350 6500 6650 6800 6950 7100 7250 7400 7550
Number of coefficients for prediction: 
5
Number of formants: 
3
Winner is:
5450 5450 5450
Errors (total,f1,f2,f3): 
681.8 630.3 574.1 473.1 421.5 411.4 434.9 445.1 453.3 470.7 503.1 541.6 567.9 622.8 660 698.5 775.2 817.2 840 880.8
97.5 94.5 96.1 93.6 103.3 104.4 111.1 113.5 111.3 109.3 116.3 121 122.2 130.3 136.5 140.8 150.6 151 156 163
359.2 313.9 282.2 228.2 189.7 187 191.4 190.1 188.7 192 195.4 203.5 212.6 233.6 238.1 249.1 258.4 252.2 248.5 263.8
225.1 221.9 195.8 151.3 128.5 120 132.4 141.5 153.3 169.4 191.4 217.1 233.1 258.9 285.4 308.6 366.2 414 435.5 454
Coefficients are (row-wise by formant):
474.7 109.8 -6.4 37.8 32.8 91.2
1932.3 134.6 176.5 118.9 -541.5 -12.4
2612.3 75.3 -86.7 33.4 -111.1 -21
