cuban_mismatch_interrogative-partial-wh_Por-que-desayuna-muy-bien analysis information:
Number of steps:
20
Cutoff frequencies were: 
4700 4850 5000 5150 5300 5450 5600 5750 5900 6050 6200 6350 6500 6650 6800 6950 7100 7250 7400 7550
Number of coefficients for prediction: 
5
Number of formants: 
3
Winner is:
6200 6200 6200
Errors (total,f1,f2,f3): 
614 574.8 579 598.1 618.7 605.1 585.9 551.2 532.3 522 516.2 528.7 539.7 547.8 590 643.1 679 748.7 821.7 903.5
82.7 82.5 82.9 82.3 82.2 84.3 87.4 91 92.2 92.7 92.4 93.7 93.6 94.5 107.3 120.9 132.2 156.8 181.7 208.8
283.9 253.1 225.9 240.3 266.5 263.7 259.8 238.1 234 236.7 234.9 236.7 240 240.2 255.1 260.5 266.7 288.7 310.2 328.3
247.4 239.2 270.2 275.5 270 257.1 238.7 222.1 206.1 192.6 188.9 198.3 206.1 213.1 227.6 261.7 280.1 303.2 329.8 366.4
Coefficients are (row-wise by formant):
496 76.2 -31.6 7.7 -31.5 0.5
1893.9 -145.4 -60.7 -353.7 -205.1 61.3
2738.6 118.7 48.1 -293.4 -18 105.1
