cuban_mismatch_interrogative-partial-wh_Cuando-lavaba-el-plato analysis information:
Number of steps:
20
Cutoff frequencies were: 
4700 4850 5000 5150 5300 5450 5600 5750 5900 6050 6200 6350 6500 6650 6800 6950 7100 7250 7400 7550
Number of coefficients for prediction: 
5
Number of formants: 
3
Winner is:
6350 6350 6350
Errors (total,f1,f2,f3): 
442.2 463.1 521.1 553.1 553.6 523.5 496.1 431.5 394.1 381.6 378.7 377.4 392.8 398.1 410.8 402.6 422.3 413.6 433.9 441.1
89 85.2 85.3 82.7 88.2 90.8 91.2 92.9 93.9 92.1 92.8 91.7 92.8 91.8 97 95.1 97.8 101.6 105.6 112.7
187.2 178.5 174.3 170.3 151.1 147.4 140.4 124.7 114.6 110.2 110.9 114.2 127 122.9 126.7 126.1 129.5 132.5 138 140.7
166 199.4 261.5 300.1 314.3 285.3 264.5 213.9 185.6 179.3 175 171.5 173 183.4 187.1 181.4 195 179.5 190.3 187.7
Coefficients are (row-wise by formant):
566.6 37.9 5.4 3 -146.1 163.9
1561.2 -52.8 -74.5 97.9 -111.6 -123
2814.6 0.6 283.4 -36 -142.3 -2.2
