cuban_mismatch_declarative-broad-focus_La-maestra-vive-en-Paris analysis information:
Number of steps:
20
Cutoff frequencies were: 
4700 4850 5000 5150 5300 5450 5600 5750 5900 6050 6200 6350 6500 6650 6800 6950 7100 7250 7400 7550
Number of coefficients for prediction: 
5
Number of formants: 
3
Winner is:
5300 5300 5300
Errors (total,f1,f2,f3): 
630.7 569.9 514.1 517.7 473.2 489.4 568.8 564.3 597.7 688.4 698 709.5 709.8 731.1 750.8 755.5 746.5 765.5 795.3 870.7
79.9 79.1 77.6 79.7 80.3 101.9 165 171.9 175.1 218.7 219.3 223.1 222.7 223.6 224 216.4 213.6 222 225.5 235.1
285.7 241.9 222.3 225.5 180 181.1 195.7 195.3 205.1 217.4 221.8 223.5 225.1 236.2 253 246.4 237.8 236.8 256.9 281.6
265.1 248.9 214.2 212.5 212.9 206.4 208.1 197.1 217.5 252.3 256.9 262.9 262 271.3 273.8 292.7 295.1 306.7 312.9 354
Coefficients are (row-wise by formant):
507.2 137.9 -54.5 9.4 -83.8 72.6
1856.2 -47.5 -16.9 -172.6 65.1 126.8
2413.8 -61.2 27 -130.5 122.5 217.8
