cuban_match_declarative-narrow-focus_Manuela-vende-el-carro analysis information:
Number of steps:
20
Cutoff frequencies were: 
4700 4850 5000 5150 5300 5450 5600 5750 5900 6050 6200 6350 6500 6650 6800 6950 7100 7250 7400 7550
Number of coefficients for prediction: 
5
Number of formants: 
3
Winner is:
5600 5600 5600
Errors (total,f1,f2,f3): 
544.8 562.5 533.6 445.5 377.7 377.8 372.9 378.6 379.2 387.1 396.5 398.7 403.2 416.6 427.3 460.1 491.8 523.3 577.4 697.4
89.1 87.7 86.5 88 85.9 87.7 88.6 89.9 90.5 91.3 91.5 90.9 90.5 94.5 96.9 112.7 127.1 143.3 153.5 164.3
244.6 240.7 213.1 172.6 141.1 137.7 131.7 132.7 129.1 131 134.2 136.3 139.4 141.3 142.7 149.2 154.7 153.2 160.9 175.1
211.1 234.1 234 184.9 150.7 152.4 152.6 156 159.6 164.8 170.8 171.5 173.3 180.8 187.7 198.2 210 226.8 263 358
Coefficients are (row-wise by formant):
516.6 66.6 -89.1 83.3 -180 25.4
1772 -54.8 -310.6 65 -8.7 -72.6
2426.8 0.1 -195.5 -3.9 -3.5 -72.6
