cuban_mismatch_interrogative-total-yn_El-nino-oye-el-rio analysis information:
Number of steps:
20
Cutoff frequencies were: 
4700 4850 5000 5150 5300 5450 5600 5750 5900 6050 6200 6350 6500 6650 6800 6950 7100 7250 7400 7550
Number of coefficients for prediction: 
5
Number of formants: 
3
Winner is:
7100 7100 7100
Errors (total,f1,f2,f3): 
596 556.9 584.6 580 562.6 574.3 542.1 547 533.7 551.8 582.1 578.2 547.7 552.5 523.8 505.7 446.6 451.7 484 537.4
48 42.7 40.6 40.5 38.9 37.9 41.7 44.7 49.9 56.1 59.5 59.6 58 57.8 54.3 50.8 48.4 50.5 52.1 58.7
322.2 292.8 295.6 291 295.5 298 217 203.9 188.2 196.9 219.6 234.7 210.1 214.9 200.6 203 190.6 182.9 188.6 198.2
225.8 221.4 248.4 248.5 228.2 238.4 283.4 298.4 295.6 298.8 303 283.9 279.6 279.8 268.9 251.9 207.6 218.3 243.3 280.5
Coefficients are (row-wise by formant):
495.4 -15 -64.3 -11.9 61.5 31.8
2022.3 103.8 44.3 188 -431.2 -174.2
3104.3 200.9 155 108.2 -280.1 -265
