cuban_match_interrogative-total-yn_Maria-bebe-el-vino analysis information:
Number of steps:
20
Cutoff frequencies were: 
4700 4850 5000 5150 5300 5450 5600 5750 5900 6050 6200 6350 6500 6650 6800 6950 7100 7250 7400 7550
Number of coefficients for prediction: 
5
Number of formants: 
3
Winner is:
5750 5750 5750
Errors (total,f1,f2,f3): 
561 538.9 482.9 416.3 422.2 397.5 405.6 387 431.6 450.3 471 467 530.6 550.3 524.1 571 602.3 593 640.8 694.6
92.8 89.5 87.8 88.4 98.5 95.2 96.4 93.9 105.9 101.4 108.7 99 109.5 112 106.9 112.8 116.5 113.5 115.2 143.4
241.3 223.6 193.3 169.4 164.2 158.1 154.9 151.8 160.3 164 167.3 172.1 192.2 197.5 193 197.1 202.2 186.7 181.9 181.7
226.9 225.8 201.8 158.5 159.5 144.2 154.3 141.3 165.4 184.9 195 195.9 228.9 240.8 224.2 261.1 283.6 292.8 343.7 369.5
Coefficients are (row-wise by formant):
473.8 87.7 -53.8 -39.3 -60.4 -6.5
1894 -82 -270.5 52.4 -431.5 -49.6
2543.8 40.3 -263.6 100.1 -318.2 -88.3
