cuban_mismatch_declarative-broad-focus_Mi-tia-odia-la-lluvia analysis information:
Number of steps:
20
Cutoff frequencies were: 
4700 4850 5000 5150 5300 5450 5600 5750 5900 6050 6200 6350 6500 6650 6800 6950 7100 7250 7400 7550
Number of coefficients for prediction: 
5
Number of formants: 
3
Winner is:
6200 6200 6200
Errors (total,f1,f2,f3): 
615.6 609 563.8 596 666 668.9 643.3 574.2 559.1 520.9 516.2 528.9 543.6 583.4 611 624.2 657.7 686.9 728.4 755.4
81.3 80.6 80.6 77.5 79.5 79.6 79.9 87.3 98.9 87.2 84.8 94.8 101.2 114.9 121 128.9 144.7 152.7 163.3 164.5
354.2 358.5 301.3 311.6 341.7 355.7 333.3 272.7 252.3 240.9 244.4 249 250.2 251.6 251.2 248.2 245.2 245.3 247.8 255.9
180.1 169.9 181.9 206.9 244.8 233.6 230.1 214.2 207.9 192.8 187 185.1 192.2 216.9 238.8 247.1 267.8 288.9 317.3 335
Coefficients are (row-wise by formant):
482.5 37.9 -113.5 -34.5 42.2 34
1957 174.6 79.4 -67 -220.6 -390.3
2746.1 59.1 -115.9 -60.2 -110.7 -149.9
