cuban_match_declarative-narrow-focus_Mariano-habla-del-tiempo analysis information:
Number of steps:
20
Cutoff frequencies were: 
4700 4850 5000 5150 5300 5450 5600 5750 5900 6050 6200 6350 6500 6650 6800 6950 7100 7250 7400 7550
Number of coefficients for prediction: 
5
Number of formants: 
3
Winner is:
4850 4850 4850
Errors (total,f1,f2,f3): 
514.2 507.5 517.3 544.2 552.5 546 554 559 591.5 571 594.6 588.1 572.4 552.7 568.4 580.8 655.6 662.4 714.2 776.2
88.1 90 93.5 100 109.7 118.7 126.4 139.5 138.4 137.2 141.8 131.9 124.4 124.2 128.1 130.9 163.4 171.7 184.5 202.2
214.4 201.2 200.5 195.3 214.6 215.5 222.8 231.2 232.3 226.2 232 219.4 209.9 203.9 206.5 201.6 210.8 205.3 206.6 205.1
211.7 216.3 223.3 248.9 228.2 211.8 204.8 188.3 220.8 207.6 220.8 236.8 238.1 224.6 233.8 248.3 281.4 285.4 323.1 368.9
Coefficients are (row-wise by formant):
507.1 201.1 -81.4 35.9 -8.7 27.5
1692.1 259.9 -343.5 326.4 -11.7 -145.1
2249.5 34 -151.6 197.3 -91.8 -94.9
