cuban_mismatch_interrogative-total-yn_Mi-novio-viene-del-lago analysis information:
Number of steps:
20
Cutoff frequencies were: 
4700 4850 5000 5150 5300 5450 5600 5750 5900 6050 6200 6350 6500 6650 6800 6950 7100 7250 7400 7550
Number of coefficients for prediction: 
5
Number of formants: 
3
Winner is:
5900 5900 5900
Errors (total,f1,f2,f3): 
570.9 579.9 535.4 550.2 576.8 547.4 555.3 543.6 508.2 520.5 554 580 563 548.1 535.5 535.7 547.3 557 593.2 603.6
87.6 90 89.1 92.9 92.3 93.3 94.6 95.7 97.8 99.2 100.8 101.5 100.6 100.3 101.8 102.9 105 105.8 108.8 113.8
239.5 229.9 196.9 209.6 238.9 222 227.4 215.1 193.1 199.1 211.6 218.3 222.2 221 219.6 218.6 216.8 214.6 226.2 218.5
243.8 260 249.4 247.7 245.6 232.1 233.3 232.8 217.3 222.2 241.6 260.2 240.2 226.8 214.1 214.2 225.5 236.6 258.2 271.3
Coefficients are (row-wise by formant):
537.5 -40.6 -1.7 37.5 -93.4 -6.9
1746.9 213.8 -309.2 273.8 87 60.3
2612.7 156.8 -59.6 219.4 -22 43.1
