cuban_mismatch_interrogative-partial-wh_Por-que-odiaba-la-lluvia analysis information:
Number of steps:
20
Cutoff frequencies were: 
4700 4850 5000 5150 5300 5450 5600 5750 5900 6050 6200 6350 6500 6650 6800 6950 7100 7250 7400 7550
Number of coefficients for prediction: 
5
Number of formants: 
3
Winner is:
5900 5900 5900
Errors (total,f1,f2,f3): 
737.5 706.9 676.1 721.2 724.9 680.5 581.2 583.2 568.1 587.3 605.1 636 653.8 665.3 689.6 686.9 704.3 722.2 809.9 869.5
74.2 81.9 80.1 80.6 79 79.2 94.5 99.9 96.8 100.6 102.9 107.9 113.2 113.2 116.1 116.3 117.7 124.2 140.6 154
349.2 333.8 319.9 316 322.4 325.7 293.5 288 288.4 291.6 294.6 299.4 301 303.5 305.5 299.6 301.3 298.9 305.3 305.3
314.1 291.2 276.1 324.6 323.5 275.6 193.2 195.3 182.9 195.1 207.6 228.7 239.6 248.6 268 271 285.3 299.1 364 410.2
Coefficients are (row-wise by formant):
530.8 7.2 -60.3 -45.1 66.9 -53.9
1743.2 -75.9 -83.2 -179.7 -51.2 -178.7
2725.4 1.3 -78.7 -46.3 -103.9 20.7
