cuban_mismatch_declarative-narrow-focus_La-maestra-vive-en-Paris analysis information:
Number of steps:
20
Cutoff frequencies were: 
4700 4850 5000 5150 5300 5450 5600 5750 5900 6050 6200 6350 6500 6650 6800 6950 7100 7250 7400 7550
Number of coefficients for prediction: 
5
Number of formants: 
3
Winner is:
5900 5900 5900
Errors (total,f1,f2,f3): 
585.1 609.6 595.1 547.5 471.9 428 404.9 421.7 397.7 426.3 446.5 516.1 564.9 637.9 648.3 646.3 644.3 648.9 660.4 684.6
99.3 100.8 100.6 103.2 103.1 109.2 107.4 116.2 118.6 123.8 131.4 164.6 185.2 225.8 242.5 234.1 230.7 223.9 221.3 222.1
249.3 247.8 220.7 197.6 170.8 157.4 156.6 167.7 159.7 175.1 183.1 191.8 204.7 215.4 208.4 213.6 212.2 224.1 216.4 211.6
236.5 261 273.8 246.7 198 161.4 140.9 137.8 119.4 127.4 132 159.7 175 196.7 197.4 198.6 201.4 200.9 222.7 250.9
Coefficients are (row-wise by formant):
530.5 86.5 61.9 -63.6 -15.6 -15.9
1969.4 -157.7 115.4 -240.1 -76.2 -111.4
2683.7 -139.3 108.5 -130.4 63.4 -100.4
