cuban_match_declarative-broad-focus_Ana-lleva-el-abrigo analysis information:
Number of steps:
20
Cutoff frequencies were: 
4700 4850 5000 5150 5300 5450 5600 5750 5900 6050 6200 6350 6500 6650 6800 6950 7100 7250 7400 7550
Number of coefficients for prediction: 
5
Number of formants: 
3
Winner is:
5600 5600 5600
Errors (total,f1,f2,f3): 
532.2 540.7 526.9 533.8 422.7 383.4 374.4 386.2 395.7 436.5 460.9 499.2 534.9 558.8 563.5 578.9 566.7 548.6 536.8 546.1
61.9 61.1 61.2 58.6 54 52.4 50.4 50.8 49.6 50.9 52.1 54.9 55.6 56.3 56.5 58.1 58.2 58.2 59.3 61
245.5 236.3 208.1 217.5 191.8 178.3 172 168.1 167.8 172.7 178.4 184.7 192.5 192.9 186.1 194.5 195.6 198.7 201.4 200.9
224.8 243.3 257.6 257.7 176.9 152.7 152 167.3 178.3 212.9 230.4 259.6 286.8 309.6 320.9 326.3 312.9 291.7 276.1 284.2
Coefficients are (row-wise by formant):
576.9 132.7 37.1 74.3 81.8 -81.8
1876.3 113 -124.1 13.8 -276.5 198.2
2641.8 -17.5 160 12.8 -56.7 78.5
