cuban_mismatch_interrogative-total-yn_Mi-tia-odia-la-lluvia analysis information:
Number of steps:
20
Cutoff frequencies were: 
4700 4850 5000 5150 5300 5450 5600 5750 5900 6050 6200 6350 6500 6650 6800 6950 7100 7250 7400 7550
Number of coefficients for prediction: 
5
Number of formants: 
3
Winner is:
4850 4850 4850
Errors (total,f1,f2,f3): 
507 495 620.4 613.4 627.1 622.4 590.7 566.2 557.8 588.7 602.9 601.2 617.6 615.4 633.1 642.4 649.3 703.5 737.4 750.4
71.1 71.9 72.1 72.1 75.8 71.7 84.3 95.2 98.1 113 113.9 114.3 113.8 114.1 123.8 129.2 136 143.2 160.6 167.1
262.1 247.1 305.2 297.4 313.6 337.9 313.4 293.2 282.7 273.1 274.2 275.5 284.1 284.5 281.3 272.8 259.9 262 248.2 248.3
173.8 176 243.1 243.9 237.7 212.8 193 177.8 177 202.6 214.8 211.4 219.7 216.8 228 240.4 253.4 298.3 328.6 335
Coefficients are (row-wise by formant):
479.1 -12.5 -97.9 -43.3 27.5 28.8
1697 52.5 -69 -21.1 -130.1 -274.4
2369.4 91.7 71.9 13.3 -193.9 -84.8
