cuban_mismatch_declarative-narrow-focus_La-nina-lava-el-plato analysis information:
Number of steps:
20
Cutoff frequencies were: 
4700 4850 5000 5150 5300 5450 5600 5750 5900 6050 6200 6350 6500 6650 6800 6950 7100 7250 7400 7550
Number of coefficients for prediction: 
5
Number of formants: 
3
Winner is:
5900 5900 5900
Errors (total,f1,f2,f3): 
848.5 765 737.8 686 614.1 575.2 483.9 419.3 404.5 418.6 451.5 473.3 496.2 485 458.5 500.4 551.5 567.2 541.5 508.5
96.9 94.7 88.7 84.6 83.4 84.7 86.4 83.9 86 86.5 86.8 86.6 86 84.1 83.8 87.9 92.2 93.5 98.1 99.7
473.6 383.3 334.7 309.9 300.1 273.1 209.1 178.7 171.9 177.8 193.9 201.8 209 219.3 220.9 219.9 207.3 185.1 147.9 118.3
278 287 314.4 291.5 230.6 217.4 188.4 156.7 146.6 154.3 170.8 184.9 201.2 181.6 153.8 192.6 252 288.6 295.5 290.5
Coefficients are (row-wise by formant):
599.2 -37.8 -26.5 58.2 85.7 94.2
1939.7 284.9 91.8 -73.8 -184.3 -46
2766.9 200.5 103 -99 -82.1 -23.3
