cuban_mismatch_declarative-narrow-focus_Mi-tia-odia-la-lluvia analysis information:
Number of steps:
20
Cutoff frequencies were: 
4700 4850 5000 5150 5300 5450 5600 5750 5900 6050 6200 6350 6500 6650 6800 6950 7100 7250 7400 7550
Number of coefficients for prediction: 
5
Number of formants: 
3
Winner is:
6350 6350 6350
Errors (total,f1,f2,f3): 
712 741.1 655.5 650 592.7 557.1 526.6 512 503.5 496.6 493.9 492.4 510.6 498.8 493.9 508.3 552.3 583.6 625.9 685
80 80.1 78.5 78.5 77 76.6 75.2 74.4 74.5 74.1 76.9 74.9 75.7 75.8 76.3 77.4 78.9 84.5 88.1 110.1
344.3 353 321.9 307 291.2 282 262.7 253.8 253.6 262.7 259.9 261 270.4 267.3 261.8 266.6 270.8 267.2 271.3 269
287.7 308 255.1 264.5 224.5 198.5 188.7 183.8 175.4 159.8 157.1 156.5 164.5 155.7 155.8 164.3 202.6 231.9 266.5 305.9
Coefficients are (row-wise by formant):
512 14.4 -108.6 -72.9 56 21.1
1944.2 202.7 114 -23.5 -113.9 -428.4
2787.1 172.4 -122.7 -110.7 -30.6 -97.2
