cuban_match_declarative-broad-focus_Maria-bebe-el-vino analysis information:
Number of steps:
20
Cutoff frequencies were: 
4700 4850 5000 5150 5300 5450 5600 5750 5900 6050 6200 6350 6500 6650 6800 6950 7100 7250 7400 7550
Number of coefficients for prediction: 
5
Number of formants: 
3
Winner is:
5450 5450 5450
Errors (total,f1,f2,f3): 
791.3 817.2 771.8 593.2 495.7 447.8 461.3 477.7 476.3 470 474 506.1 541.9 564.6 582.7 558.5 535 539.8 579.2 609.5
94.2 94.7 100.4 94.6 92.5 95.4 96.5 97.8 96.2 93.4 92.3 91.4 89.6 88.5 89.8 91.7 90.9 94.9 97.1 98.3
468.4 475.2 399.8 246.7 194.3 165.2 164.8 165.1 161.2 162.6 164.5 170.6 176.9 179.4 184.4 180.3 177.5 178.8 179.7 180.3
228.7 247.3 271.6 251.9 208.9 187.2 200 214.8 218.9 214 217.2 244.1 275.4 296.7 308.5 286.5 266.6 266.1 302.4 330.9
Coefficients are (row-wise by formant):
489.6 107.9 -38.2 -43.2 -8.6 -18.1
1947.1 -63.1 -143.1 -34.7 -472 71
2592.8 -60.2 -20 34.8 -435.4 61.3
