cuban_match_interrogative-partial-wh_Por-que-ama-la-navidad analysis information:
Number of steps:
20
Cutoff frequencies were: 
4700 4850 5000 5150 5300 5450 5600 5750 5900 6050 6200 6350 6500 6650 6800 6950 7100 7250 7400 7550
Number of coefficients for prediction: 
5
Number of formants: 
3
Winner is:
5750 5750 5750
Errors (total,f1,f2,f3): 
522.3 581.8 564 586.2 566.8 532.6 517.4 509 541.4 583.3 563.9 545.5 542.9 546.1 555.8 550.6 548.8 544 587.5 614.8
94.3 94.4 91.5 95.3 101.1 102.6 107.8 114.9 124.9 141.8 140.4 139.9 140.8 144.2 147.6 150.2 155.4 158.1 175.8 177
196.5 227 211.6 212.6 215.2 208.5 203.7 189.7 200.1 204.4 202.2 203.1 206.2 205 209.4 199.3 195.7 188 191.9 191.4
231.5 260.4 260.9 278.3 250.5 221.5 205.9 204.4 216.4 237.1 221.3 202.5 195.9 196.9 198.8 201.1 197.7 197.9 219.8 246.4
Coefficients are (row-wise by formant):
626 7.1 -65.9 -185.8 35.5 -21.5
1709 -29.5 -13.5 -228 -86.2 -251.8
2451.8 141.9 91.9 -138.9 135 -23.3
