cuban_match_interrogative-total-yn_Mariano-habla-del-tiempo analysis information:
Number of steps:
20
Cutoff frequencies were: 
4700 4850 5000 5150 5300 5450 5600 5750 5900 6050 6200 6350 6500 6650 6800 6950 7100 7250 7400 7550
Number of coefficients for prediction: 
5
Number of formants: 
3
Winner is:
5750 5750 5750
Errors (total,f1,f2,f3): 
579.9 585 607.2 621.5 560 512.3 469 467.8 484.6 509.7 522.5 575.1 553.7 611 615.8 630.2 641.6 683.7 715.3 853.3
99.7 95.9 98.3 101.5 103.7 106.5 109.3 109.1 112.1 115.8 116.2 121.2 121 125.5 127 129 133.5 138.3 148.1 183
261.2 236.8 231.3 242.9 221.3 208.1 189.7 191.1 194.6 206.8 217.2 234.5 225.3 244.6 245.3 242 243.1 249 252.3 267.8
219 252.3 277.6 277.1 235 197.7 170 167.6 177.9 187.1 189.1 219.4 207.4 240.9 243.5 259.2 265 296.4 314.9 402.5
Coefficients are (row-wise by formant):
547.5 143 -63.5 5.5 -34.1 29.6
1791.2 227.5 -283.7 316.4 -257.5 -138.3
2582.1 146.3 -128.8 140.2 5.4 -16.1
