cuban_match_declarative-broad-focus_Manuela-vende-el-carro analysis information:
Number of steps:
20
Cutoff frequencies were: 
4700 4850 5000 5150 5300 5450 5600 5750 5900 6050 6200 6350 6500 6650 6800 6950 7100 7250 7400 7550
Number of coefficients for prediction: 
5
Number of formants: 
3
Winner is:
5600 5600 5600
Errors (total,f1,f2,f3): 
534.3 506.5 535.4 496.1 468.2 462.2 444.4 486 456 456.7 454.3 462.8 455.7 453.8 479.2 501 499.3 512.5 551.8 609.6
95.7 92.1 93.7 95.4 98.7 106 110.6 112.4 113.7 115.4 113.9 114.9 111.7 113.4 121 126.8 127.7 129 136.2 144.5
256.1 222.3 206.1 185.4 155.5 139.5 130.4 156.6 129 129.7 122.9 122.6 120.5 123.5 127 128.1 131.2 135 141 144.4
182.5 192.1 235.6 215.3 214 216.7 203.4 217 213.3 211.6 217.5 225.3 223.5 216.9 231.2 246.1 240.4 248.5 274.6 320.7
Coefficients are (row-wise by formant):
555.8 36.3 -31.7 -38.3 -96.6 83
1779.8 -142.5 -230.5 88.5 -58.7 -89.1
2435.9 -34.9 -121.7 62.6 -39.5 -33.5
