cuban_mismatch_interrogative-partial-wh_Por-que-oia-el-rio analysis information:
Number of steps:
20
Cutoff frequencies were: 
4700 4850 5000 5150 5300 5450 5600 5750 5900 6050 6200 6350 6500 6650 6800 6950 7100 7250 7400 7550
Number of coefficients for prediction: 
5
Number of formants: 
3
Winner is:
5750 5750 5750
Errors (total,f1,f2,f3): 
596.2 623.9 632.7 632.8 637 653.4 574 548 567.4 569 593.3 611.4 622.2 637.4 629.2 635.7 642.7 689.3 771.2 881.9
63.9 64.3 67 68.1 74.6 93.6 101.4 117.9 139 146.7 160 162.5 156.9 157.2 149.3 151 153.6 163.9 178.8 208.2
263.2 275.4 261.2 251.6 251 243.4 235.7 229.9 230.5 227.5 232.6 238.3 242.2 247.2 249 255.2 259.7 277.4 304 340.6
269.1 284.2 304.5 313.1 311.4 316.4 236.9 200.2 197.9 194.8 200.7 210.6 223.1 233 230.9 229.5 229.4 248 288.4 333.1
Coefficients are (row-wise by formant):
538.8 -14.4 -64 16 1.1 19.8
1852.1 -279.1 -207 11.6 -284.9 70.8
2698.2 -48.2 -6.4 -9 -5.6 50.8
