cuban_mismatch_declarative-broad-focus_El-bebe-comia-muy-bien analysis information:
Number of steps:
20
Cutoff frequencies were: 
4700 4850 5000 5150 5300 5450 5600 5750 5900 6050 6200 6350 6500 6650 6800 6950 7100 7250 7400 7550
Number of coefficients for prediction: 
5
Number of formants: 
3
Winner is:
6350 6350 6350
Errors (total,f1,f2,f3): 
587.1 591.3 624.4 628 637.5 622 587.5 541.9 509.7 510.9 507.9 506.5 530.8 512.7 514.9 536.6 533.3 547.3 602.8 612.5
68.9 67.7 67.7 66.1 67.7 68.3 69.9 70.3 68.8 68.9 68.6 68.9 67.6 67 68.3 69.7 73.8 72.7 90 91.9
338.5 333.5 338 325.8 333.9 319.3 274.9 256.5 239.2 244.3 234.3 227.6 236.3 228.7 223.8 228.5 217.8 212.5 220.2 219.8
179.7 190.1 218.7 236.1 235.9 234.4 242.7 215.1 201.7 197.7 205 210 226.9 217 222.8 238.4 241.7 262.1 292.6 300.8
Coefficients are (row-wise by formant):
426.2 148.1 -101.1 37.5 -46.6 -11.3
1905.6 -43 173.7 137.2 -34.2 139.6
2734.2 -313.2 174.2 -134.1 -58.3 175.6
