cuban_match_interrogative-partial-wh_Cuando-lleva-el-abrigo analysis information:
Number of steps:
20
Cutoff frequencies were: 
4700 4850 5000 5150 5300 5450 5600 5750 5900 6050 6200 6350 6500 6650 6800 6950 7100 7250 7400 7550
Number of coefficients for prediction: 
5
Number of formants: 
3
Winner is:
4700 4700 4700
Errors (total,f1,f2,f3): 
374.5 386.7 419.2 432.5 492 509 564.9 524 523.6 515.8 500 481.4 516.1 451.5 424.4 458.5 474.5 502.2 537 558.5
69.8 70.7 70.5 71.3 72 72.3 73.3 75.6 79.4 79.2 85.4 84 84.5 84.9 82.9 86.9 87.3 87.4 91.8 94.9
149 160.5 166.4 175.4 194.5 183.6 192 176.5 169.5 167.6 167.8 172.2 172.9 165.2 159.1 169.8 175.4 175.4 181.3 190.9
155.7 155.5 182.3 185.8 225.5 253.1 299.6 271.9 274.7 269 246.8 225.2 258.7 201.4 182.4 201.8 211.8 239.4 263.9 272.7
Coefficients are (row-wise by formant):
488 99.7 -60.8 59.7 65.7 30.4
1545.9 -74.3 -279.3 -62.8 -259.4 160.7
2015.7 -242 -48.7 -49.6 -287.9 311.2
