cuban_mismatch_declarative-broad-focus_El-nino-oye-el-rio analysis information:
Number of steps:
20
Cutoff frequencies were: 
4700 4850 5000 5150 5300 5450 5600 5750 5900 6050 6200 6350 6500 6650 6800 6950 7100 7250 7400 7550
Number of coefficients for prediction: 
5
Number of formants: 
3
Winner is:
6050 6050 6050
Errors (total,f1,f2,f3): 
726.5 738.8 737.6 756.8 757.5 756.3 707.2 624.7 638.4 621.8 624.7 668 677.5 673.4 662.1 671.9 671.8 680.5 685.9 699.8
62.5 62.1 58 60.3 62 62.1 63.3 60.9 61.6 59.7 58 58.3 58.9 55.9 57.2 59.7 60 61.5 67.2 76.3
434.7 442.3 437 433.5 411.6 387.4 352.9 294.9 303.4 275.4 264.4 293.6 299.1 287.4 268.1 255.8 254.3 257.9 264 268.8
229.3 234.4 242.6 263 283.9 306.8 291 268.9 273.4 286.7 302.3 316.1 319.5 330.1 336.8 356.4 357.5 361.1 354.7 354.7
Coefficients are (row-wise by formant):
472.7 33.2 -99.4 31.9 44.9 40.1
1996.1 105.6 218.6 234 -416.4 2.1
2990.4 141.8 -113 -71.6 -172.5 -70.3
