cuban_mismatch_declarative-narrow-focus_El-nino-oye-el-rio analysis information:
Number of steps:
20
Cutoff frequencies were: 
4700 4850 5000 5150 5300 5450 5600 5750 5900 6050 6200 6350 6500 6650 6800 6950 7100 7250 7400 7550
Number of coefficients for prediction: 
5
Number of formants: 
3
Winner is:
5600 5600 5600
Errors (total,f1,f2,f3): 
707.1 662 585.4 574.7 530.6 474.7 448.5 461.6 487.4 502.6 525.3 541.2 575 620 691.5 770.7 811.1 821.7 822.7 800.4
83.6 71 59.6 61 60.8 60.3 59.2 58.6 58.6 56.2 54.6 50.3 50.4 51.7 57.9 65.1 74 81.3 85.6 90.2
370.3 338.6 279.6 270.4 252.4 237.4 222.7 225.5 230.6 234.8 241.1 242.5 246.6 255.4 275.5 321.5 336.5 339.8 320.6 305.2
253.2 252.4 246.2 243.3 217.4 177 166.6 177.5 198.2 211.6 229.6 248.4 278 312.9 358.1 384.1 400.6 400.6 416.5 405
Coefficients are (row-wise by formant):
482.2 63.6 -77.2 30.3 18.2 31.8
2117.4 321.7 69.6 125.3 -426.8 107.9
2796.5 87.7 30.5 -57.7 -50.2 27.6
