cuban_mismatch_declarative-narrow-focus_El-hombre-mira-la-luna analysis information:
Number of steps:
20
Cutoff frequencies were: 
4700 4850 5000 5150 5300 5450 5600 5750 5900 6050 6200 6350 6500 6650 6800 6950 7100 7250 7400 7550
Number of coefficients for prediction: 
5
Number of formants: 
3
Winner is:
5450 5450 5450
Errors (total,f1,f2,f3): 
590.2 647.1 590 486.8 435.9 401.5 406.5 421.5 450.4 469.4 511.3 535.8 539.8 568.3 579.4 590 604.6 634.1 668 695.4
107.4 116.6 116.1 118.9 121.2 131 138.2 150.2 159.6 166.4 172.8 175.8 179 180.8 171.5 166.2 162.2 160.8 157.8 160.5
237.2 259.9 213.4 159.2 144.5 133.4 133.8 138 150.7 159.9 174.6 182.6 189.6 189.8 184.7 187.6 189.4 197.5 199.8 199.5
245.6 270.6 260.5 208.7 170.2 137.1 134.5 133.3 140.1 143.1 163.9 177.4 171.2 197.7 223.2 236.2 253 275.8 310.4 335.4
Coefficients are (row-wise by formant):
496.7 14.4 -14.7 97.1 28.4 -83.1
1783 64.4 64.8 118.3 270.1 72.1
2467.3 27.6 23.7 193.7 48.5 -56.5
