cuban_mismatch_interrogative-partial-wh_Por-que-venia-del-lago analysis information:
Number of steps:
20
Cutoff frequencies were: 
4700 4850 5000 5150 5300 5450 5600 5750 5900 6050 6200 6350 6500 6650 6800 6950 7100 7250 7400 7550
Number of coefficients for prediction: 
5
Number of formants: 
3
Winner is:
6200 6200 6200
Errors (total,f1,f2,f3): 
419.3 461.3 517.5 505.5 487.7 465 459.4 434.1 428.9 430.9 402.6 413.6 492.8 538.6 540.5 576.8 590.2 621.4 628.4 601
76.4 76.7 78.9 81.5 84.2 87.9 88.1 90 92 97.3 106.9 108.8 116.7 121.1 119.9 121.4 121.1 134 135.1 134.9
136.4 145.2 140.8 136.1 137.7 130.5 139.1 134 136.8 139.7 128 127.5 143.8 154.3 155.2 170.3 173.8 177.5 187.7 183.2
206.5 239.4 297.8 287.9 265.8 246.6 232.2 210.1 200.1 193.9 167.7 177.3 232.3 263.2 265.4 285.1 295.3 309.9 305.6 282.9
Coefficients are (row-wise by formant):
579 -38.3 -28.5 9.9 -70.9 14.9
1701.1 55 -475.9 -63.1 -126.6 15.9
2688 -47.9 -250 -2.3 37.4 30.7
