cuban_mismatch_declarative-broad-focus_Mi-novio-viene-del-lago analysis information:
Number of steps:
20
Cutoff frequencies were: 
4700 4850 5000 5150 5300 5450 5600 5750 5900 6050 6200 6350 6500 6650 6800 6950 7100 7250 7400 7550
Number of coefficients for prediction: 
5
Number of formants: 
3
Winner is:
5750 5750 5750
Errors (total,f1,f2,f3): 
640.8 653.9 579.8 519 489.2 460.8 457.3 455.2 466.3 483.7 499.6 520.9 540 558.8 571 577.2 615.4 669.6 750.7 777.3
86.9 85.6 82.3 82.8 84.1 84.8 85.3 84.9 84.4 84.7 84.9 85.4 86.4 87.2 88.1 89 90.5 92.4 92.5 93.7
270.1 261.9 219.6 208 209.1 203 202.6 202.2 203.3 198.1 200.9 206.2 211.1 216.2 216.1 218.1 235.3 252.9 287.5 291.5
283.8 306.4 277.9 228.2 196 173 169.4 168.1 178.6 200.9 213.8 229.3 242.5 255.4 266.8 270.1 289.6 324.3 370.7 392.1
Coefficients are (row-wise by formant):
509.9 -50.2 -15 37.4 -112.5 37.4
1735.5 143 -308.6 218.4 -81.8 -93.9
2568.8 0.6 -78.3 87.6 -90.1 -93.4
