cuban_mismatch_interrogative-total-yn_El-hombre-mira-la-luna analysis information:
Number of steps:
20
Cutoff frequencies were: 
4700 4850 5000 5150 5300 5450 5600 5750 5900 6050 6200 6350 6500 6650 6800 6950 7100 7250 7400 7550
Number of coefficients for prediction: 
5
Number of formants: 
3
Winner is:
5750 5750 5750
Errors (total,f1,f2,f3): 
529 503.1 454.6 428.5 409.4 398.9 394.6 387.8 390.7 413.7 410.7 407.9 420.9 436.6 469.1 500.6 554.1 616 596 599.8
104.4 106.2 106.5 106 105.9 103.6 103.5 102.4 101.6 107.9 109.1 108.9 112.3 117.5 125 132.1 142.4 154.9 165.5 184.8
201.8 181.9 157.3 153.3 153.6 153.3 154.8 157.2 160.1 167 167.8 167.8 169.1 172 181.4 197.4 212.2 237 167.3 163.8
222.8 215 190.8 169.2 149.9 142 136.3 128.2 129 138.8 133.8 131.2 139.5 147.1 162.7 171.1 199.5 224.1 263.2 251.2
Coefficients are (row-wise by formant):
549.5 -33.9 -36 81.3 10.8 -54.8
1754.6 80.6 -133.7 54.8 234.6 79.9
2550.4 -119.7 -133.3 161.3 117.4 -10.4
