cuban_match_declarative-narrow-focus_Emilio-ama-la-marcha analysis information:
Number of steps:
20
Cutoff frequencies were: 
4700 4850 5000 5150 5300 5450 5600 5750 5900 6050 6200 6350 6500 6650 6800 6950 7100 7250 7400 7550
Number of coefficients for prediction: 
5
Number of formants: 
3
Winner is:
5750 5750 5750
Errors (total,f1,f2,f3): 
602.2 607.6 619.4 576 561.4 534.4 490.9 487.2 534.7 601.2 667.5 662.5 725.2 755.1 780.9 845.4 867 911.1 931.2 972.1
117.1 121.3 124.4 129.8 136.1 132.9 135.6 133.9 147.3 178.9 191.4 181.9 196.4 204 210 217.3 220.5 232.3 242.2 260.3
268.2 267.2 264.5 207.9 193.2 188.8 169.2 168.9 189.7 197.2 221.3 221.6 254.8 254.7 256.6 270.6 260.8 272.2 277.2 283.3
216.9 219.1 230.5 238.3 232.1 212.7 186.1 184.4 197.7 225.1 254.8 259 274 296.4 314.3 357.5 385.7 406.6 411.8 428.5
Coefficients are (row-wise by formant):
570.2 -85.6 -67 -16.2 99 7
1925 217.1 304.7 -212.2 -152.8 -134.8
2659.7 -20.6 -14.2 -97.9 6.1 -54.8
