mexican_match_declarative-broad-focus_Maria-bebe-el-vino analysis information:
Number of steps:
20
Cutoff frequencies were: 
4700 4850 5000 5150 5300 5450 5600 5750 5900 6050 6200 6350 6500 6650 6800 6950 7100 7250 7400 7550
Number of coefficients for prediction: 
5
Number of formants: 
3
Winner is:
6200 6200 6200
Errors (total,f1,f2,f3): 
430.4 510.2 529.7 496.1 483.3 457.5 439.3 425 413.5 407.2 406 430.5 454.9 442.9 448.4 461.4 476.7 489.6 504.7 508.9
52.8 53.7 55.1 54.9 56 56.6 57.1 57.9 57.7 58.4 59.6 70.4 87.9 87.3 92.5 94 100.6 100.6 104.2 103.1
217.8 251.9 256.1 225.6 225.3 227.4 225.9 219.7 200.4 194.9 188.8 184.1 179.6 178.3 181.6 182.8 183.5 183.8 183.7 185.3
159.8 204.6 218.5 215.6 202 173.5 156.3 147.4 155.4 153.9 157.6 176 187.4 177.3 174.3 184.6 192.6 205.2 216.8 220.5
Coefficients are (row-wise by formant):
453.8 61 -1 -19.5 -44.1 11.8
1890.9 5.6 -10.7 97.8 -181.7 -87.9
2551.7 102.1 -142.4 64.9 -216 -96.3
