mexican_match_declarative-broad-focus_Emilio-ama-la-marcha analysis information:
Number of steps:
20
Cutoff frequencies were: 
4700 4850 5000 5150 5300 5450 5600 5750 5900 6050 6200 6350 6500 6650 6800 6950 7100 7250 7400 7550
Number of coefficients for prediction: 
5
Number of formants: 
3
Winner is:
5750 5750 5750
Errors (total,f1,f2,f3): 
564.3 587.3 586.8 578.1 572.3 539.1 542.1 525.5 538.9 571.5 580 572.2 542.5 553.1 546.2 564.4 613.9 618.1 655.3 664.6
83 81.6 80.1 81.2 81.9 81.1 82.1 82.9 84.8 87.1 97 102.5 106.9 115.5 117.6 128.3 150.4 151.7 164.4 165.4
251.6 232 222.9 203.6 202.5 177.3 181.9 177.8 195.1 211.1 215 206.2 182.4 182.9 175.2 181.5 197.3 195.5 213 219.4
229.7 273.7 283.8 293.3 287.9 280.7 278.1 264.8 259 273.3 268 263.5 253.2 254.7 253.4 254.6 266.2 270.9 277.9 279.8
Coefficients are (row-wise by formant):
536.8 -75.3 4.4 -29.7 71 -15.1
1778.4 130.3 278.7 -30.1 -36.6 -220
2476 -24.1 207.1 45.5 83.6 -341.8
