mexican_mismatch_interrogative-partial-wh_Por-que-vivia-en-Paris analysis information:
Number of steps:
20
Cutoff frequencies were: 
4700 4850 5000 5150 5300 5450 5600 5750 5900 6050 6200 6350 6500 6650 6800 6950 7100 7250 7400 7550
Number of coefficients for prediction: 
5
Number of formants: 
3
Winner is:
5750 5750 5750
Errors (total,f1,f2,f3): 
665.8 709.2 703 641.6 545.2 500.9 444.1 416.7 443.2 426.3 459 499.8 520.6 630.8 629.1 631 678.2 839.8 899 913
86.2 86.9 88.4 87.4 91.3 88.4 87.6 94.7 114.8 116.8 134.3 144.8 152.8 203.7 202.7 207.1 209.1 242.4 250.9 253.8
375.8 391.4 385.3 349.7 269.8 242 201 173.4 174 156.5 153.7 161.1 168 202.5 188.4 186.2 214.6 283.6 294.3 298.7
203.8 230.9 229.3 204.5 184.1 170.5 155.5 148.6 154.4 153 171 193.9 199.8 224.6 238 237.7 254.5 313.8 353.8 360.5
Coefficients are (row-wise by formant):
451.7 -38.5 10.9 -9.5 36.7 -53.3
1957.8 -130.8 6.7 -146.2 -310.2 87.3
2607.9 -136.7 108.1 -101.5 -88.7 76.9
