mexican_match_interrogative-partial-wh_Por-que-abre-el-regalo analysis information:
Number of steps:
20
Cutoff frequencies were: 
4700 4850 5000 5150 5300 5450 5600 5750 5900 6050 6200 6350 6500 6650 6800 6950 7100 7250 7400 7550
Number of coefficients for prediction: 
5
Number of formants: 
3
Winner is:
5750 5750 5750
Errors (total,f1,f2,f3): 
604.8 621.8 584.6 534.8 485.8 445.4 418.7 407.3 411.5 419.1 439.8 449.8 443.9 441.8 439 447.5 461.3 500.9 558.9 600.4
93.6 97.7 97.2 100.2 100.5 97.2 97.9 104.8 108.1 107.8 108.6 109.9 109.9 104.8 107 111.1 115 134.4 141.8 151.3
233.4 190.2 166.3 144.7 129.4 131.3 123.4 117 115.7 122.8 140.6 147 142.9 139.4 134.2 136.1 140.3 155 182.6 193.5
277.8 333.9 321.1 289.9 255.9 216.9 197.4 185.5 187.7 188.5 190.6 192.9 191.1 197.6 197.8 200.3 206 211.5 234.5 255.6
Coefficients are (row-wise by formant):
518.9 41 -8.3 -28.9 -108.4 35.2
1736.4 1.1 -62.1 0.6 -191.3 -157.9
2527.2 -36.2 -32.2 79.1 -125.9 -74.6
