mexican_mismatch_declarative-broad-focus_Mi-tia-odia-la-lluvia analysis information:
Number of steps:
20
Cutoff frequencies were: 
4700 4850 5000 5150 5300 5450 5600 5750 5900 6050 6200 6350 6500 6650 6800 6950 7100 7250 7400 7550
Number of coefficients for prediction: 
5
Number of formants: 
3
Winner is:
6650 6650 6650
Errors (total,f1,f2,f3): 
807.3 781.7 678.1 637.4 611.5 636.4 624 548.5 549 523.6 517.1 514.5 509.1 500.1 505.7 530.2 532 632.5 636.3 667.2
83.4 83.3 82.5 83.5 81.3 82.1 82.4 82.5 82.2 81.4 79.6 78.2 77.1 76.1 75.7 75.9 76.2 104 102.9 106.9
456.1 416.8 342.1 318.1 287.6 284 314.7 292.8 292.3 271.8 272.2 270.9 269.3 260.5 261.8 269.8 258.7 270.2 248.2 267.2
267.8 281.6 253.5 235.8 242.6 270.3 226.9 173.2 174.5 170.4 165.3 165.4 162.7 163.5 168.2 184.5 197.1 258.3 285.2 293.1
Coefficients are (row-wise by formant):
488.2 19.1 -90.4 -77.5 15.5 9.4
1981.5 38.7 168.6 66 -75.6 -169.1
2820 19.3 -40 1.7 -62.9 -68.7
