mexican_question_filler_Felipe-no-tiene-contrasena analysis information:
Number of steps:
20
Cutoff frequencies were: 
4700 4850 5000 5150 5300 5450 5600 5750 5900 6050 6200 6350 6500 6650 6800 6950 7100 7250 7400 7550
Number of coefficients for prediction: 
5
Number of formants: 
3
Winner is:
6350 6350 6350
Errors (total,f1,f2,f3): 
672.5 683 743.7 767.1 760 759.1 703.1 594.4 556 484.6 473.8 436.7 453.9 461.2 500.6 602.8 673.6 735.7 784.1 801.2
81 78.2 75.8 75.9 75.5 79.1 76.3 77.1 80.8 76.2 79.2 79.9 92 94 102.1 131.6 148.6 160.6 165.5 166.5
364.8 336.4 348.1 345.7 331.8 332.7 307 242.8 226.8 200.5 191.6 159.2 158.5 158.4 161 166.6 170.9 184.8 208 214
226.7 268.4 319.8 345.5 352.7 347.3 319.8 274.5 248.4 207.9 203 197.6 203.4 208.8 237.5 304.6 354.1 390.3 410.6 420.7
Coefficients are (row-wise by formant):
500.4 -41.5 -8.3 1.4 4.7 -0.9
1952.7 58.1 68.9 -58.9 2.5 142.2
2845.6 -178.7 77.2 -95.8 58.1 126.3
