mexican_mismatch_declarative-broad-focus_El-bebe-comia-muy-bien analysis information:
Number of steps:
20
Cutoff frequencies were: 
4700 4850 5000 5150 5300 5450 5600 5750 5900 6050 6200 6350 6500 6650 6800 6950 7100 7250 7400 7550
Number of coefficients for prediction: 
5
Number of formants: 
3
Winner is:
6800 6800 6800
Errors (total,f1,f2,f3): 
610.3 616.7 584.8 554.9 514.6 525.9 520.7 506 497.5 492.1 474.9 470.7 452.1 442.9 434.6 435 440.4 469.7 489.3 522.2
59 60 60.2 61.6 62.5 63.3 65 69.1 70.1 71.9 68.2 69.7 73.1 69.1 69.7 70.2 67.6 73.1 75.4 86
346.3 333.8 296.4 270 253.1 253.1 244.9 229.2 224.8 219.4 205.8 201.3 193.1 190.4 185.9 187.4 186.4 186.3 186.4 192.9
205 222.9 228.2 223.3 199 209.5 210.8 207.7 202.6 200.8 200.9 199.7 185.9 183.4 179 177.4 186.4 210.3 227.5 243.3
Coefficients are (row-wise by formant):
462.8 42.7 -56.4 8.7 12.8 40.3
1905.4 -149.3 144.8 90.6 -17.2 25.6
2624.1 -99.7 129.3 33.3 115.8 -14.7
