mexican_match_declarative-broad-focus_David-leia-el-libro analysis information:
Number of steps:
20
Cutoff frequencies were: 
4700 4850 5000 5150 5300 5450 5600 5750 5900 6050 6200 6350 6500 6650 6800 6950 7100 7250 7400 7550
Number of coefficients for prediction: 
5
Number of formants: 
3
Winner is:
6800 6800 6800
Errors (total,f1,f2,f3): 
461.3 510.7 480.5 441.2 415 410.6 396.3 399.3 409.6 417.4 420.6 424.6 407.2 402.3 391.5 399.1 415.3 430.4 452.7 479.7
64 64.9 64.7 64.4 64.2 63.6 64 64 62.1 61.2 60.7 61 61.4 61.3 60.8 61.4 61.3 62.1 63.7 70.7
225.1 247.1 232.3 221.6 213.6 223.8 229.1 230.2 232.2 230.6 228 222.6 205 193.3 184.8 179.9 180.9 186.2 193.8 199.8
172.2 198.7 183.5 155.2 137.2 123.2 103.2 105.1 115.3 125.6 131.9 141 140.8 147.7 145.9 157.8 173.1 182.1 195.2 209.2
Coefficients are (row-wise by formant):
435.7 27.7 -5.1 33.8 26.2 -23.2
2025 56.4 -310.6 93.8 29.1 -52.9
2763.9 228 -111.5 160.4 55.8 112.9
