mexican_mismatch_declarative-narrow-focus_El-bebe-comia-muy-bien analysis information:
Number of steps:
20
Cutoff frequencies were: 
4700 4850 5000 5150 5300 5450 5600 5750 5900 6050 6200 6350 6500 6650 6800 6950 7100 7250 7400 7550
Number of coefficients for prediction: 
5
Number of formants: 
3
Winner is:
5750 5750 5750
Errors (total,f1,f2,f3): 
514.8 500.3 500.4 495.5 477.1 467.4 457 452 462.8 480.1 483.4 493.2 495.9 497.6 520.5 514.5 544.7 563.1 607.4 609.1
46.8 47.8 47.5 46.1 46.2 46.9 48.4 49.9 50.2 49.6 48.2 53.3 64.1 74 83 84.8 97.5 95.7 102 87.5
256.9 231.8 228.6 226.3 222.8 217.6 212.3 210.4 214.8 222.8 220.4 219.3 221.8 212.6 207.9 203.6 205.4 204 218.1 219.9
211.1 220.7 224.3 223.1 208.1 202.9 196.3 191.7 197.8 207.7 214.8 220.6 210 211 229.6 226.1 241.8 263.4 287.3 301.7
Coefficients are (row-wise by formant):
459.6 6.7 -40.2 5.1 -6.4 28.1
1851.3 -27 151.3 122.6 -34.2 168.8
2534.3 33.2 52.4 119.6 -20.4 179.7
