mexican_mismatch_interrogative-partial-wh_Cuando-miraba-la-luna analysis information:
Number of steps:
20
Cutoff frequencies were: 
4700 4850 5000 5150 5300 5450 5600 5750 5900 6050 6200 6350 6500 6650 6800 6950 7100 7250 7400 7550
Number of coefficients for prediction: 
5
Number of formants: 
3
Winner is:
6650 6650 6650
Errors (total,f1,f2,f3): 
581.5 588.7 545.8 502.3 508 562.9 567.9 597.2 603.9 589 495.1 436.4 378 363.6 376.7 396.2 420.4 441.7 472 498.9
63 61.3 59.7 56.2 56.9 56.6 57.1 56.4 55.8 57.8 55.6 55.7 55.2 54.8 54.8 54.4 54.2 54.1 63.1 67.9
297.9 283.2 253.6 223.2 231.4 262 271.4 276.9 274.2 246 185 155.2 131.1 131.2 139.1 142 142.6 139.2 149.9 154.5
220.6 244.2 232.5 222.9 219.7 244.3 239.4 263.9 273.9 285.2 254.5 225.5 191.7 177.6 182.8 199.8 223.6 248.4 259 276.5
Coefficients are (row-wise by formant):
502.9 31.6 -77.9 28.8 35.4 51.3
1757.3 59.6 67.7 -133.7 -163.8 -54
2650.1 91.5 53.6 69.6 -4.7 -11.9
