mexican_mismatch_interrogative-total-yn_El-nino-oye-el-rio analysis information:
Number of steps:
20
Cutoff frequencies were: 
4700 4850 5000 5150 5300 5450 5600 5750 5900 6050 6200 6350 6500 6650 6800 6950 7100 7250 7400 7550
Number of coefficients for prediction: 
5
Number of formants: 
3
Winner is:
6200 6200 6200
Errors (total,f1,f2,f3): 
704.4 614.9 657.8 631.2 616.7 604.5 599.8 606.4 572.4 489.7 479.1 485.1 494.1 491.9 488.3 508.3 525.3 575.7 617 623.4
57.6 51.9 49.8 47.5 46.5 46.5 45.6 46.9 46 47.1 47.7 48.2 48.4 51.2 51.5 60.2 66.1 67.2 73.2 79.1
424.7 320.4 325.7 298.4 291.1 278.7 275.3 275.4 262.6 249 247.7 248.8 250 242.1 234.7 228.4 231 273.2 307.4 313.3
222.1 242.6 282.3 285.3 279.1 279.3 278.9 284.1 263.8 193.6 183.7 188.1 195.7 198.6 202.1 219.7 228.2 235.3 236.4 231
Coefficients are (row-wise by formant):
462.2 4.7 -0.7 -66.4 42.3 38.5
2012.9 259.2 124.3 220.4 -122.4 -16.6
2783.3 146.1 -135.8 153.5 6.6 26.8
