mexican_mismatch_declarative-broad-focus_La-nina-lava-el-plato analysis information:
Number of steps:
20
Cutoff frequencies were: 
4700 4850 5000 5150 5300 5450 5600 5750 5900 6050 6200 6350 6500 6650 6800 6950 7100 7250 7400 7550
Number of coefficients for prediction: 
5
Number of formants: 
3
Winner is:
7100 7100 7100
Errors (total,f1,f2,f3): 
587.8 578.7 594.8 606.1 529.5 506.4 521.1 518.8 523.2 532.3 543.8 531.4 491.2 475.5 441.7 450.4 428.9 432.6 440.1 455.7
70.6 61.1 63.9 66.9 62 62.1 63.9 64.5 71.4 70.2 70.7 71.6 72.4 72.9 70.9 71.8 67.8 68.2 69.4 71.1
299.1 234.3 224.5 228.4 202.1 196.3 211.1 207.8 202.7 202.2 196.3 184.3 166.1 152 124.9 126.3 119.7 118.1 113 116.1
218.1 283.3 306.4 310.8 265.4 248 246.1 246.5 249.1 259.9 276.8 275.5 252.7 250.6 245.9 252.3 241.4 246.3 257.7 268.5
Coefficients are (row-wise by formant):
530.6 13.6 -1.9 -44.3 6.2 85
1878.4 149.8 64.4 0.1 -137.2 -109.1
2987.4 213.8 111.7 -89.6 -178.8 -71.7
