mexican_mismatch_declarative-broad-focus_La-maestra-vive-en-Paris analysis information:
Number of steps:
20
Cutoff frequencies were: 
4700 4850 5000 5150 5300 5450 5600 5750 5900 6050 6200 6350 6500 6650 6800 6950 7100 7250 7400 7550
Number of coefficients for prediction: 
5
Number of formants: 
3
Winner is:
6050 6050 6050
Errors (total,f1,f2,f3): 
598.3 606.5 628.2 622.2 601.1 546.9 518.9 493.9 486 473.2 480.2 522.4 534.4 573.5 627.5 675.2 704.9 743.8 740.7 781.3
84.6 79.7 78.7 78.4 83.5 80.8 81.3 81.9 82.9 85.5 90.1 101.6 111 130.3 156.4 188.7 197.5 217.9 221.1 226.5
281.5 251.9 240.5 232 215.7 202 193.6 181.8 179.8 174.8 174.1 181.7 182.6 189.2 200.8 204.1 211.8 210.4 207.9 226.2
232.2 274.9 309 311.8 301.9 264.1 244 230.2 223.3 212.9 216 239.1 240.8 254 270.3 282.4 295.6 315.5 311.7 328.6
Coefficients are (row-wise by formant):
489.6 41.5 26 -55.6 -6.1 -21.3
1903.3 -116.8 33.7 -210.9 24.1 51.7
2687 32.2 95 -272.5 40.9 105.3
