mexican_match_declarative-narrow-focus_Ana-lleva-el-abrigo analysis information:
Number of steps:
20
Cutoff frequencies were: 
4700 4850 5000 5150 5300 5450 5600 5750 5900 6050 6200 6350 6500 6650 6800 6950 7100 7250 7400 7550
Number of coefficients for prediction: 
5
Number of formants: 
3
Winner is:
5600 5600 5600
Errors (total,f1,f2,f3): 
693.1 695.2 670.7 638.5 580.4 535.4 522.6 532.2 560.9 575.2 589 592 595.5 599.6 608.1 611.5 634.4 646.6 644 614
64 64.1 63.4 64.4 64.6 65.6 65.8 65.9 65.8 65.8 66.1 66.7 67.5 67.1 68.8 67.7 70.5 74.6 76.5 78.1
322.8 308.7 290.7 276.3 243 218.8 212.8 214.7 214 214.4 221.2 222.1 224.1 222.1 222.4 218.1 213.7 208.1 206.3 204.1
306.3 322.4 316.6 297.8 272.8 251 244 251.6 281.1 295 301.7 303.2 303.9 310.4 316.9 325.7 350.2 363.9 361.2 331.8
Coefficients are (row-wise by formant):
510 56.2 2.4 24.9 37.8 -15.6
1754.6 95.5 -9.6 -38.5 -215.3 -1.3
2508.9 40.4 -276.5 -253.4 -273.6 -79.1
