mexican_mismatch_declarative-broad-focus_Mi-novio-viene-del-lago analysis information:
Number of steps:
20
Cutoff frequencies were: 
4700 4850 5000 5150 5300 5450 5600 5750 5900 6050 6200 6350 6500 6650 6800 6950 7100 7250 7400 7550
Number of coefficients for prediction: 
5
Number of formants: 
3
Winner is:
6800 6800 6800
Errors (total,f1,f2,f3): 
558.9 596.3 649.6 651.8 601.7 534.7 469.7 422.9 352.2 330.9 325.6 343.6 326.1 321.7 310.3 315.5 386.1 428 472.3 522.5
57.3 56.8 56 59.8 57 59.1 57.9 58.8 56.8 56.4 55.5 55.8 54.4 54.5 54.5 54.7 56 58.9 60.1 60.3
230.5 248.1 265.7 287.5 297.7 271.7 245.7 217.8 173.1 155.6 148.4 161.2 159.3 155.1 151.1 152.5 169.7 153.8 162.9 171.7
271.1 291.4 327.9 304.5 247 203.9 166.1 146.3 122.3 118.9 121.7 126.6 112.4 112.1 104.7 108.3 160.4 215.3 249.3 290.5
Coefficients are (row-wise by formant):
496.9 -30.3 -12.9 -13.8 -45.1 17.9
1796 223.7 -190 103 -18.9 13.7
2630.8 45.1 -159.2 154.3 -56.5 -54
