mexican_match_interrogative-total-yn_Marta-abre-el-regalo analysis information:
Number of steps:
20
Cutoff frequencies were: 
4700 4850 5000 5150 5300 5450 5600 5750 5900 6050 6200 6350 6500 6650 6800 6950 7100 7250 7400 7550
Number of coefficients for prediction: 
5
Number of formants: 
3
Winner is:
6350 6350 6350
Errors (total,f1,f2,f3): 
512.8 497.4 491.6 502.4 512 502.3 519.1 478.3 443.1 396.1 372.8 357.4 363.5 370.8 382 409.8 414.6 432.5 442.3 447.7
75.1 72.7 73.1 73.1 75 73.7 73.4 73.5 73.2 72.3 73.2 73.2 74 75.3 79 84.6 85.5 90.5 91.3 95.9
187.9 164.2 150.4 148.3 157.9 141.7 147.7 118.8 100.5 93.6 88.1 87.1 89.1 92.5 93 104.2 102 104.1 108.5 108.9
249.8 260.5 268.1 281 279.1 286.9 298 286 269.4 230.2 211.5 197.1 200.4 203 210 221 227.1 237.9 242.5 242.9
Coefficients are (row-wise by formant):
546.5 41.5 12.4 -43.4 -66.9 31.9
1693.1 2.4 -60.9 51.7 -77.5 -56.9
2555.6 163.9 -85.1 -2.5 -207.8 -163.2
