mexican_match_interrogative-partial-wh_Cuando-bebia-el-vino analysis information:
Number of steps:
20
Cutoff frequencies were: 
4700 4850 5000 5150 5300 5450 5600 5750 5900 6050 6200 6350 6500 6650 6800 6950 7100 7250 7400 7550
Number of coefficients for prediction: 
5
Number of formants: 
3
Winner is:
6500 6500 6500
Errors (total,f1,f2,f3): 
488.9 499.7 482.6 451.9 426.8 442.9 440.9 431.7 426.8 425.1 454.1 437.4 424.8 430 446.3 471.4 476 478.6 474 480.6
50.1 54.1 54.6 57.6 58.8 59 59.1 58.8 57.9 58.2 67 71.9 80.5 87 88 86.4 84 83.2 81.5 82.2
238.2 219.4 204.4 203.8 191.1 189.9 188.1 180.4 177 174.5 178.1 168.2 160.1 161.4 169.6 176.3 178 178.2 176.7 175.5
200.6 226.2 223.6 190.5 176.9 194 193.7 192.5 191.9 192.4 209 197.3 184.2 181.6 188.7 208.7 214 217.2 215.8 222.9
Coefficients are (row-wise by formant):
483.7 0.6 107.7 -27.3 74.3 -15.1
1839.4 -154.1 -216.6 68.5 51.1 84.8
2644.3 18.9 -38.5 14.8 108.2 -45
