mexican_match_declarative-narrow-focus_Mariano-habla-del-tiempo analysis information:
Number of steps:
20
Cutoff frequencies were: 
4700 4850 5000 5150 5300 5450 5600 5750 5900 6050 6200 6350 6500 6650 6800 6950 7100 7250 7400 7550
Number of coefficients for prediction: 
5
Number of formants: 
3
Winner is:
6800 6800 6800
Errors (total,f1,f2,f3): 
467.3 518.5 544.8 571.1 567.7 556.5 551.9 520.2 548.1 555.7 549 538.4 515 502.1 463.7 478.6 496.7 501 552.9 619
72.2 72.3 72.6 73.6 73.4 74 74.7 74.8 83.7 89 94.4 95.4 93.4 94.7 87 92.7 93.1 94.8 110.9 135.6
207.2 239.3 236.8 233.9 216.2 204.7 214.6 207.4 215.6 210.7 208 204.2 197.1 194.9 185.1 188.8 192.1 197.8 206.5 214.8
187.9 206.9 235.4 263.6 278.1 277.8 262.6 238 248.8 256 246.6 238.8 224.5 212.5 191.6 197.1 211.5 208.4 235.5 268.6
Coefficients are (row-wise by formant):
494.6 53 14.9 -67.8 -3.9 0.1
1768 8 -111.2 178.9 -189.1 -86.6
2691.3 -24.1 -93.9 13.4 -32.5 -221.4
