mexican_match_declarative-broad-focus_Mariano-habla-del-tiempo analysis information:
Number of steps:
20
Cutoff frequencies were: 
4700 4850 5000 5150 5300 5450 5600 5750 5900 6050 6200 6350 6500 6650 6800 6950 7100 7250 7400 7550
Number of coefficients for prediction: 
5
Number of formants: 
3
Winner is:
6500 6500 6500
Errors (total,f1,f2,f3): 
479.7 478.8 461.7 458.2 513.1 526.4 507.6 528.2 519.1 516.8 513.9 484.9 446.2 496.7 533.2 592.3 664.5 677.9 724 766.8
82.3 84.2 87.1 89 91.9 90.8 90.8 106.9 106 106.6 105.7 99.2 93 113.2 123.5 146.5 179 184.2 208.4 222
185.5 185.1 172.6 169.9 189.1 188.9 177.4 175.6 177.8 177.8 171.5 166.9 161.8 170.8 178.6 187.6 202 202.9 205.6 209
211.9 209.5 202 199.3 232.1 246.7 239.4 245.7 235.3 232.4 236.7 218.8 191.4 212.7 231.1 258.2 283.5 290.8 310 335.8
Coefficients are (row-wise by formant):
485.2 75.1 -29.5 -62.7 -3.7 -10.7
1784.6 -1.5 -6.5 133.8 -201.7 -100.9
2660.6 -45.5 -97.5 3.1 -216.6 -215.9
