mexican_mismatch_interrogative-partial-wh_Por-que-odiaba-la-lluvia analysis information:
Number of steps:
20
Cutoff frequencies were: 
4700 4850 5000 5150 5300 5450 5600 5750 5900 6050 6200 6350 6500 6650 6800 6950 7100 7250 7400 7550
Number of coefficients for prediction: 
5
Number of formants: 
3
Winner is:
5750 5750 5750
Errors (total,f1,f2,f3): 
719 773.9 801 729 712.1 617.4 534.1 462 470.5 473.6 477.4 480.3 475.8 486.8 486.1 489.1 500.6 539.8 590.9 627.9
72.9 74.1 77 75.7 74.6 80.5 78.8 85.9 87.3 87.1 88.3 89.3 85.1 82.5 80.1 80.6 82.2 93.7 105.4 116.8
331.7 355.3 352.5 311.8 299.4 270.5 256.4 241.9 248.9 253.4 255 256.5 258.4 257.9 256.3 256.2 257.1 261.9 267.2 269.3
314.4 344.5 371.5 341.5 338.1 266.4 198.9 134.2 134.3 133.1 134.1 134.5 132.3 146.4 149.7 152.3 161.3 184.2 218.3 241.8
Coefficients are (row-wise by formant):
497.5 40.4 -14.2 -76.8 47.8 -54.7
1796 -102.4 -21.1 -122.9 -87.1 -194.2
2660.3 -87.1 12.4 -53 11.1 -157.7
