mexican_match_declarative-narrow-focus_David-leia-el-libro analysis information:
Number of steps:
20
Cutoff frequencies were: 
4700 4850 5000 5150 5300 5450 5600 5750 5900 6050 6200 6350 6500 6650 6800 6950 7100 7250 7400 7550
Number of coefficients for prediction: 
5
Number of formants: 
3
Winner is:
6050 6050 6050
Errors (total,f1,f2,f3): 
469.8 452.4 448.9 485.6 486.9 455.5 434.3 424.7 429.4 418.5 424.3 429.7 454.2 461.9 479.2 513.1 538.2 546.6 581.9 625.2
61 60.7 62.8 64.2 65.2 65.5 64.7 64.6 63.7 63.5 64.2 64.4 65 64.5 69.2 69.8 70.7 74.6 75.7 76.3
228.8 212 204.6 232.1 263 254.5 252.7 247.9 253.6 242.1 242.7 240.6 242.3 238.9 237.7 241.2 238.8 236.3 231.8 231.3
180 179.7 181.5 189.3 158.7 135.5 116.9 112.2 112.1 112.9 117.4 124.7 146.9 158.5 172.3 202.1 228.7 235.7 274.4 317.6
Coefficients are (row-wise by formant):
425.9 14.9 13.4 7.5 34.2 -8.9
1850.9 -80 -375.8 -120.4 -81.9 -134.6
2671.8 125.8 -211 -3.8 39.4 -19.9
