mexican_mismatch_interrogative-partial-wh_Por-que-oia-el-rio analysis information:
Number of steps:
20
Cutoff frequencies were: 
4700 4850 5000 5150 5300 5450 5600 5750 5900 6050 6200 6350 6500 6650 6800 6950 7100 7250 7400 7550
Number of coefficients for prediction: 
5
Number of formants: 
3
Winner is:
5750 5750 5750
Errors (total,f1,f2,f3): 
633.9 638.1 580.8 526.9 482.1 463.4 454.4 453.6 465.2 466.8 466.2 473.8 472.6 475.6 493.3 489.5 519.4 557.3 627.5 685.7
68.8 68.8 69.8 68.4 69.7 72.8 77.8 79.4 80.1 80.1 80.1 87.1 87.3 89.7 95.9 91.5 100.2 109.7 129.8 141.9
312.8 304.6 281.9 264 258.2 252 245.1 245.7 251.2 256.6 262.5 267 267.2 267.9 267.6 261.6 261.7 261.1 269.2 276.6
252.3 264.7 229.1 194.5 154.2 138.6 131.5 128.5 133.9 130.1 123.6 119.7 118.1 118 129.8 136.4 157.5 186.5 228.5 267.2
Coefficients are (row-wise by formant):
503.5 19.8 -7.8 -68.1 -1.9 -21.4
1826.9 -108.9 -324.7 -29.9 -140.4 116
2577.4 -2.4 -249.1 27.7 -99.4 52.5
