mexican_match_declarative-narrow-focus_Marta-abre-el-regalo analysis information:
Number of steps:
20
Cutoff frequencies were: 
4700 4850 5000 5150 5300 5450 5600 5750 5900 6050 6200 6350 6500 6650 6800 6950 7100 7250 7400 7550
Number of coefficients for prediction: 
5
Number of formants: 
3
Winner is:
6500 6500 6500
Errors (total,f1,f2,f3): 
478.1 479.6 497.3 476.7 454.9 438.1 434.7 427.4 421.7 429.8 417.7 405.7 393.2 400 404.8 404.1 406.3 448.5 490.6 542.1
67.6 67.3 67.1 67.8 66.2 64.2 66.9 71 72.8 71.6 71.4 76.3 76.9 83.8 85.6 84.5 84.7 99.8 113.8 127.5
187.2 169.3 163 148.4 130.1 131.9 127.2 121.8 120.2 118.2 120.6 121.2 116.9 116.7 119.7 124.8 120.8 132.4 137.9 143.1
223.3 243 267.2 260.5 258.6 242 240.6 234.6 228.7 240 225.7 208.2 199.4 199.5 199.5 194.8 200.8 216.3 238.9 271.5
Coefficients are (row-wise by formant):
521.7 54.4 -26.3 -8.4 -85.1 17.6
1750.6 -103.9 -98.1 108.8 -100.6 -24.2
2728.1 43.3 -15.6 123.5 -60.6 -137.5
