mexican_mismatch_interrogative-total-yn_La-nina-lava-el-plato analysis information:
Number of steps:
20
Cutoff frequencies were: 
4700 4850 5000 5150 5300 5450 5600 5750 5900 6050 6200 6350 6500 6650 6800 6950 7100 7250 7400 7550
Number of coefficients for prediction: 
5
Number of formants: 
3
Winner is:
6050 6050 6050
Errors (total,f1,f2,f3): 
714.5 650.7 655.6 629 577.7 609.1 587.3 567.7 516.3 473 503 479.6 484.1 477.4 487.5 503.3 501 541.6 623.5 582
83.1 73.3 75 74.7 71.6 71.7 75 76.3 75.8 76.1 78 79.5 83.4 85.5 86.8 87 84.1 87.5 92.4 95.3
379.5 287.9 267.1 231 185.1 225.4 225.2 217.6 191.3 158.2 205 183 171.3 162.6 170.6 175.3 174.3 180.8 205.2 160.5
251.9 289.5 313.5 323.3 321 312 287.1 273.8 249.2 238.7 220 217.1 229.4 229.3 230.1 241 242.6 273.3 325.9 326.2
Coefficients are (row-wise by formant):
519.5 -21.9 -6.8 -35.8 42.9 72
1743.7 275.2 -21.9 25.5 -200.8 -59.8
2658.7 276.7 8.2 43.6 -59.4 65.6
