mexican_mismatch_interrogative-partial-wh_Por-que-desayuna-muy-bien analysis information:
Number of steps:
20
Cutoff frequencies were: 
4700 4850 5000 5150 5300 5450 5600 5750 5900 6050 6200 6350 6500 6650 6800 6950 7100 7250 7400 7550
Number of coefficients for prediction: 
5
Number of formants: 
3
Winner is:
6500 6500 6500
Errors (total,f1,f2,f3): 
690.5 695.9 636 628.9 558.9 506.6 503.4 479.1 470.6 461.3 457.8 439.9 424.7 443.2 454.8 478.6 537 544.1 558.1 598.4
74.1 71.8 69.9 69.8 69.6 68.8 68.2 68.4 68.5 69.1 70.1 71.2 73.3 75 73.1 72.9 81.3 80.5 81.9 88.9
410.3 384.5 316.7 300.9 257.1 231.1 227.9 210.9 205.8 202.3 196.4 183.5 173.2 174 169.8 169.3 187.7 182.5 181.8 195.6
206.1 239.6 249.4 258.2 232.2 206.7 207.3 199.8 196.3 189.9 191.3 185.2 178.2 194.2 211.9 236.4 268 281.1 294.4 313.9
Coefficients are (row-wise by formant):
470.7 3.6 -32.3 5 -0.2 -43.6
1940.8 -147.8 -16 -115.1 -210.7 82.4
2652.1 62.9 -38.4 -159.1 -195.4 92
