mexican_match_interrogative-partial-wh_Por-que-iba-a-Bolivia analysis information:
Number of steps:
20
Cutoff frequencies were: 
4700 4850 5000 5150 5300 5450 5600 5750 5900 6050 6200 6350 6500 6650 6800 6950 7100 7250 7400 7550
Number of coefficients for prediction: 
5
Number of formants: 
3
Winner is:
5900 5900 5900
Errors (total,f1,f2,f3): 
674.4 650.8 601.6 534.2 481.7 411.8 389.9 351.7 351.4 364.1 372.2 365.8 377.1 388.8 397 390.8 433.1 458.9 516.7 560.9
64.9 65.1 66.3 65.6 87.5 92.6 94.5 94.7 99 99.7 100.4 93.6 100.2 112.9 118.9 113.1 129.2 122.5 131.3 132
351.9 316.7 240.3 198.3 173.1 161.3 160 149.1 151.3 155.3 158.5 158 163.3 167.8 169.2 171.1 178.5 183.5 186.5 188.7
257.6 269 295 270.3 221.1 157.9 135.4 107.9 101.1 109.1 113.3 114.2 113.6 108.1 108.9 106.6 125.4 152.9 198.9 240.2
Coefficients are (row-wise by formant):
495.9 39 -0.3 -33.2 54.7 -65.6
1851.7 -99.4 89.9 -352 -404.6 57.7
2653.5 -19 -20.1 -184.1 15.2 -83.8
