mexican_match_declarative-broad-focus_Manuela-vende-el-carro analysis information:
Number of steps:
20
Cutoff frequencies were: 
4700 4850 5000 5150 5300 5450 5600 5750 5900 6050 6200 6350 6500 6650 6800 6950 7100 7250 7400 7550
Number of coefficients for prediction: 
5
Number of formants: 
3
Winner is:
6650 6650 6650
Errors (total,f1,f2,f3): 
551.8 529.7 489.9 485.7 437.2 440.7 478.8 479.5 477.7 464.4 488.8 433.3 369.2 353.9 356.9 360.4 369.2 429.4 448.7 486.1
66.6 66.9 67.9 69.7 69.7 70.5 74.2 83.5 87.6 91.5 102.7 104.1 104 105.6 100.6 104 109.4 135.4 139.9 143.9
218.2 189.4 151.8 167.6 143.1 155.5 175.1 176 175.2 160.9 159.3 133.1 110.1 105.9 112.7 116.4 121.1 131.9 136.5 151.5
267 273.4 270.2 248.4 224.4 214.7 229.5 220 214.9 212 226.8 196.1 155.1 142.4 143.6 140 138.7 162.1 172.3 190.7
Coefficients are (row-wise by formant):
551 -66 46.2 -36.2 -64.3 52.5
1799.4 -24.1 -166 93.1 -36.5 -58.8
2703.9 -56.5 -146.1 6.1 13.4 -24.9
