mexican_mismatch_declarative-broad-focus_El-hombre-mira-la-luna analysis information:
Number of steps:
20
Cutoff frequencies were: 
4700 4850 5000 5150 5300 5450 5600 5750 5900 6050 6200 6350 6500 6650 6800 6950 7100 7250 7400 7550
Number of coefficients for prediction: 
5
Number of formants: 
3
Winner is:
5450 5450 5450
Errors (total,f1,f2,f3): 
553.2 576.1 549.9 511.7 500 473.3 501.4 508.6 510.8 507 486.6 477.2 483.5 478.2 484.1 488.1 498.5 492.1 485.3 492.9
71.4 72.8 72.9 72 73.8 73.9 74.6 76 77.1 80.5 88.2 97.3 103.4 102.8 109.8 110.1 115.3 115.2 112.3 114.3
248.6 245.3 205.7 176.1 163.2 155.7 172.1 177.4 179.3 175.1 162 157 155 152.9 152.5 154.8 154.9 150.6 149.2 147.7
233.2 258 271.3 263.6 263 243.7 254.7 255.2 254.4 251.4 236.4 222.9 225.1 222.5 221.8 223.2 228.3 226.3 223.8 230.9
Coefficients are (row-wise by formant):
481 -5.1 -8.8 33 21 -17.5
1760.4 93.6 -66.1 5 255.7 80.3
2494.1 83.6 -62.1 166 200.6 31
