mexican_mismatch_declarative-narrow-focus_Mi-tia-odia-la-lluvia analysis information:
Number of steps:
20
Cutoff frequencies were: 
4700 4850 5000 5150 5300 5450 5600 5750 5900 6050 6200 6350 6500 6650 6800 6950 7100 7250 7400 7550
Number of coefficients for prediction: 
5
Number of formants: 
3
Winner is:
5900 5900 5900
Errors (total,f1,f2,f3): 
649.8 592.9 615.6 598.2 557.1 482.1 463.8 468.1 459.5 488.7 489.9 472.1 464.5 479.2 479.9 545.1 574.7 559.3 584.6 600.4
71 71 70.5 72 71.6 71.4 70.3 70.3 69.7 70.2 70.4 69.6 70 71 72.4 94.4 99.5 100.4 102.3 107.4
295.9 257.6 264.4 252.6 260.3 251.8 247.8 252.7 251.1 268.1 266.5 256.3 244.9 253.4 248.2 253.1 249.5 236.2 231.2 233.8
282.9 264.3 280.7 273.6 225.2 158.9 145.7 145.1 138.7 150.4 153 146.2 149.6 154.8 159.3 197.6 225.7 222.7 251.1 259.2
Coefficients are (row-wise by formant):
495.6 7.4 -82.4 -79.8 30.3 23.6
1837.4 -116.2 22.1 -69.3 -190.6 -299.4
2728.4 -27.5 -131.7 -59.8 -74.1 -108.9
