mexican_match_declarative-broad-focus_Ana-lleva-el-abrigo analysis information:
Number of steps:
20
Cutoff frequencies were: 
4700 4850 5000 5150 5300 5450 5600 5750 5900 6050 6200 6350 6500 6650 6800 6950 7100 7250 7400 7550
Number of coefficients for prediction: 
5
Number of formants: 
3
Winner is:
5300 5300 5300
Errors (total,f1,f2,f3): 
716.2 658.3 581.5 521.7 507 529.9 567.5 595.7 602.1 636.8 659.4 658.3 622.4 621.2 637.3 648.6 636.7 598.7 576.8 589
63 64.2 65.9 65.6 67.5 69 73 74.1 73.6 83.8 92.9 95.9 87 87.4 91 91.6 99.2 90.8 88.2 88.5
327.4 289.4 251.8 218.2 207.9 210.8 231.8 247.8 253.7 257.8 262 262.4 253.3 253.9 256.6 259.2 255.1 255 254 256.9
325.8 304.7 263.8 237.9 231.6 250.1 262.7 273.8 274.8 295.2 304.5 300 282.1 279.9 289.7 297.8 282.4 252.9 234.6 243.6
Coefficients are (row-wise by formant):
495.7 76.7 -26.2 16.6 48 16.6
1693.8 284.1 -74.7 81.3 -199.6 -34
2486.8 119.2 -154.6 -72.9 -170.4 -48.9
