mexican_match_declarative-narrow-focus_Emilio-ama-la-marcha analysis information:
Number of steps:
20
Cutoff frequencies were: 
4700 4850 5000 5150 5300 5450 5600 5750 5900 6050 6200 6350 6500 6650 6800 6950 7100 7250 7400 7550
Number of coefficients for prediction: 
5
Number of formants: 
3
Winner is:
6350 6350 6350
Errors (total,f1,f2,f3): 
564.8 584.1 598.2 576.9 581.8 582.9 595.9 591.6 579 561.7 551.6 540.7 556.6 591.9 657 647.7 668.8 676.2 709.6 771.8
81.4 81.3 84.6 81.5 82.7 84 86.2 90.4 93.9 97 94.3 95.7 108.6 127.7 155.4 150.8 156.3 158.3 170.2 188.9
260.6 258.6 253.4 217.2 210.6 210.8 205.6 201.8 199.8 196 188.1 176.6 172.7 183.2 209.7 214.4 221.1 223.2 232 246.4
222.8 244.2 260.2 278.2 288.5 288.1 304.1 299.4 285.3 268.7 269.2 268.4 275.3 281 291.9 282.5 291.4 294.7 307.4 336.5
Coefficients are (row-wise by formant):
535.5 -105.2 59.8 -61.9 37 -1.3
1811 124.1 230 -94.7 -25.4 -89.5
2642.7 -66.5 117.3 -164.5 114.4 -50.5
