mexican_match_interrogative-total-yn_Daniel-iba-a-Bolivia analysis information:
Number of steps:
20
Cutoff frequencies were: 
4700 4850 5000 5150 5300 5450 5600 5750 5900 6050 6200 6350 6500 6650 6800 6950 7100 7250 7400 7550
Number of coefficients for prediction: 
5
Number of formants: 
3
Winner is:
6800 6800 6800
Errors (total,f1,f2,f3): 
710.8 681.5 703.8 684.8 650.2 635.9 595.5 593.4 593.3 560.6 516.5 508.6 464 466 431.1 435.6 452.2 487.6 524.6 570.7
73.4 74.1 73.6 73.1 72.4 72.6 72.8 72.4 71.3 70.7 69.2 67.9 66.7 66.2 65.6 65.4 65.2 65.6 66.2 66.5
397.6 336.2 316.8 295.6 284.7 288.9 278.3 284.2 296.3 284.5 262.1 264.2 233.7 227.9 199.9 203.8 208.6 209.7 211.4 217.2
239.8 271.2 313.4 316.1 293.1 274.4 244.4 236.8 225.7 205.4 185.2 176.5 163.6 171.9 165.6 166.4 178.4 212.3 247 287
Coefficients are (row-wise by formant):
459.8 7.5 15.8 -48 63.6 -52.6
1921.3 79.8 180.9 -179.5 -352.4 150.8
2797.3 106 184.7 -61.5 94.3 -47.7
