mexican_mismatch_declarative-narrow-focus_La-maestra-vive-en-Paris analysis information:
Number of steps:
20
Cutoff frequencies were: 
4700 4850 5000 5150 5300 5450 5600 5750 5900 6050 6200 6350 6500 6650 6800 6950 7100 7250 7400 7550
Number of coefficients for prediction: 
5
Number of formants: 
3
Winner is:
6050 6050 6050
Errors (total,f1,f2,f3): 
586 572.6 564.5 561.1 526.1 501.4 477.9 448.5 436.9 434.7 469 474.7 476.2 468.7 476 473.9 475 493.2 527.6 562.6
96.9 95.2 94.3 91.6 85.4 86 87.1 87.5 92.7 103 147.2 154.8 155.6 161.4 168.6 180 182.2 187.9 196.5 198.7
248.4 227.1 206.1 198.8 190.1 181.7 167.5 152.6 151.2 145.9 133.4 133 128.8 125 123.2 118.8 113.6 112.8 116.1 129.4
240.7 250.3 264.1 270.7 250.6 233.7 223.3 208.4 193 185.8 188.4 186.9 191.8 182.3 184.2 175.1 179.2 192.5 215 234.5
Coefficients are (row-wise by formant):
476.4 48.7 2.1 -32 -20.9 33.1
1838.5 -129.1 7.7 -187.5 142.5 -12.6
2636.2 33.1 109.3 -152.7 87.2 14.3
