mexican_match_interrogative-total-yn_David-leia-el-libro analysis information:
Number of steps:
20
Cutoff frequencies were: 
4700 4850 5000 5150 5300 5450 5600 5750 5900 6050 6200 6350 6500 6650 6800 6950 7100 7250 7400 7550
Number of coefficients for prediction: 
5
Number of formants: 
3
Winner is:
5450 5450 5450
Errors (total,f1,f2,f3): 
597.5 566.6 486.2 484.4 438.8 422.4 423.4 426 436.8 448.7 458.3 467.2 467 484 505.2 523.5 556.1 607.9 644.1 675.9
76.6 75.2 74.1 73.8 74.3 74.1 73.6 73.7 71.3 69.4 68.8 66.6 65.6 64.7 64.4 64.5 68.2 82.6 89.3 90.5
337.7 295.9 260.2 260.8 234.1 222.3 227.2 229.2 238.4 247.6 240.9 228.3 206.4 201.9 203.8 205.5 212.7 221.9 226.1 231.5
183.2 195.5 151.9 149.8 130.4 126 122.6 123.1 127.1 131.7 148.6 172.3 195 217.4 237 253.5 275.2 303.4 328.7 353.9
Coefficients are (row-wise by formant):
454.6 -31.3 0.5 -0.6 81.5 -15.5
1856.9 71.1 -524.6 -29.9 -116.8 -99.4
2495.3 113.1 -430.6 -82.1 -129.7 -43.9
