mexican_mismatch_declarative-narrow-focus_El-hombre-mira-la-luna analysis information:
Number of steps:
20
Cutoff frequencies were: 
4700 4850 5000 5150 5300 5450 5600 5750 5900 6050 6200 6350 6500 6650 6800 6950 7100 7250 7400 7550
Number of coefficients for prediction: 
5
Number of formants: 
3
Winner is:
6650 6650 6650
Errors (total,f1,f2,f3): 
563.1 621.7 712.7 676.6 608.1 535.3 491.9 471.5 469.4 478.9 471.6 460.1 457.5 435.7 454.3 469.3 478.9 498.4 511.5 539.1
64 68.4 70.8 67.9 66.8 66.3 65.6 66.2 64.5 64.4 64.5 63.6 63 63.5 81.9 91.3 93.3 95.6 95.1 98.3
260.9 277.5 337.3 316 276.5 239.4 217.1 203.6 201.6 208.2 208.7 206.6 204.8 190.5 187.7 188.9 194.3 198.1 193.7 193.1
238.2 275.8 304.6 292.7 264.8 229.6 209.2 201.7 203.3 206.3 198.4 189.9 189.7 181.7 184.7 189.1 191.3 204.7 222.7 247.7
Coefficients are (row-wise by formant):
514.8 -34 5.8 39.6 11.5 -29.8
1921.4 162.8 89.4 186.9 269.6 58.2
2743 -41 121.6 210.1 220.3 -47.7
