mexican_match_interrogative-total-yn_Ana-lleva-el-abrigo analysis information:
Number of steps:
20
Cutoff frequencies were: 
4700 4850 5000 5150 5300 5450 5600 5750 5900 6050 6200 6350 6500 6650 6800 6950 7100 7250 7400 7550
Number of coefficients for prediction: 
5
Number of formants: 
3
Winner is:
6800 6800 6800
Errors (total,f1,f2,f3): 
632.7 639.4 620.7 608.8 597.3 571.7 563.9 574.8 559.6 549.8 535.6 516.5 496.8 494.8 491 498.6 514 542.6 564.5 579.1
61.8 56.6 57.1 57 59 59.6 61 60.3 60.4 61 60.4 60.6 60.7 60.9 61.2 61.5 61.6 61.8 62.1 62.5
268.4 245.6 232.1 205.8 210.9 206.1 213.9 216.8 211.3 207.3 203.9 203.1 201.7 203.9 201.6 201.9 204 209.3 217.9 225.7
302.5 337.2 331.5 346 327.4 306 289 297.7 287.9 281.5 271.3 252.8 234.4 230 228.2 235.2 248.4 271.5 284.5 290.9
Coefficients are (row-wise by formant):
490.2 41.4 -0.6 -6.1 54.7 -1.2
1758.4 190 29 149.4 -212 -60.7
2676.3 325.9 43.7 69.1 -129.9 -128.4
