mexican_match_declarative-narrow-focus_Maria-bebe-el-vino analysis information:
Number of steps:
20
Cutoff frequencies were: 
4700 4850 5000 5150 5300 5450 5600 5750 5900 6050 6200 6350 6500 6650 6800 6950 7100 7250 7400 7550
Number of coefficients for prediction: 
5
Number of formants: 
3
Winner is:
6950 6950 6950
Errors (total,f1,f2,f3): 
485.5 482.9 525.9 568.6 579.7 563.1 541.3 507.7 471.1 466.8 412.8 383.3 383 384.2 386.7 380.4 390.2 414.8 439.4 467
61.6 62.6 62.2 62.1 62.5 62.2 62.6 63.6 61.8 61.8 62.9 60.3 63.9 63.8 65.5 63.2 65.8 68.2 75 83.7
246.8 236.2 259.2 270 269.9 263.9 261 241.3 219.4 210.3 180.7 171.9 171.1 179.6 178.2 181.2 175.2 171.8 172.7 183.1
177.1 184.1 204.5 236.5 247.3 237 217.7 202.8 189.9 194.7 169.2 151.1 148 140.8 143 136 149.2 174.8 191.7 200.2
Coefficients are (row-wise by formant):
484.2 52.5 16.3 -78.9 -16.3 -7.6
1943.1 -31.9 71.7 55.5 -225.7 -56.9
2764.8 68.5 42.3 31 -56.8 -19.3
