mexican_match_interrogative-total-yn_Emilio-ama-la-marcha analysis information:
Number of steps:
20
Cutoff frequencies were: 
4700 4850 5000 5150 5300 5450 5600 5750 5900 6050 6200 6350 6500 6650 6800 6950 7100 7250 7400 7550
Number of coefficients for prediction: 
5
Number of formants: 
3
Winner is:
6350 6350 6350
Errors (total,f1,f2,f3): 
612.2 683.1 673.7 691.9 680.6 684.3 687.5 604.6 591.4 586.5 553.4 550.6 595.2 633.3 657 669.5 686.6 723.9 782 793.3
76.6 74.2 74.2 72.1 72.7 73.5 82.9 86.4 97.2 108 109.6 113.8 133.1 146.1 149.6 146.9 148 152.5 155.2 144.3
282.2 286 234.7 234.4 221.7 222.2 218.2 196.5 203.4 200.1 189.4 187.4 195.5 205.2 205.1 208.5 210.5 227.2 248 267.5
253.4 322.9 364.8 385.4 386.2 388.6 386.4 321.7 290.8 278.4 254.4 249.4 266.6 282 302.3 314.1 328.1 344.2 378.8 381.5
Coefficients are (row-wise by formant):
563.9 -93.6 17.6 -47.7 32.7 56.1
1786.8 80.6 339.9 68.1 41.9 -23.6
2649.9 -123 138.3 -91.7 208 44.4
