mexican_match_declarative-broad-focus_Daniel-iba-a-Bolivia analysis information:
Number of steps:
20
Cutoff frequencies were: 
4700 4850 5000 5150 5300 5450 5600 5750 5900 6050 6200 6350 6500 6650 6800 6950 7100 7250 7400 7550
Number of coefficients for prediction: 
5
Number of formants: 
3
Winner is:
6950 6950 6950
Errors (total,f1,f2,f3): 
633.5 665.6 645.2 568.8 415.1 383.6 410.6 441.7 446.7 418.1 384.4 373 338.8 332 332 329.6 333.4 348.3 389.1 432.1
54.8 55 54.5 53.9 51.9 51.2 51.4 52 51.3 50.8 50.4 51.2 50.2 50.4 50.8 51.6 52 53.5 61.7 66.6
347.7 340.3 311.1 269.6 210.9 208.7 227.3 236.9 235.8 215.7 194.3 197.7 177.3 180.4 182.3 171.5 167.8 168.2 172.7 186.4
231 270.3 279.6 245.3 152.3 123.7 131.9 152.8 159.6 151.6 139.7 124.1 111.3 101.2 98.9 106.5 113.6 126.6 154.7 179.1
Coefficients are (row-wise by formant):
479.6 30.2 -31.3 -1.1 52.7 -66.5
2015.6 32.9 216.9 -298.9 -307.4 172.9
2834.9 127.1 141.5 -55.7 23.8 -3.9
