mexican_match_declarative-narrow-focus_Manuela-vende-el-carro analysis information:
Number of steps:
20
Cutoff frequencies were: 
4700 4850 5000 5150 5300 5450 5600 5750 5900 6050 6200 6350 6500 6650 6800 6950 7100 7250 7400 7550
Number of coefficients for prediction: 
5
Number of formants: 
3
Winner is:
6650 6650 6650
Errors (total,f1,f2,f3): 
486.7 528.6 567.9 567.7 554.1 601.4 613.2 633 639.8 651.9 605.4 506.5 482.7 468.7 474.4 502.2 559.1 611.1 636.2 660
64 65.1 69.4 70.9 72 72.9 76.5 86.4 92.2 95.2 93.4 91.9 94.7 89 98.5 109 124.8 146.8 152.2 154.7
224.5 224.7 221.2 215.5 210.5 252.5 263.7 280.3 277.3 282.5 248.5 180.7 162.5 171 156.1 152.3 164.8 177.1 182.3 193.6
198.2 238.8 277.3 281.3 271.6 276 273 266.3 270.3 274.2 263.5 233.9 225.5 208.7 219.8 240.9 269.5 287.2 301.7 311.7
Coefficients are (row-wise by formant):
511.9 -34.7 37 -28.8 -15.6 22.1
1801.1 4.2 -202.5 72.8 -40.7 -54.1
2664.9 161.8 -189 146.6 38.1 64.7
