mexican_mismatch_declarative-narrow-focus_Mi-novio-viene-del-lago analysis information:
Number of steps:
20
Cutoff frequencies were: 
4700 4850 5000 5150 5300 5450 5600 5750 5900 6050 6200 6350 6500 6650 6800 6950 7100 7250 7400 7550
Number of coefficients for prediction: 
5
Number of formants: 
3
Winner is:
6650 6650 6650
Errors (total,f1,f2,f3): 
591.9 638.7 592.7 582.8 547.4 513 475.8 477.9 463.5 424.6 409.6 392 374.4 371.1 385.2 377.1 392.6 417.6 434.4 474.6
60.8 59.4 61 59.9 60.3 61.9 60.3 59.7 57.9 55.9 55.4 55.2 54.9 55.4 55.5 55 55.6 57.5 57.8 59.9
219.3 237.1 222.7 243.4 236.9 242.6 240.9 248.1 245.5 225.7 221 215.4 207.4 206.6 212 210.2 216.8 226.1 227.1 242.7
311.8 342.2 309 279.5 250.2 208.5 174.6 170.1 160.1 143 133.2 121.4 112.1 109.1 117.7 111.9 120.2 134 149.5 172
Coefficients are (row-wise by formant):
482.1 -22.1 2.4 -8.5 -50.9 38.3
1745.7 188.6 -271.3 99.8 -8.8 27.2
2714 38.4 -60.7 143.1 51.8 -32.9
