mexican_match_declarative-narrow-focus_Daniel-iba-a-Bolivia analysis information:
Number of steps:
20
Cutoff frequencies were: 
4700 4850 5000 5150 5300 5450 5600 5750 5900 6050 6200 6350 6500 6650 6800 6950 7100 7250 7400 7550
Number of coefficients for prediction: 
5
Number of formants: 
3
Winner is:
6800 6800 6800
Errors (total,f1,f2,f3): 
573.5 604 616.1 477.5 502.1 511.1 528.2 517.5 520.1 521.7 531.2 519.5 430.7 415.4 411.2 428.5 449.7 492.9 554.2 612.3
60.6 60.1 58.9 58 58 58.6 58 57.6 57.2 56.8 57.1 55.8 55.4 54.9 54.4 53.5 53.6 54.2 54.6 55.8
289.2 296.4 282.2 233.7 236 251.1 264.8 263.2 268.6 270.2 278.5 272.5 255.5 251.6 249.2 250.6 253.4 259.2 264.4 278.8
223.7 247.5 275 185.8 208.1 201.4 205.4 196.7 194.3 194.7 195.6 191.2 119.8 108.9 107.6 124.4 142.7 179.5 235.2 277.7
Coefficients are (row-wise by formant):
463.2 24 -31.6 -14.1 41 -49.5
1914.7 -62 100.4 -366.2 -408.5 25.6
2765.6 104.1 155.2 -31.1 3.6 -7.9
