mexican_mismatch_interrogative-total-yn_La-maestra-vive-en-Paris analysis information:
Number of steps:
20
Cutoff frequencies were: 
4700 4850 5000 5150 5300 5450 5600 5750 5900 6050 6200 6350 6500 6650 6800 6950 7100 7250 7400 7550
Number of coefficients for prediction: 
5
Number of formants: 
3
Winner is:
5900 5900 5900
Errors (total,f1,f2,f3): 
735.1 703 705.9 652.1 647 554.7 532.9 497.9 480.2 489.8 524.5 568.2 586.9 632.4 655.4 706.6 780.6 813.3 872 912.5
99.8 95.2 95 96.9 102.5 102.6 104.3 95.3 99.4 99.9 115.7 139.5 152.1 168.2 172.9 189.1 205.2 215.9 228.8 235.3
403.8 358.6 341.8 302.4 293.7 221.4 218 213.4 206.5 209.7 217.7 230.8 230.3 235.8 238.8 241.2 240.6 233.6 236 241.2
231.5 249.2 269.1 252.8 250.8 230.7 210.6 189.2 174.3 180.2 191.1 197.9 204.5 228.4 243.7 276.3 334.8 363.8 407.2 436
Coefficients are (row-wise by formant):
477.5 41.7 10.3 -8.4 1.6 -9.5
1922.6 -170.6 71.6 -159.2 -82.9 134.5
2672.5 -38.4 147.9 -208.9 -14.7 9
