mexican_match_interrogative-total-yn_Maria-bebe-el-vino analysis information:
Number of steps:
20
Cutoff frequencies were: 
4700 4850 5000 5150 5300 5450 5600 5750 5900 6050 6200 6350 6500 6650 6800 6950 7100 7250 7400 7550
Number of coefficients for prediction: 
5
Number of formants: 
3
Winner is:
7250 7250 7250
Errors (total,f1,f2,f3): 
513.8 487.9 493.5 488.4 485.3 487.9 453.8 413.2 406.5 413 407.2 398.6 396.6 389.1 392.5 388 371 368.3 372.4 369
48.8 46.9 45.1 44.4 45.9 46.3 47.7 49.3 50.1 50.8 50.8 50.8 50.6 50.8 51 52.5 52.6 53 53.5 53.6
253 233.6 239.3 226.8 226 225.8 217.2 208.1 207.3 212.7 204.5 194 188.7 180.2 176 177.4 170.7 169.6 169.8 168.7
212 207.4 209.1 217.2 213.4 215.8 188.9 155.8 149.1 149.5 151.9 153.8 157.3 158.1 165.5 158.1 147.7 145.7 149.1 146.7
Coefficients are (row-wise by formant):
476.6 26.1 34 -81.1 0 2.7
1905.5 5.4 21.8 123 -234.2 -145.2
2770.9 -89.7 62.5 -126.5 -118.2 -197
