mexican_match_interrogative-partial-wh_Por-que-hablaba-del-agua analysis information:
Number of steps:
20
Cutoff frequencies were: 
4700 4850 5000 5150 5300 5450 5600 5750 5900 6050 6200 6350 6500 6650 6800 6950 7100 7250 7400 7550
Number of coefficients for prediction: 
5
Number of formants: 
3
Winner is:
6350 6350 6350
Errors (total,f1,f2,f3): 
634.8 651.8 631.8 646.5 597.5 591.9 547.2 486 460.8 432.5 435.3 430.8 436 452.9 448.2 501.9 551 570.2 571.6 599.7
90.9 89.6 86.9 91.9 93.7 110.6 111.3 108.8 117.8 118 124.7 119.8 125.8 137.8 138.8 163.7 176.3 184.1 184.8 181.7
246.8 238.4 203.5 201.9 164.6 169 163.8 161.5 174.3 178.3 178.3 181.1 180 178.8 178.4 193.7 207.5 209.2 213.2 227.7
297.1 323.8 341.4 352.7 339.2 312.3 272.1 215.7 168.7 136.2 132.3 129.9 130.2 136.3 131 144.5 167.2 176.9 173.6 190.3
Coefficients are (row-wise by formant):
549.6 23.6 -64.3 -32.9 -23.9 6.8
1644.6 189.6 -117.9 43 -121.2 -222
2655.2 0.4 -159.8 88.7 18.8 -114.8
