mexican_match_interrogative-partial-wh_Cuando-leia-el-libro analysis information:
Number of steps:
20
Cutoff frequencies were: 
4700 4850 5000 5150 5300 5450 5600 5750 5900 6050 6200 6350 6500 6650 6800 6950 7100 7250 7400 7550
Number of coefficients for prediction: 
5
Number of formants: 
3
Winner is:
5450 5450 5450
Errors (total,f1,f2,f3): 
478.7 486.3 481.2 431.3 387.6 383.2 392.6 409.9 425.9 441 425.9 414.4 459.4 442.2 483.8 512 552.4 581.5 583.2 568.2
60.7 61.8 63.4 65.7 66.6 68.6 69.2 69.7 69.9 69.1 67.7 67.8 72.4 71.3 73.4 72.7 71.4 72 71.4 71
236.4 242.4 223.8 169.9 151.5 155.6 161.8 171.5 176.1 176.7 177 175.1 185 188.1 193.8 200.6 196.7 193.7 187.7 186.5
181.6 182.1 194 195.7 169.5 159 161.6 168.7 179.9 195.2 181.2 171.5 202 182.8 216.6 238.7 284.3 315.8 324.1 310.7
Coefficients are (row-wise by formant):
470.1 35.2 32.1 -2 28.2 11
1848.1 -20.2 -477.4 31.8 41.1 63.3
2559.9 86.1 -270 63.3 -14.5 78.4
