mexican_mismatch_interrogative-partial-wh_Cuando-lavaba-el-plato analysis information:
Number of steps:
20
Cutoff frequencies were: 
4700 4850 5000 5150 5300 5450 5600 5750 5900 6050 6200 6350 6500 6650 6800 6950 7100 7250 7400 7550
Number of coefficients for prediction: 
5
Number of formants: 
3
Winner is:
6350 6350 6350
Errors (total,f1,f2,f3): 
534.8 542 548.8 550.9 496.8 466.6 501.2 531.2 531.1 470.1 453.8 428.2 461.4 480.5 483.5 540 574.8 580.2 580.5 587.2
63.2 62 61 73.3 68.1 73.3 91.2 95.9 103.2 104.1 105.6 113.1 122.4 130.6 135.6 145.5 151 147.1 149.9 154.3
183.2 178.7 183 192.9 176.7 175.5 197.8 202.7 198.8 170.9 152.5 143.3 148.7 145.3 137 142.6 148.5 152.1 155.7 161.1
288.4 301.3 304.8 284.7 252 217.8 212.2 232.6 229.1 195.1 195.7 171.8 190.3 204.6 210.9 251.9 275.3 281 274.9 271.8
Coefficients are (row-wise by formant):
577.3 -4.2 37.8 -14.8 12.7 34
1678 -49.5 93.1 11.8 -186.7 -156.4
2712.6 -51 28.7 -27.2 -168.9 -79.1
