mexican_mismatch_interrogative-total-yn_Mi-tia-odia-la-lluvia analysis information:
Number of steps:
20
Cutoff frequencies were: 
4700 4850 5000 5150 5300 5450 5600 5750 5900 6050 6200 6350 6500 6650 6800 6950 7100 7250 7400 7550
Number of coefficients for prediction: 
5
Number of formants: 
3
Winner is:
6800 6800 6800
Errors (total,f1,f2,f3): 
700.7 789.4 812.3 813.7 731 679.9 628.5 551.9 495.6 483.5 483.7 475.5 477.9 474.2 468.4 489.6 522.9 553.6 610.3 643.4
72.3 72.6 70.4 70.9 72.2 71 70.3 71.9 72.4 73.1 73.2 73.2 77.1 77.1 76.6 77.5 80.7 85.7 94.4 105.7
374.1 405.1 404.5 400.9 355.8 330.7 318.5 283 254.7 252.7 259.9 255 250.8 246 239.6 242.5 263.2 267.5 274.8 270.1
254.3 311.7 337.4 341.9 303 278.2 239.7 197 168.5 157.7 150.6 147.3 150 151.1 152.2 169.6 179 200.4 241.1 267.6
Coefficients are (row-wise by formant):
482.4 13.9 -56 -97.9 9.3 -18.7
1967.6 71.6 235.7 159.1 -82.2 -205.4
2874 15.3 26.6 -62.1 18.8 -175.4
