mexican_mismatch_interrogative-partial-wh_Cuando-comia-la-fruta analysis information:
Number of steps:
20
Cutoff frequencies were: 
4700 4850 5000 5150 5300 5450 5600 5750 5900 6050 6200 6350 6500 6650 6800 6950 7100 7250 7400 7550
Number of coefficients for prediction: 
5
Number of formants: 
3
Winner is:
4700 4700 4700
Errors (total,f1,f2,f3): 
500.2 523.1 540.9 601.1 633.6 640.4 583.3 575.6 528.8 527.9 521.2 509.3 566.1 667.7 711.4 747.8 773.9 810.4 823.3 844.6
84.3 82.2 83.3 88.3 89.5 97.3 99.3 108 116.8 121.8 118 114.7 132.6 165.8 180 188.6 193.9 207.5 215 216.9
217.5 224.2 213.9 237.7 234 226.4 199.1 187.4 159 158.9 170.1 169.9 190.6 213.9 232.7 241.2 239.5 233.3 214.1 223
198.4 216.7 243.7 275.1 310.1 316.7 284.9 280.2 253 247.2 233.1 224.7 242.9 288 298.7 318 340.5 369.6 394.2 404.7
Coefficients are (row-wise by formant):
507.9 36 -26.4 10.3 -0.1 -66.4
1478.6 -32.5 -114.7 157.5 29.2 -101
2144.1 -247.9 -147.5 102.9 25 -113.6
