mexican_match_interrogative-partial-wh_Cuando-vendia-el-carro analysis information:
Number of steps:
20
Cutoff frequencies were: 
4700 4850 5000 5150 5300 5450 5600 5750 5900 6050 6200 6350 6500 6650 6800 6950 7100 7250 7400 7550
Number of coefficients for prediction: 
5
Number of formants: 
3
Winner is:
6800 6800 6800
Errors (total,f1,f2,f3): 
534.8 570.7 581.5 562.4 549.5 538 550.8 516.5 496.9 386.5 405 416.5 390.4 386.1 373.2 374.8 388.7 407 480.8 539.5
65 70.1 75.6 82 84.5 90.1 92.9 102.5 103.8 105.6 108.7 110.2 109.8 114.1 111.4 107.5 107.9 117.7 143.7 166.3
259.2 262.1 259.2 256.9 258.4 255.1 255.1 223.7 209.8 118.4 119.9 120.1 111.8 113.7 113.7 116.3 121.6 126.3 142.6 157.2
210.6 238.5 246.7 223.5 206.6 192.8 202.8 190.3 183.3 162.5 176.4 186.2 168.8 158.3 148.1 151 159.2 163 194.5 216
Coefficients are (row-wise by formant):
565.5 -72.2 17.4 100.1 -36.2 -16.3
1843.3 -41 -339.7 -41.1 59.8 0.5
2739.5 3.8 -133.8 -2.3 13.3 -36.3
