mexican_match_interrogative-partial-wh_Por-que-ama-la-navidad analysis information:
Number of steps:
20
Cutoff frequencies were: 
4700 4850 5000 5150 5300 5450 5600 5750 5900 6050 6200 6350 6500 6650 6800 6950 7100 7250 7400 7550
Number of coefficients for prediction: 
5
Number of formants: 
3
Winner is:
6050 6050 6050
Errors (total,f1,f2,f3): 
562.1 615.2 584.2 612.8 604.4 540.5 526.8 492.5 491.9 466.4 479.5 480.3 480 473.5 497.6 573 522.3 547.4 577.5 677.8
83.3 82.6 86.3 89.5 93.9 100.6 99.5 93.5 97.8 97.2 101.8 110.4 114.3 130.9 131.2 164.1 164.6 168.3 164.3 178.8
204.5 224.6 178.9 177 165.1 159.6 156.8 154.9 156 155.5 161.5 164.2 165.8 175.1 199 206.7 169.3 185.4 196.8 236.5
274.3 308 319 346.3 345.4 280.3 270.5 244.1 238.1 213.7 216.2 205.7 199.9 167.5 167.4 202.2 188.4 193.7 216.4 262.5
Coefficients are (row-wise by formant):
502.5 34.3 -49.9 3.1 -6.9 24
1744 -123.9 -23.7 34.6 -141.8 -77.3
2662.4 -112.6 26.5 -40.3 9.9 33.7
