mexican_mismatch_interrogative-total-yn_Mi-madre-come-la-fruta analysis information:
Number of steps:
20
Cutoff frequencies were: 
4700 4850 5000 5150 5300 5450 5600 5750 5900 6050 6200 6350 6500 6650 6800 6950 7100 7250 7400 7550
Number of coefficients for prediction: 
5
Number of formants: 
3
Winner is:
6500 6500 6500
Errors (total,f1,f2,f3): 
659.5 682.2 700.6 705.3 707.8 654.4 590 554.7 507.8 454.2 452.1 433.3 418.5 419.1 445.1 499.5 521 651.7 708.2 735.7
80.4 76.4 75.9 75.9 75.3 75.7 75.3 74.9 75.3 74.1 74.1 73.1 70.9 72.7 81.8 97.1 100 128 138.1 145.5
287.8 280.1 286.5 268.2 252.7 230.3 207.7 203 206.4 187.1 190.6 186.2 183.4 188.6 195.8 214.5 220.7 253.4 259.4 246.5
291.3 325.7 338.2 361.2 379.8 348.4 307 276.8 226.1 193 187.4 174 164.2 157.8 167.5 187.9 200.3 270.3 310.7 343.7
Coefficients are (row-wise by formant):
493.8 5.2 -32.4 -57.8 7 -49.4
1718.4 98 22.9 -12.8 -36.5 -43.7
2665.3 -173.9 2.4 -99.6 -103 -96.9
