mexican_mismatch_declarative-narrow-focus_La-nina-lava-el-plato analysis information:
Number of steps:
20
Cutoff frequencies were: 
4700 4850 5000 5150 5300 5450 5600 5750 5900 6050 6200 6350 6500 6650 6800 6950 7100 7250 7400 7550
Number of coefficients for prediction: 
5
Number of formants: 
3
Winner is:
6950 6950 6950
Errors (total,f1,f2,f3): 
654.2 726 747.1 738.9 705.6 634.3 563.6 577.9 605.8 597.1 585.3 554.5 557.7 543.5 518.4 516.1 535.6 577.5 609.4 652.8
75.9 78.5 79.9 80.2 81.3 81 80.1 82.7 94.7 97.1 97.3 97.3 98.2 101.5 102.1 103.3 102.6 111 111.3 111.6
304.5 333.1 325.4 302 278.7 267 253.5 271.7 289.6 283.3 269.1 243.1 233.1 224.2 205.1 195.1 194.1 207 216 240.9
273.8 314.4 341.8 356.7 345.6 286.3 230 223.5 221.5 216.7 218.9 214.1 226.4 217.8 211.2 217.7 238.9 259.5 282.1 300.3
Coefficients are (row-wise by formant):
530.4 -26.6 -18.4 -19.4 12.2 71.2
1890.2 185.6 34.1 -9.1 -148.2 -7.5
2867.2 68.2 72.5 97.5 111 256
