mexican_mismatch_interrogative-total-yn_El-hombre-mira-la-luna analysis information:
Number of steps:
20
Cutoff frequencies were: 
4700 4850 5000 5150 5300 5450 5600 5750 5900 6050 6200 6350 6500 6650 6800 6950 7100 7250 7400 7550
Number of coefficients for prediction: 
5
Number of formants: 
3
Winner is:
7250 7250 7250
Errors (total,f1,f2,f3): 
557 570.5 530.3 519.3 492.9 460.4 428.8 392.9 402.7 406.3 419.5 433.3 416 404.4 391.5 387.5 381 362.7 379.2 379.8
68.6 69.9 68.6 69.4 69.9 69.9 69.6 69.1 68.5 67.4 66.1 64.6 62.9 62.1 61.9 62.5 63.7 63.9 64.6 64.5
261.9 255 205.5 199.2 188.1 181.4 180.5 173.1 181.3 180.5 184.9 179.7 170.3 164.9 163.1 162.7 164.5 155 158.8 151.9
226.5 245.6 256.2 250.7 234.9 209.1 178.7 150.7 152.9 158.4 168.5 189 182.8 177.4 166.5 162.3 152.8 143.8 155.8 163.4
Coefficients are (row-wise by formant):
475.5 -30.4 -0.2 26.6 36.5 -36
1859.9 108.5 48.1 118.2 218.3 111.9
2728 -136.8 83.8 133.1 237.2 -37.8
