mexican_mismatch_declarative-narrow-focus_El-nino-oye-el-rio analysis information:
Number of steps:
20
Cutoff frequencies were: 
4700 4850 5000 5150 5300 5450 5600 5750 5900 6050 6200 6350 6500 6650 6800 6950 7100 7250 7400 7550
Number of coefficients for prediction: 
5
Number of formants: 
3
Winner is:
5600 5600 5600
Errors (total,f1,f2,f3): 
657.5 643.2 581.9 483.2 459.4 412.4 396.9 401 418.3 446.6 467.1 461.2 459 506.7 562.4 579.7 559.8 603.1 629.8 633.3
41.8 45.9 48.9 46.8 48.2 48.4 49 49.8 50.3 53.7 60.5 60.8 65.4 86 98.6 105.6 88 107.7 116.9 117.8
392.1 378.6 315.5 244.4 241.9 205.4 201.9 205.9 212.3 221.9 223.9 223.1 241.4 238.4 232.4 229.3 226.5 227.7 225.6 218.6
223.6 218.7 217.5 192 169.3 158.6 146 145.3 155.7 171 182.7 177.3 152.2 182.3 231.4 244.8 245.3 267.7 287.3 296.9
Coefficients are (row-wise by formant):
452.7 20.2 -21.1 -27.2 56.1 21.7
2029.8 199 91.7 91.8 -145.4 -15.8
2726.2 52.7 62.9 195.7 -78.8 -101
