mexican_match_declarative-broad-focus_Marta-abre-el-regalo analysis information:
Number of steps:
20
Cutoff frequencies were: 
4700 4850 5000 5150 5300 5450 5600 5750 5900 6050 6200 6350 6500 6650 6800 6950 7100 7250 7400 7550
Number of coefficients for prediction: 
5
Number of formants: 
3
Winner is:
5750 5750 5750
Errors (total,f1,f2,f3): 
426.2 415.8 416 391.5 339 330.5 321.4 315 320.9 319.5 325.7 320.1 327.3 361.5 365.9 380.4 382.5 395.6 417.1 427.9
67.9 66.8 67 66.7 67.8 72.3 72.5 74 80.9 82.4 83.7 88.5 96.6 111.1 106.9 112.1 112.7 118.7 131.5 128
124.5 107.3 94.9 87.7 84.4 87.6 87.1 87.8 94.5 97.7 104.7 107.9 111.4 119.2 123.3 122.3 115.9 117.5 119.7 121.3
233.8 241.7 254.1 237.1 186.8 170.6 161.8 153.2 145.5 139.4 137.3 123.7 119.3 131.2 135.7 146 153.9 159.4 165.9 178.6
Coefficients are (row-wise by formant):
524.3 38 -26.5 -41.1 -100.6 40.3
1728.8 -62.7 -28.9 45.6 -104.3 -1.7
2603 -12.6 -72.8 -11.8 -181.7 -130
