mexican_mismatch_declarative-broad-focus_El-nino-oye-el-rio analysis information:
Number of steps:
20
Cutoff frequencies were: 
4700 4850 5000 5150 5300 5450 5600 5750 5900 6050 6200 6350 6500 6650 6800 6950 7100 7250 7400 7550
Number of coefficients for prediction: 
5
Number of formants: 
3
Winner is:
6500 6500 6500
Errors (total,f1,f2,f3): 
711.7 670.9 605.4 579.1 498.5 513.5 505 475.5 470.3 483.5 470.7 453.5 448.9 449.4 484.3 511.3 528.1 569.4 643.1 669.8
40.9 39 38.4 38 38.5 41.2 40.7 40.4 40.7 40.8 39.7 39.7 40.1 44.5 61.5 68.8 69.9 81.3 100.5 111.5
427.7 386.1 322 297.5 254.2 278 274.7 253.3 248.8 253.2 238.2 216.2 212.6 205.6 205.6 202.8 203.1 209.5 229 236.1
243.1 245.8 245 243.6 205.8 194.3 189.6 181.8 180.8 189.5 192.8 197.6 196.2 199.3 217.2 239.7 255.1 278.6 313.6 322.2
Coefficients are (row-wise by formant):
465 33.6 -20.5 -38.2 44.6 28.7
2030.4 134.7 166.7 244.3 4.9 -101
2777.3 57.4 25 244.5 119.1 -83.9
