mexican_mismatch_interrogative-partial-wh_Por-que-venia-del-lago analysis information:
Number of steps:
20
Cutoff frequencies were: 
4700 4850 5000 5150 5300 5450 5600 5750 5900 6050 6200 6350 6500 6650 6800 6950 7100 7250 7400 7550
Number of coefficients for prediction: 
5
Number of formants: 
3
Winner is:
6350 6350 6350
Errors (total,f1,f2,f3): 
612.8 557.7 547 494.4 496 480.6 452.4 453.3 485.1 400.1 377 370.3 402.3 420.8 467.5 495.5 494.6 514.2 572.5 601.9
86.5 86.5 85.5 84.3 83.6 84.7 84 83.1 85.6 81.3 81.3 82.5 81.9 82.4 83.5 84.4 88.7 98.4 106.7 114.3
267 257.1 255 216.6 216.6 213 202.6 206.2 224 172.6 157.6 158.5 169.7 166.5 170.2 175.8 176.5 184.2 188.6 193.1
259.3 214.1 206.5 193.5 195.8 182.9 165.8 164 175.5 146.2 138.1 129.3 150.7 171.9 213.8 235.3 229.4 231.6 277.2 294.5
Coefficients are (row-wise by formant):
519.2 -30.8 -50 -4.9 -22.3 -0.5
1689.7 327.7 -377.7 51.9 -39.6 55.4
2615.5 153 -360 59 52.2 -49.2
