peruvian_match_declarative-narrow-focus_Maria-bebe-el-vino analysis information:
Number of steps:
20
Cutoff frequencies were: 
4700 4850 5000 5150 5300 5450 5600 5750 5900 6050 6200 6350 6500 6650 6800 6950 7100 7250 7400 7550
Number of coefficients for prediction: 
5
Number of formants: 
3
Winner is:
5300 5300 5300
Errors (total,f1,f2,f3): 
510 503.2 477.6 474.1 473 476.9 485.8 497.1 507.6 502.1 498.7 518.7 547.9 577.5 593.2 586.5 728.9 726.8 718.6 757.3
75.8 72.3 71.8 71.3 70.5 71.8 73.4 75.7 79 78 77.8 84.1 95.2 104.3 114.5 118.4 193.8 191 216 275.7
297.4 282.1 252.3 244.3 238.7 247.5 251.4 263.6 261.7 258.9 255.9 256.9 258.9 263.8 265.6 253.2 260.7 239.2 219.8 202
136.8 148.8 153.5 158.5 163.8 157.6 161 157.8 166.9 165.2 165 177.7 193.8 209.4 213.1 214.9 274.4 296.6 282.8 279.6
Coefficients are (row-wise by formant):
439.3 9.5 37.3 -54.9 76.4 28
1819.6 17.6 -112.7 51 -389.2 -91.5
2602.8 -70.1 82.5 -93.2 -162.7 -91.5
