peruvian_mismatch_interrogative-partial-wh_Cuando-comia-la-fruta analysis information:
Number of steps:
20
Cutoff frequencies were: 
4700 4850 5000 5150 5300 5450 5600 5750 5900 6050 6200 6350 6500 6650 6800 6950 7100 7250 7400 7550
Number of coefficients for prediction: 
5
Number of formants: 
3
Winner is:
5000 5000 5000
Errors (total,f1,f2,f3): 
458.3 449.3 444 453.4 466.8 495.4 517.6 571.9 630.2 667.9 703.9 772 860.9 949.8 1044.2 936.6 926.1 915.5 932.3 899.1
71.7 74.5 77.7 84.3 90.6 100.3 107.5 116.3 130.4 147.9 153.9 166.3 187.4 194.8 208.2 216.1 223.1 234.3 247.9 262.4
218.2 225 224.5 225.5 228.5 234.3 243.7 263.4 283.5 290.3 292.1 309.4 337.6 378.7 440.9 358.9 349.1 328.9 334 307.1
168.4 149.8 141.8 143.6 147.7 160.8 166.4 192.2 216.3 229.7 257.9 296.3 335.9 376.3 395.1 361.6 353.9 352.3 350.4 329.6
Coefficients are (row-wise by formant):
485.9 -25.9 1.1 31.1 79.9 -65.3
1416.9 -108.9 -210.5 -21.5 157.4 -0.7
2514.7 -30.2 -66.6 -49.9 -35.9 83.2
