peruvian_match_interrogative-total-yn_Emilio-ama-la-marcha analysis information:
Number of steps:
20
Cutoff frequencies were: 
4700 4850 5000 5150 5300 5450 5600 5750 5900 6050 6200 6350 6500 6650 6800 6950 7100 7250 7400 7550
Number of coefficients for prediction: 
5
Number of formants: 
3
Winner is:
5150 5150 5150
Errors (total,f1,f2,f3): 
427 377.5 365.6 361.4 381.4 426.1 487.5 556.9 601.2 666 733.5 713 733.5 791.2 834.8 844 801.1 796.1 753.6 751.8
78.4 77.3 76.9 78.4 84.8 92 100.5 114.4 120.5 131.2 134.6 128.6 130.5 134.7 133.6 133.6 139 158.6 172.5 188.5
203 169.2 154.2 149.9 158 177.4 199.6 225.8 244 275.2 317.6 303.4 305.9 323.4 339.7 336.4 306.5 297.4 264.7 256.6
145.6 131 134.5 133.1 138.6 156.7 187.4 216.7 236.7 259.6 281.3 281 297.1 333.1 361.5 374 355.6 340.1 316.4 306.7
Coefficients are (row-wise by formant):
521.7 -113.2 -65 55.9 45.8 44.5
1671.2 424.5 280.7 46.1 -175 -167.1
2536.9 115.4 115.8 14.8 -10.2 -32.9
