peruvian_match_declarative-narrow-focus_Marta-abre-el-regalo analysis information:
Number of steps:
20
Cutoff frequencies were: 
4700 4850 5000 5150 5300 5450 5600 5750 5900 6050 6200 6350 6500 6650 6800 6950 7100 7250 7400 7550
Number of coefficients for prediction: 
5
Number of formants: 
3
Winner is:
5450 5450 5450
Errors (total,f1,f2,f3): 
298.6 297.5 280.2 275.3 270 265.2 267 274.4 284.3 300.1 320.4 352.9 425.9 461.1 501.5 552.5 644.1 725.3 871.9 912
81.2 79.6 79.5 78.7 77.3 75.9 76.9 80.9 83.7 89.6 95 104.2 119.3 128.7 136.1 140.5 167.6 169.7 201.1 223.3
114.6 113 110.8 112.7 110.4 111.4 114.4 118.2 121.6 131.4 140.3 148.6 173 191.5 195 205.7 234 265.4 310 312.8
102.8 104.9 89.9 83.9 82.3 77.9 75.7 75.3 79 79.1 85.1 100.1 133.6 140.9 170.4 206.3 242.5 290.2 360.8 375.9
Coefficients are (row-wise by formant):
554.1 79.2 32.1 -46.1 -58.7 29.7
1518.7 -98.1 -131.1 156.3 0.6 -14.5
2473 27.3 26.7 -15.2 -6.3 -77.9
