peruvian_match_declarative-broad-focus_Daniel-iba-a-Bolivia analysis information:
Number of steps:
20
Cutoff frequencies were: 
4700 4850 5000 5150 5300 5450 5600 5750 5900 6050 6200 6350 6500 6650 6800 6950 7100 7250 7400 7550
Number of coefficients for prediction: 
5
Number of formants: 
3
Winner is:
5450 5450 5450
Errors (total,f1,f2,f3): 
404.7 372.2 340.5 323.6 313 310.5 326.5 315.8 313.5 344.4 384 411.2 471.8 550.2 584.6 625.5 665.5 712.7 690 798.2
61.5 60.9 60.7 60.9 59.9 61.2 69.2 69.8 72.2 73.7 75.4 78 84.5 108.2 119.5 140.9 163.3 217 248.9 323.1
195.8 186 167.1 158.1 150.7 151.4 152.9 154 152.3 168.2 194.9 207.4 230.8 246.9 243.8 236 227.8 208.3 171 191.8
147.4 125.3 112.7 104.6 102.4 97.9 104.4 92 89 102.5 113.7 125.8 156.5 195.1 221.3 248.6 274.4 287.4 270.1 283.3
Coefficients are (row-wise by formant):
432.8 33.9 -8.1 -6.6 73.9 -86.5
1805.4 23.2 228 -242.5 -360.6 215.6
2592.9 36.6 131.6 -40.6 -119.8 56.5
