peruvian_match_interrogative-partial-wh_Cuando-bebia-el-vino analysis information:
Number of steps:
20
Cutoff frequencies were: 
4700 4850 5000 5150 5300 5450 5600 5750 5900 6050 6200 6350 6500 6650 6800 6950 7100 7250 7400 7550
Number of coefficients for prediction: 
5
Number of formants: 
3
Winner is:
4700 4700 4700
Errors (total,f1,f2,f3): 
466.4 487.5 512.4 503 498.5 519.1 546.4 556.3 598.5 671.8 674.5 768.7 764.6 733.2 705.3 634.1 619.6 666.1 699.2 776.6
78.4 81.4 84.6 85.9 88.4 94.1 96.9 90.7 87.9 93.3 95.1 100.1 92.5 89.5 90.4 96.8 107.9 129.9 147.2 170.7
248.6 251 255.8 245.8 243.4 253.2 265.3 269.8 310.7 314.1 306.1 369.2 368 354.8 348.4 285.9 254.4 255.6 251.8 278.1
139.4 155.1 172 171.3 166.7 171.8 184.2 195.8 199.9 264.4 273.3 299.4 304.1 288.9 266.5 251.4 257.3 280.6 300.2 327.8
Coefficients are (row-wise by formant):
424.8 -8.3 103.8 -16.1 62.2 -14.1
1548 -201 -453.2 48.7 89.1 24.6
2467.4 -31.9 -94.5 1.7 -25.7 -26.3
