peruvian_match_declarative-broad-focus_David-leia-el-libro analysis information:
Number of steps:
20
Cutoff frequencies were: 
4700 4850 5000 5150 5300 5450 5600 5750 5900 6050 6200 6350 6500 6650 6800 6950 7100 7250 7400 7550
Number of coefficients for prediction: 
5
Number of formants: 
3
Winner is:
5900 5900 5900
Errors (total,f1,f2,f3): 
472.1 432.7 460.1 455.3 451.6 419.4 416.3 407 405.5 419.6 448 456.8 504.7 563.3 616.4 633.1 648.3 740.5 807.5 1021.6
68.7 69.2 70.2 71.1 73.2 74.7 73.9 74.7 74.8 79.2 86.9 87.3 103.8 123.8 146.5 167.9 191.8 226.3 268.8 392.8
263.9 221.6 229.3 219 216.2 188.3 183.9 176.3 174.8 177.9 190.2 195.9 211.1 224.1 235.2 217.3 199.8 209.6 216.2 249.3
139.5 141.9 160.6 165.2 162.2 156.4 158.5 156 155.9 162.5 170.9 173.6 189.8 215.4 234.7 247.9 256.7 304.6 322.5 379.5
Coefficients are (row-wise by formant):
387.5 4.1 57.3 28.1 58.1 -67.7
1941.4 40.1 -465.6 -1.6 -211.4 53.9
2672.3 95.4 -147.2 0.7 -9.6 -4.8
