peruvian_match_declarative-narrow-focus_David-leia-el-libro analysis information:
Number of steps:
20
Cutoff frequencies were: 
4700 4850 5000 5150 5300 5450 5600 5750 5900 6050 6200 6350 6500 6650 6800 6950 7100 7250 7400 7550
Number of coefficients for prediction: 
5
Number of formants: 
3
Winner is:
5600 5600 5600
Errors (total,f1,f2,f3): 
488.5 436.2 429.1 414.1 404.7 379.5 377.8 390.9 405.2 397 404 431.1 480.1 532.6 610.8 808.3 858.7 972.3 955.1 1043.5
59.7 61.3 61.6 62.9 64.7 64.7 64.1 64.7 65.3 66.1 70.6 74.7 87.4 111.3 156.1 287.6 335.8 429.7 460.9 517.4
261 230.7 215.8 199.4 187.9 183.4 181.4 185.3 190.6 186.5 188.2 193 204.9 207 207.2 210.1 201.6 184.6 161.9 176.5
167.8 144.2 151.7 151.8 152.1 131.4 132.3 140.9 149.3 144.4 145.2 163.4 187.8 214.3 247.5 310.6 321.3 358 332.3 349.6
Coefficients are (row-wise by formant):
392.5 17.8 50.4 12.2 60.2 -35.1
1943.9 75.7 -385.8 -12.6 -118 17.4
2621.6 102.3 -174.7 -10.9 7.1 -0.4
