peruvian_mismatch_declarative-broad-focus_El-hombre-mira-la-luna analysis information:
Number of steps:
20
Cutoff frequencies were: 
4700 4850 5000 5150 5300 5450 5600 5750 5900 6050 6200 6350 6500 6650 6800 6950 7100 7250 7400 7550
Number of coefficients for prediction: 
5
Number of formants: 
3
Winner is:
5300 5300 5300
Errors (total,f1,f2,f3): 
353.8 375.5 349.8 319.5 314.8 316.3 318.6 327.4 343.6 341.8 342 434.7 405.8 431.4 466 514 571.7 670.3 726.7 876.5
65.8 73.1 72.3 71.7 71.5 73.5 74.8 75 75.2 76.2 75.8 87 104.7 106.8 109.6 127.6 154.9 197.5 221.7 287.7
162.3 175.3 160.9 153 158.7 161.6 164.3 171 182.4 171.2 171.8 232.1 187.4 202.1 231.8 247.6 249.3 244.5 240.8 275.3
125.7 127.1 116.6 94.8 84.6 81.2 79.5 81.4 86 94.4 94.4 115.6 113.7 122.5 124.6 138.8 167.5 228.3 264.2 313.5
Coefficients are (row-wise by formant):
440.8 12.9 18.3 7.3 22.3 -105.1
1634.3 104.9 -165.5 -33.3 219.4 98.2
2600.7 18.5 11 57.2 119.8 -5.6
