peruvian_match_declarative-broad-focus_Marta-abre-el-regalo analysis information:
Number of steps:
20
Cutoff frequencies were: 
4700 4850 5000 5150 5300 5450 5600 5750 5900 6050 6200 6350 6500 6650 6800 6950 7100 7250 7400 7550
Number of coefficients for prediction: 
5
Number of formants: 
3
Winner is:
5450 5450 5450
Errors (total,f1,f2,f3): 
309.5 310 300.2 303.5 289.3 283.4 286.8 284.4 284.2 294.9 316.3 348.2 373.9 413 511.2 589.3 652.7 729.7 766 886
83.7 81.6 81.3 79.1 76.3 76.6 77.9 78.9 79.8 80.8 81.9 83.3 86.4 96.5 105.9 112 131.6 159.5 160.2 180.1
108.3 116.8 115.9 133.7 136.1 129.3 128.1 126.9 127.8 134.6 147.1 157.5 163.9 170.5 192.8 208.5 229 249.3 265.5 294.1
117.5 111.6 103 90.7 76.9 77.5 80.8 78.6 76.6 79.5 87.3 107.4 123.6 146 212.5 268.8 292.1 320.9 340.3 411.8
Coefficients are (row-wise by formant):
584.5 114.5 20.3 -59.6 -56.3 46.7
1515.9 -60.7 -59.8 147.3 -23.1 -18.3
2442.5 19.8 77.9 -37.1 -51.8 -66.4
