peruvian_mismatch_declarative-broad-focus_La-maestra-vive-en-Paris analysis information:
Number of steps:
20
Cutoff frequencies were: 
4700 4850 5000 5150 5300 5450 5600 5750 5900 6050 6200 6350 6500 6650 6800 6950 7100 7250 7400 7550
Number of coefficients for prediction: 
5
Number of formants: 
3
Winner is:
4700 4700 4700
Errors (total,f1,f2,f3): 
464.6 497.3 563.7 611.1 638.4 635.4 631.7 615.3 604.6 635.2 681.9 709.9 752 784.8 834.5 857.6 896.1 939.2 1025.1 1111.2
122.8 142.2 163.4 195 215.6 220.4 212.3 210.4 212.8 218.9 228.5 235.1 243.7 253.1 263.9 264.1 271.8 290.8 327.1 372.8
182.4 199.2 224.1 234.9 237.7 236.2 236.3 230.1 224.7 229.9 222.4 218 223.8 225.3 232.3 232.3 237.6 250.5 283.6 318.9
159.4 155.9 176.2 181.2 185.1 178.8 183.1 174.8 167.1 186.4 231 256.8 284.5 306.4 338.3 361.2 386.7 397.9 414.4 419.5
Coefficients are (row-wise by formant):
487.7 73.6 9.6 -1.2 -23 18.2
1698.4 -75.1 -13.2 -72 -27.8 -154.7
2398.4 -17.3 101.6 -65.3 59.9 -88.3
