peruvian_match_interrogative-partial-wh_Por-que-hablaba-del-agua analysis information:
Number of steps:
20
Cutoff frequencies were: 
4700 4850 5000 5150 5300 5450 5600 5750 5900 6050 6200 6350 6500 6650 6800 6950 7100 7250 7400 7550
Number of coefficients for prediction: 
5
Number of formants: 
3
Winner is:
5600 5600 5600
Errors (total,f1,f2,f3): 
476.8 465.4 449.3 408.8 386 362.1 359.8 362.5 368 379.8 392.3 406.1 414.4 430.4 475.8 559.6 765.9 827.1 907.6 852.6
85.7 85.7 88.3 88.6 90 92.6 95.5 97.8 100.3 99.9 99.6 99.3 101 104.8 117.2 137 170.1 184.4 197.6 202
161.8 168.2 165.2 161.3 157.8 153.4 153.5 155.4 157.7 167.3 176.4 185.8 191.3 200.5 223.2 260.4 344.5 369.5 369.6 307.8
229.3 211.5 195.8 158.9 138.2 116.1 110.8 109.3 110 112.6 116.3 121 122.1 125.1 135.4 162.2 251.3 273.2 340.4 342.8
Coefficients are (row-wise by formant):
573.9 -21.9 31.3 2.7 11 21.1
1505.4 166.5 -129.4 -76.3 -310.2 -170.8
2546.9 -86.1 -12.4 -59.3 -79.5 -151.2
