peruvian_match_interrogative-partial-wh_Por-que-iba-a-Bolivia analysis information:
Number of steps:
20
Cutoff frequencies were: 
4700 4850 5000 5150 5300 5450 5600 5750 5900 6050 6200 6350 6500 6650 6800 6950 7100 7250 7400 7550
Number of coefficients for prediction: 
5
Number of formants: 
3
Winner is:
5450 5450 5450
Errors (total,f1,f2,f3): 
367.1 360.8 357.9 377.7 358.8 353.8 360.8 370.4 389 405.9 398.8 404.2 437.9 498.9 661.2 709.1 639.9 566 603.8 692.1
50.2 52.1 51.8 49.7 47.5 48.4 54.5 56 57.9 58.4 58.8 58.6 62.7 73.1 95.6 97.4 111.2 142.5 178 222.1
169 172.3 174.5 194.1 178 171.9 172.9 180.4 194.3 204.4 201 201.6 216.5 234.7 292.8 305.3 235.4 171.5 167.7 186.3
147.9 136.4 131.6 133.9 133.3 133.5 133.4 134 136.8 143.1 139 144 158.7 191.1 272.8 306.4 293.3 252 258.1 283.7
Coefficients are (row-wise by formant):
430.9 56.2 32.7 3.2 95.7 -52.8
1710.4 -162.9 33.6 -352.2 -493.8 167.9
2547.4 -52.6 -22.8 -171 -146.8 26.3
