peruvian_mismatch_interrogative-total-yn_El-nino-oye-el-rio analysis information:
Number of steps:
20
Cutoff frequencies were: 
4700 4850 5000 5150 5300 5450 5600 5750 5900 6050 6200 6350 6500 6650 6800 6950 7100 7250 7400 7550
Number of coefficients for prediction: 
5
Number of formants: 
3
Winner is:
5150 5150 5150
Errors (total,f1,f2,f3): 
573.1 551.2 503.2 476 497.1 503.9 558.3 590.8 593.7 541.9 569.5 558.4 578.8 611 664.3 661.5 678.6 718.2 795.9 905.6
53.9 50.8 49.9 49 49.2 49.5 51.8 52.7 54.7 56 56.1 67.8 76.5 98.5 124.6 128.2 143.4 167.6 217.1 254.4
358.1 347.5 319.4 311.9 326.6 324.6 367 380 384.1 362.4 374.9 326.4 326 319.8 323.7 301.4 276.2 267.9 273.9 302.7
161.1 152.9 133.9 115.1 121.3 129.8 139.5 158.1 154.9 123.5 138.5 164.2 176.3 192.7 216 231.9 259 282.7 304.9 348.5
Coefficients are (row-wise by formant):
423 -28.7 15.1 -50.2 33 -1.3
1712.8 278.5 23.5 283.6 -115.7 -115.7
2604.3 114.8 17.7 5.9 12.9 -47.8
