peruvian_match_interrogative-partial-wh_Cuando-vendia-el-carro analysis information:
Number of steps:
20
Cutoff frequencies were: 
4700 4850 5000 5150 5300 5450 5600 5750 5900 6050 6200 6350 6500 6650 6800 6950 7100 7250 7400 7550
Number of coefficients for prediction: 
5
Number of formants: 
3
Winner is:
5450 5450 5450
Errors (total,f1,f2,f3): 
394.8 357.2 358.6 363.2 356.9 356.7 396.5 424.7 435.4 475.1 508.6 550.2 608.8 693.7 815.6 813.6 750.9 818 950.8 1037.3
89.7 94.1 100.9 108.7 112 113.3 112.4 109.9 108.4 118 128 133.6 147.1 159.3 172.1 169 173.2 201.9 239.4 295.5
174 150.9 152.4 151.2 146.3 149.1 161.4 182.4 197.1 200.5 203.5 205.3 220.7 242.3 304.4 286.7 241.8 249.5 288.6 296.6
131.1 112.2 105.3 103.3 98.6 94.3 122.7 132.4 129.9 156.6 177.1 211.3 241 292.1 339.1 357.9 335.9 366.6 422.8 445.2
Coefficients are (row-wise by formant):
506.6 -72 43.9 112 -65.8 44.3
1544.3 3.5 -558.6 1.1 127.4 9.2
2488.8 143.4 -205.2 -133 53.2 -57.4
