peruvian_mismatch_declarative-broad-focus_El-bebe-comia-muy-bien analysis information:
Number of steps:
20
Cutoff frequencies were: 
4700 4850 5000 5150 5300 5450 5600 5750 5900 6050 6200 6350 6500 6650 6800 6950 7100 7250 7400 7550
Number of coefficients for prediction: 
5
Number of formants: 
3
Winner is:
5150 5150 5150
Errors (total,f1,f2,f3): 
614.3 596.9 573.2 571.9 579.2 586.4 609 617.1 638.7 666 681.8 687.9 655.7 651.5 667.6 701.3 774.7 850.6 883 939.6
80.3 82.3 86.1 94.6 105.9 107.2 109.6 109 118.5 129.8 134.5 142.1 145 157.5 161.7 175.4 224.1 297 349.3 376.2
346.9 331 318.1 316.3 308.4 306.6 322.3 326.1 327.7 328.7 332.1 315 279.4 251.1 248.6 248.4 239.1 223.3 194.7 212.9
187.1 183.6 169 161 164.9 172.6 177.1 182 192.5 207.5 215.2 230.8 231.3 242.9 257.3 277.5 311.5 330.3 339 350.5
Coefficients are (row-wise by formant):
466 -37.8 -14.6 -21.6 5.7 -19
1781.4 -74 156.9 -8.3 -128.4 18.5
2599.6 -147.3 79.4 -0.6 44.2 84.6
