peruvian_match_declarative-narrow-focus_Emilio-ama-la-marcha analysis information:
Number of steps:
20
Cutoff frequencies were: 
4700 4850 5000 5150 5300 5450 5600 5750 5900 6050 6200 6350 6500 6650 6800 6950 7100 7250 7400 7550
Number of coefficients for prediction: 
5
Number of formants: 
3
Winner is:
5300 5300 5300
Errors (total,f1,f2,f3): 
463.2 415.6 381.1 384 366.8 375 391.6 473.1 535.9 603.8 651.9 662.4 703.1 752.5 760.7 760.9 819 870.4 814.7 764.5
77.2 72.6 72.3 75.8 73.8 81.2 86.5 106.4 115 126 129.6 121.8 118.3 123.1 121.8 142.6 169.5 181.7 220.8 233.2
206.7 195.6 178 188 176.7 180.8 184.3 208.9 234.5 268.3 301.1 314.3 328.5 337.7 333 305.4 315.7 341.1 277.2 234.8
179.3 147.4 130.8 120.2 116.3 113 120.8 157.8 186.4 209.5 221.2 226.3 256.3 291.7 305.9 312.9 333.8 347.6 316.7 296.5
Coefficients are (row-wise by formant):
529.8 -167.1 -44 23.2 53.9 29.9
1624.1 347.7 289.5 14.5 -126.5 -149.6
2517.9 69.1 110.4 8.4 -21.4 -51.1
