peruvian_mismatch_declarative-narrow-focus_Mi-madre-come-la-fruta analysis information:
Number of steps:
20
Cutoff frequencies were: 
4700 4850 5000 5150 5300 5450 5600 5750 5900 6050 6200 6350 6500 6650 6800 6950 7100 7250 7400 7550
Number of coefficients for prediction: 
5
Number of formants: 
3
Winner is:
4700 4700 4700
Errors (total,f1,f2,f3): 
458.5 478.1 469.2 474 487.3 505.5 522.3 535.6 569.6 610.6 635 685.8 755.1 826.9 923.6 990.8 946.4 920.3 907.5 924.4
93.1 99.9 102.1 108.9 115.3 122.1 127.2 129.8 139.2 146.6 156.8 169.7 188 214.3 233.5 251 251.8 253.1 264.6 276.8
219.2 225.9 228.6 234.6 237.5 242.6 243.9 244.1 252.7 266.3 280.5 291.4 298.4 306.5 320.5 332.4 285.8 263.8 250.6 249.5
146.2 152.3 138.5 130.5 134.5 140.8 151.2 161.7 177.7 197.7 197.7 224.7 268.7 306.1 369.6 407.4 408.8 403.4 392.3 398.1
Coefficients are (row-wise by formant):
481.5 -38 -36.5 -20.9 -4.4 -107.3
1515.4 126.9 91.4 44.3 -6.5 12.3
2422.6 -16.7 84.2 46.1 44.4 -24.8
