peruvian_mismatch_declarative-broad-focus_El-nino-oye-el-rio analysis information:
Number of steps:
20
Cutoff frequencies were: 
4700 4850 5000 5150 5300 5450 5600 5750 5900 6050 6200 6350 6500 6650 6800 6950 7100 7250 7400 7550
Number of coefficients for prediction: 
5
Number of formants: 
3
Winner is:
5450 5450 5450
Errors (total,f1,f2,f3): 
651.4 681.7 697.5 706.1 599.4 551.5 555.4 640.8 672.2 692.2 718.8 664.9 669.3 688.9 693.2 670.3 618.3 590.5 612.8 636
69.9 71.8 72.7 71.6 72 73 76.8 83.9 97.9 111.6 122.5 124.8 133.2 140.1 134.1 145.9 163.5 181.5 218.3 236.9
416 435 444.5 441.5 352.7 311.4 308.9 356.9 374.8 375.5 362.1 306.9 301.1 303.1 308.2 275.9 220 173.3 148.1 148.3
165.5 174.9 180.3 193 174.7 167.1 169.7 200 199.5 205.1 234.2 233.2 235 245.7 250.9 248.5 234.8 235.7 246.4 250.8
Coefficients are (row-wise by formant):
427 -11.8 -12.2 -24.3 36.5 -20.1
1815 168 150.7 245.2 -295.2 -143.9
2697.6 76.1 82.2 115.2 -70.8 -4.9
