peruvian_match_interrogative-partial-wh_Cuando-lleva-el-abrigo analysis information:
Number of steps:
20
Cutoff frequencies were: 
4700 4850 5000 5150 5300 5450 5600 5750 5900 6050 6200 6350 6500 6650 6800 6950 7100 7250 7400 7550
Number of coefficients for prediction: 
5
Number of formants: 
3
Winner is:
5000 5000 5000
Errors (total,f1,f2,f3): 
451.8 429.9 421.2 423.7 438.6 453.2 468.6 496.8 533.8 558.9 630.7 735.9 766.2 807.8 738.5 643.8 565.7 548.2 564.4 614.4
70.8 71.9 70.6 71.1 73.6 75.7 76.5 75.5 81.1 87.8 91 99.8 106.2 110.4 116.3 129.5 139.2 145.5 164.1 187.8
250.5 248.5 244.1 248.6 256.4 260.2 261.2 272.7 290.1 308.1 337.6 366.8 371.7 387.5 338.5 244.1 169.9 150.9 147.1 152.8
130.5 109.5 106.5 104 108.6 117.3 130.9 148.6 162.6 163 202.1 269.3 288.3 309.9 283.7 270.2 256.6 251.8 253.2 273.8
Coefficients are (row-wise by formant):
445.7 38.5 -5.1 51.8 84.8 -36.9
1540.7 -108.3 -247.3 10.5 -283.9 250.5
2503.3 -33.3 12.1 -73 -119.9 0.8
