peruvian_mismatch_declarative-narrow-focus_La-nina-lava-el-plato analysis information:
Number of steps:
20
Cutoff frequencies were: 
4700 4850 5000 5150 5300 5450 5600 5750 5900 6050 6200 6350 6500 6650 6800 6950 7100 7250 7400 7550
Number of coefficients for prediction: 
5
Number of formants: 
3
Winner is:
5600 5600 5600
Errors (total,f1,f2,f3): 
445.8 427 402 389.8 383.6 372.1 367.3 418.7 462.3 493.5 520.1 539.7 561.9 546.6 514.2 531.7 556 638.2 730.2 877
90.6 89.2 91 95 100.1 99.4 95.9 103.1 105.2 110.1 117.6 125.2 131.5 126.9 128.1 128.3 139.7 159.7 192.8 232.5
243.4 230.8 195.6 174.4 172.9 166 163.6 196.9 219.8 235.8 241.9 245.2 247.2 233.2 212.8 211.5 220.3 243.5 257.1 299.5
111.8 107 115.4 120.4 110.6 106.7 107.8 118.7 137.3 147.6 160.6 169.3 183.2 186.5 173.3 191.9 196 235 280.3 345
Coefficients are (row-wise by formant):
517.7 -68.7 -19.6 -29.7 63.3 78.7
1688.8 259.1 12.8 38.8 -280.2 -212.5
2629.7 124.9 73.1 -39.3 -147.5 -97.3
