peruvian_mismatch_interrogative-total-yn_Mi-tia-odia-la-lluvia analysis information:
Number of steps:
20
Cutoff frequencies were: 
4700 4850 5000 5150 5300 5450 5600 5750 5900 6050 6200 6350 6500 6650 6800 6950 7100 7250 7400 7550
Number of coefficients for prediction: 
5
Number of formants: 
3
Winner is:
6200 6200 6200
Errors (total,f1,f2,f3): 
637.3 561.5 532.9 508.9 498.3 502.1 499.7 531.1 519 510.3 495 499.1 539.5 568.7 623.8 654 714.3 708.5 725.5 783.1
75.6 79.9 79 78.5 79.7 78.4 77.6 76.5 76 76.3 77.5 80.1 88.1 93.4 126.4 141.9 158.9 177.5 231.2 294.9
336.1 294.1 288.1 285.9 279.6 277.4 272 289.6 278.1 270.7 267.5 266.3 271.7 258.3 256.2 262.1 278.6 248.6 216.8 211.8
225.6 187.5 165.8 144.5 139 146.3 150.1 165 164.9 163.3 150 152.7 179.7 217 241.2 250 276.8 282.4 277.5 276.4
Coefficients are (row-wise by formant):
440.9 -28.8 -39.3 -116.8 33.9 -10.1
1849.8 264.9 274.7 193.9 -49.7 -201.9
2731.7 164.1 96.9 43.5 45.4 -56.6
