peruvian_mismatch_interrogative-partial-wh_Cuando-miraba-la-luna analysis information:
Number of steps:
20
Cutoff frequencies were: 
4700 4850 5000 5150 5300 5450 5600 5750 5900 6050 6200 6350 6500 6650 6800 6950 7100 7250 7400 7550
Number of coefficients for prediction: 
5
Number of formants: 
3
Winner is:
5450 5450 5450
Errors (total,f1,f2,f3): 
402.7 408.8 389.1 386.9 386.2 377.4 402.7 426.2 444.6 462.5 511.7 553.4 598.4 655 707.2 854.4 871.3 910.9 997.8 1052.8
65.5 66.2 67.1 68.9 70.1 72.5 73.9 76.2 79.2 81.4 97.5 122.1 124.1 144.9 146.2 166.1 212.6 243.6 275.2 290.1
200.7 198.6 193.4 193.5 196.1 194.9 212 226.5 235 242.2 260.6 253.5 275.9 292.5 308.9 386.2 350.2 324.9 341.1 357.7
136.5 144 128.6 124.5 120 110 116.8 123.5 130.4 138.9 153.6 177.8 198.4 217.6 252.1 302.1 308.5 342.4 381.5 405
Coefficients are (row-wise by formant):
466.5 0.2 12.4 -24 100.7 75.9
1432 -93.5 -107.6 -188.5 -117.2 -8.7
2499.3 -4 37.7 -69.9 -56.7 -100.3
