peruvian_match_declarative-broad-focus_Emilio-ama-la-marcha analysis information:
Number of steps:
20
Cutoff frequencies were: 
4700 4850 5000 5150 5300 5450 5600 5750 5900 6050 6200 6350 6500 6650 6800 6950 7100 7250 7400 7550
Number of coefficients for prediction: 
5
Number of formants: 
3
Winner is:
5450 5450 5450
Errors (total,f1,f2,f3): 
343.8 340.6 335.7 366.8 348 334.4 369.3 447.5 493.9 532.4 618.6 642 694.8 744.4 729 734.1 775.1 863.5 842.5 627.2
66.1 65.1 68.4 66.4 65.2 67.2 77.9 94.9 105.1 112.7 119.4 115.5 114.4 114.4 119.4 123.3 130.5 140.9 158.5 173.8
169.1 163.6 157.3 180.1 170.5 161.8 176.5 204.7 226.4 244.3 269.2 269.2 282.1 303.4 284.2 279 287.1 315.1 304.7 160
108.6 111.9 110 120.3 112.3 105.4 114.9 147.9 162.4 175.4 230 257.3 298.3 326.6 325.4 331.8 357.5 407.5 379.3 293.4
Coefficients are (row-wise by formant):
542.6 -170.4 -77.9 25.5 71 48.4
1691.3 360 241.6 -29.7 -144.1 -170
2510.7 98.2 86.6 -39.1 -47.8 -69.5
