peruvian_match_declarative-broad-focus_Maria-bebe-el-vino analysis information:
Number of steps:
20
Cutoff frequencies were: 
4700 4850 5000 5150 5300 5450 5600 5750 5900 6050 6200 6350 6500 6650 6800 6950 7100 7250 7400 7550
Number of coefficients for prediction: 
5
Number of formants: 
3
Winner is:
4850 4850 4850
Errors (total,f1,f2,f3): 
434.4 427.6 447.3 445.2 454.6 469.1 487.4 505.1 516 528.5 522.6 517.6 558.9 583.3 610.1 578.5 623.1 788.3 837.2 741.6
80.9 80.3 79.6 81.4 81.2 84.1 85.9 87.9 91.7 99.4 103.6 104.1 112.8 112.3 125.1 130 146.1 220.8 278.1 266.1
232.8 233.4 230 228.8 229.4 237.5 251.1 253.7 250.9 254.8 252.7 252 256.5 262.6 263.8 235.8 224.2 230.1 239.1 214.1
120.7 113.9 137.7 135 144 147.5 150.4 163.5 173.4 174.3 166.3 161.5 189.6 208.4 221.2 212.7 252.8 337.4 320 261.4
Coefficients are (row-wise by formant):
443.4 -6.9 27.4 -78.4 77.5 -11.9
1683 -49.4 -171.7 51.7 -311.2 -50.5
2502.6 -67.4 9.7 -5.9 -144.3 17.2
