peruvian_mismatch_interrogative-partial-wh_Por-que-desayuna-muy-bien analysis information:
Number of steps:
20
Cutoff frequencies were: 
4700 4850 5000 5150 5300 5450 5600 5750 5900 6050 6200 6350 6500 6650 6800 6950 7100 7250 7400 7550
Number of coefficients for prediction: 
5
Number of formants: 
3
Winner is:
4700 4700 4700
Errors (total,f1,f2,f3): 
386.3 389.4 395.4 411.8 432.9 437.3 460.5 512.8 525 534.5 536.4 570.6 623.2 649.3 706 780.3 897.3 993.7 1124.4 1197.7
62.8 66.5 70.5 72.9 75.5 78.7 82.1 98.4 96.2 92.6 92.2 106.2 119 123.9 137.4 174.2 256.3 302.3 385.8 426.3
188.8 193.9 200.4 203.9 212.7 215.1 227.7 241.3 243 243.1 239 240.8 250.8 256.1 268.4 271.2 262.4 277.2 296.2 319.5
134.7 129 124.5 135 144.7 143.5 150.7 173.1 185.8 198.8 205.2 223.6 253.4 269.3 300.2 334.9 378.6 414.2 442.4 451.9
Coefficients are (row-wise by formant):
449 -7.2 67.4 -10.2 34.1 -25.4
1692.2 -242.9 7.5 -247.9 -231.2 120.2
2475.5 -141.5 -0.8 -113 -70.4 55.3
