peruvian_mismatch_interrogative-partial-wh_Por-que-odiaba-la-lluvia analysis information:
Number of steps:
20
Cutoff frequencies were: 
4700 4850 5000 5150 5300 5450 5600 5750 5900 6050 6200 6350 6500 6650 6800 6950 7100 7250 7400 7550
Number of coefficients for prediction: 
5
Number of formants: 
3
Winner is:
5150 5150 5150
Errors (total,f1,f2,f3): 
580.2 582.1 567.6 557.4 562.1 568.2 590.5 615.1 638.2 641 642.8 676.4 764.3 857 863.8 829 833.5 853.3 825.7 833.7
58.9 65.8 64.7 66 69 69.8 75.8 82.1 85.1 84.2 83.1 86.5 97.5 156.5 191.8 216 222 238 250.6 255
322.6 335.6 347.8 353.4 354.9 358 365.9 378.5 386.8 389.9 400.4 413.8 443.4 421.9 373.2 315.9 310.2 318.5 294.4 293.7
198.7 180.7 155.1 138 138.2 140.4 148.8 154.5 166.3 166.9 159.3 176.1 223.4 278.6 298.8 297.1 301.3 296.8 280.7 285
Coefficients are (row-wise by formant):
471.7 66.3 -8.6 -13.2 73.6 -74.1
1541.2 -138.1 33.1 -79.3 -70.8 -167.4
2536.9 -109.6 -14.4 -121.4 -12.5 -13.2
