peruvian_mismatch_interrogative-total-yn_El-bebe-comia-muy-bien analysis information:
Number of steps:
20
Cutoff frequencies were: 
4700 4850 5000 5150 5300 5450 5600 5750 5900 6050 6200 6350 6500 6650 6800 6950 7100 7250 7400 7550
Number of coefficients for prediction: 
5
Number of formants: 
3
Winner is:
5600 5600 5600
Errors (total,f1,f2,f3): 
626.9 621.8 584.1 544.3 522.9 515.4 509.9 522.8 526.8 542.9 568.2 590 591.5 593 606.6 630.9 660.5 684 726.1 770.4
77.1 75.3 78.2 79.3 82.4 84.5 86.5 88 86.8 87.3 83.6 84.1 84.8 91.1 94.8 109.8 150.3 196.7 231.5 249.3
364.8 333.1 303.9 289.4 280.7 275.6 269.4 274.4 276 281 297.4 294.5 286.5 273.3 275 273.1 230.9 183.9 181.7 180
185 213.4 202 175.6 159.8 155.3 154 160.4 164 174.6 187.2 211.4 220.2 228.6 236.8 248 279.3 303.4 312.9 341.1
Coefficients are (row-wise by formant):
425.9 5.7 -55.4 -7.6 14.3 -3.8
1842.3 -77 103 98 -46.3 30.5
2609.3 -92.5 -7.1 57.1 149.5 72.5
