peruvian_statement_filler_El-nino-habla-con-su-madre analysis information:
Number of steps:
20
Cutoff frequencies were: 
4700 4850 5000 5150 5300 5450 5600 5750 5900 6050 6200 6350 6500 6650 6800 6950 7100 7250 7400 7550
Number of coefficients for prediction: 
5
Number of formants: 
3
Winner is:
4850 4850 4850
Errors (total,f1,f2,f3): 
522.3 504.7 555.8 566.9 591.8 603.8 618.4 662.1 689 766.2 794.9 809.7 830.9 837.5 838.7 847 826.5 837.1 874.6 889.7
81.6 83.1 92.7 105.6 117.1 123.4 126.8 127.2 123.9 128.8 131.7 135.2 137.6 141.4 143.6 147.9 147.6 156.4 171.6 170.6
274.4 259.8 286.6 273.8 268.5 270 274.2 298.3 314.7 363.2 383 400.3 401.8 372.3 366.5 358.6 339.4 328.4 324.2 328
166.3 161.8 176.5 187.5 206.2 210.4 217.4 236.6 250.4 274.2 280.2 274.2 291.5 323.8 328.6 340.5 339.5 352.3 378.8 391.1
Coefficients are (row-wise by formant):
476.1 -32.8 -64.4 -71.7 48.4 42.9
1460.3 142.4 256.4 35.9 239.8 -40.8
2468.4 116.1 83.3 38.8 -20.4 -100.1
