peruvian_mismatch_declarative-broad-focus_Mi-novio-viene-del-lago analysis information:
Number of steps:
20
Cutoff frequencies were: 
4700 4850 5000 5150 5300 5450 5600 5750 5900 6050 6200 6350 6500 6650 6800 6950 7100 7250 7400 7550
Number of coefficients for prediction: 
5
Number of formants: 
3
Winner is:
5450 5450 5450
Errors (total,f1,f2,f3): 
509.7 469.9 441.9 420.3 404.3 402.1 411.6 436.3 450.9 482.1 484.4 499.1 518.2 537.4 525 557.9 604.6 556.2 614.9 735.5
77 73.7 71.7 69.8 70.8 73.1 75.1 75.7 76.4 79.3 79.3 79.1 79.7 79.8 81.6 89.3 103.4 112.9 128.5 172.5
269 260.9 237.1 220.2 211 207.8 211.7 226.1 236 262.3 264.6 274 285.6 299 279.7 295 302.5 212.3 212.7 240
163.7 135.3 133.1 130.3 122.5 121.2 124.8 134.5 138.5 140.5 140.5 146 152.9 158.6 163.7 173.6 198.7 231 273.7 323
Coefficients are (row-wise by formant):
468.5 -105.2 65.1 -16.5 -63.6 5.5
1681 227.5 -105.4 173.7 283.8 112.7
2581.9 116.4 0.4 53.8 122.4 -36.3
