peruvian_mismatch_interrogative-total-yn_Mi-novio-viene-del-lago analysis information:
Number of steps:
20
Cutoff frequencies were: 
4700 4850 5000 5150 5300 5450 5600 5750 5900 6050 6200 6350 6500 6650 6800 6950 7100 7250 7400 7550
Number of coefficients for prediction: 
5
Number of formants: 
3
Winner is:
5000 5000 5000
Errors (total,f1,f2,f3): 
480.6 443.3 433.9 434 451.3 467.7 481.8 495.4 523.1 539.2 552.5 583.5 639.7 706.8 712.5 734 738.2 789.9 865.9 858.7
81.6 80.9 83.6 84.4 84.8 83.8 86 87.4 94.2 96 102.3 103.8 111.5 122.5 122.4 122.9 144.5 186.1 221.7 217.4
234.5 227 231.2 237 242.5 257.2 268.4 275.1 284.5 291.9 299.7 319.6 346.6 370.8 356.4 355.8 298.5 292.2 290.3 267.7
164.5 135.4 119.1 112.6 124 126.7 127.4 132.9 144.4 151.3 150.5 160.1 181.6 213.5 233.7 255.3 295.2 311.6 353.9 373.6
Coefficients are (row-wise by formant):
453.1 -84.9 14.7 36.6 -48 -5.3
1537.8 254.2 -298.8 173 202.1 164
2492.3 86.8 -92.8 48.4 140 19.3
