peruvian_match_interrogative-total-yn_Manuela-vende-el-carro analysis information:
Number of steps:
20
Cutoff frequencies were: 
4700 4850 5000 5150 5300 5450 5600 5750 5900 6050 6200 6350 6500 6650 6800 6950 7100 7250 7400 7550
Number of coefficients for prediction: 
5
Number of formants: 
3
Winner is:
5000 5000 5000
Errors (total,f1,f2,f3): 
338.4 311.8 298.9 308.6 311.7 316 318.6 347.3 387.8 453.8 547.7 693.1 732.4 761.4 817.2 835.2 863 939.8 1005.3 1024.5
83.4 92.7 95.1 98.2 98.7 97.2 97.4 99.2 112.6 125 150.5 192.4 206.1 211.8 220.4 217 225.4 255.9 298.5 322.3
140.6 131.7 127.9 131.3 136.1 140.6 144.1 158.4 174.6 207.6 235.3 269.9 274.1 275.7 284.5 290.7 297.3 315.8 299.6 296.5
114.4 87.4 75.9 79.1 76.9 78.2 77.1 89.7 100.6 121.2 161.9 230.8 252.2 273.9 312.3 327.5 340.3 368.1 407.2 405.7
Coefficients are (row-wise by formant):
521.2 -47.1 20 11.6 -72.8 40.1
1535.9 141.2 -398.4 84.5 -17.5 -99.3
2415.3 125.6 -155 -32.5 67.6 -84.5
