peruvian_match_interrogative-partial-wh_Cuando-leia-el-libro analysis information:
Number of steps:
20
Cutoff frequencies were: 
4700 4850 5000 5150 5300 5450 5600 5750 5900 6050 6200 6350 6500 6650 6800 6950 7100 7250 7400 7550
Number of coefficients for prediction: 
5
Number of formants: 
3
Winner is:
4700 4700 4700
Errors (total,f1,f2,f3): 
320 345.1 328.4 328.4 346.4 352.9 351.8 349.6 362.5 392.4 446.1 463.5 524.6 651.3 630.4 606.7 595.7 557.6 604.4 719.1
66.5 66.8 67.2 69.4 72.2 72.6 74.6 76.9 78.5 81.3 80 80.6 86.8 100.5 89.1 89.8 109.5 135.9 174.2 226.7
154.5 165.4 153.8 153 161.7 168.8 168.6 163.7 176.9 177.2 173.6 172.2 207.1 278 284.4 268.6 243 203.2 196.3 217.4
99 112.9 107.4 106 112.5 111.5 108.6 109 107.1 133.9 192.5 210.7 230.7 272.8 256.9 248.3 243.2 218.5 233.9 275
Coefficients are (row-wise by formant):
419.9 20.1 52.8 1.3 72.2 -24.1
1658.4 -257.1 -569.3 41.9 -16.1 136.2
2487.8 -30.1 -143.3 -28.1 -64.5 -19.5
