peruvian_match_declarative-narrow-focus_Ana-lleva-el-abrigo analysis information:
Number of steps:
20
Cutoff frequencies were: 
4700 4850 5000 5150 5300 5450 5600 5750 5900 6050 6200 6350 6500 6650 6800 6950 7100 7250 7400 7550
Number of coefficients for prediction: 
5
Number of formants: 
3
Winner is:
5450 5450 5450
Errors (total,f1,f2,f3): 
382 407.4 417.5 409.7 383.1 374.7 382.3 400.7 421.9 440.9 501.1 534.9 566.1 571.1 560.6 478.4 511.3 559.2 608.7 655
52.5 51.3 52.1 53 55.2 57 58.6 60.2 62.3 65.2 66 66.8 69.5 75.9 91.5 105.3 132.6 153.9 191 214.8
197.7 201.6 193.8 192.3 187.5 180.9 178.5 185.4 194 209 236.8 254.7 271 261.9 236.9 168.2 159.2 171.6 174.1 184.2
131.8 154.5 171.6 164.4 140.4 136.8 145.2 155.1 165.6 166.7 198.3 213.4 225.6 233.3 232.2 204.9 219.5 233.7 243.6 256
Coefficients are (row-wise by formant):
473.2 92 8.5 48.2 94.2 -33.7
1628.6 141.8 -133 23.2 -353.4 221.6
2586.1 83.8 39.1 -76.4 -170.4 -11.9
