peruvian_mismatch_declarative-narrow-focus_La-maestra-vive-en-Paris analysis information:
Number of steps:
20
Cutoff frequencies were: 
4700 4850 5000 5150 5300 5450 5600 5750 5900 6050 6200 6350 6500 6650 6800 6950 7100 7250 7400 7550
Number of coefficients for prediction: 
5
Number of formants: 
3
Winner is:
4700 4700 4700
Errors (total,f1,f2,f3): 
449.3 489.8 529.4 547.9 635.6 644.9 614.9 612.7 632.4 652.5 677.9 774.1 828.4 899.6 1033.5 1129.8 1197.9 1322.4 1388.3 1395.1
143.9 159.1 177.6 182.3 210.4 221.6 202.4 200.6 206.9 212.8 214.9 241.6 260.7 282.7 315.4 349.5 376.4 419.3 427.6 425.6
170.2 190.9 206.6 219.8 247.2 240 223.9 214.3 213.4 214.9 213 233.1 239.9 258.2 307.2 337.1 358.5 406.4 440.7 429.4
135.2 139.8 145.2 145.8 178 183.3 188.6 197.8 212.1 224.8 250 299.4 327.8 358.7 410.9 443.2 463 496.7 520 540.1
Coefficients are (row-wise by formant):
493.3 12 54.4 -39.9 -20.8 -42.8
1641.3 -57.8 50.9 -130.8 -34.8 -86.1
2382.1 -161.4 102.1 -90.8 57.2 -43.3
