peruvian_mismatch_interrogative-total-yn_La-maestra-vive-en-Paris analysis information:
Number of steps:
20
Cutoff frequencies were: 
4700 4850 5000 5150 5300 5450 5600 5750 5900 6050 6200 6350 6500 6650 6800 6950 7100 7250 7400 7550
Number of coefficients for prediction: 
5
Number of formants: 
3
Winner is:
4700 4700 4700
Errors (total,f1,f2,f3): 
428 429 448.2 456.4 458.7 462.4 474.4 506.8 536.4 570.2 621.4 673 725.5 819.5 989.3 1141.7 1250.8 1256.1 1259.6 1336.5
83.8 82.5 82.3 83.1 83.5 85.2 89 97.2 107.3 110.3 119.6 137 159.9 197.1 263.7 325.9 374.9 384.1 393.1 423.4
204.6 209.9 218.6 223.6 222.3 217.5 221.6 228.8 231 236.1 241.7 244.7 248.2 271.6 314.8 350.6 381.6 372.3 368.9 401.6
139.6 136.6 147.3 149.7 152.9 159.7 163.8 180.8 198.1 223.8 260.1 291.3 317.4 350.8 410.8 465.2 494.3 499.7 497.6 511.5
Coefficients are (row-wise by formant):
472.8 128.9 -5.5 27.8 -44.1 -3.1
1668.3 -105.6 23.1 -87.2 -34.6 -81.4
2408.6 -64.7 124.6 -29.6 79.1 3.1
