peruvian_mismatch_declarative-broad-focus_Mi-tia-odia-la-lluvia analysis information:
Number of steps:
20
Cutoff frequencies were: 
4700 4850 5000 5150 5300 5450 5600 5750 5900 6050 6200 6350 6500 6650 6800 6950 7100 7250 7400 7550
Number of coefficients for prediction: 
5
Number of formants: 
3
Winner is:
6200 6200 6200
Errors (total,f1,f2,f3): 
632.5 603.7 574.9 582.3 568.5 536.4 540.6 545.5 554.9 539.1 524.7 531.7 543.7 601.5 613.4 664.4 716.1 752.5 863.7 873.6
81.2 83.9 85.7 86.2 85.2 82.7 81.3 80.4 79.4 80.7 83.5 98.2 116.4 150.8 169.1 217 244.7 248.5 275.6 283.8
333.3 304.7 297.7 306.3 288.1 267.8 268.9 274.2 279.1 262 251.9 249.4 240.7 237.8 218.4 195.2 203 228.9 270.1 271.2
218 215.1 191.5 189.8 195.2 185.9 190.4 190.9 196.4 196.4 189.3 184.1 186.6 212.9 225.9 252.2 268.4 275.1 318 318.6
Coefficients are (row-wise by formant):
429.6 -30.4 -96.2 -85.7 46.3 -1.4
1825.4 258.8 300.3 80.4 -169.3 -329.5
2804.4 231.4 86.7 20 -94 -133.6
