peruvian_match_declarative-broad-focus_Manuela-vende-el-carro analysis information:
Number of steps:
20
Cutoff frequencies were: 
4700 4850 5000 5150 5300 5450 5600 5750 5900 6050 6200 6350 6500 6650 6800 6950 7100 7250 7400 7550
Number of coefficients for prediction: 
5
Number of formants: 
3
Winner is:
5300 5300 5300
Errors (total,f1,f2,f3): 
397.1 381.9 350.7 345.3 333.9 348.2 358.9 368.3 375.5 422.1 437 442.7 511.3 581.7 593.4 638.7 754.4 854.8 965 1068.3
83.4 82.2 81.4 81.6 82.3 85.5 89.9 94.4 99.1 107.7 109.4 112.4 133.2 151.4 142.2 153.3 176.3 209.5 238.7 269
162.6 159.2 152.5 153.4 149.8 151.9 150.4 146.1 150.6 161.3 172.9 175.8 186.4 202.2 207.7 228.8 253.5 273.3 300.3 334.3
151.1 140.5 116.8 110.3 101.8 110.8 118.6 127.8 125.8 153.1 154.7 154.5 191.7 228.1 243.5 256.6 324.6 372 426 465
Coefficients are (row-wise by formant):
515.4 -30.9 59.8 -29.3 -27.6 88
1615.5 -15 -303.4 98.6 34.3 -78.7
2490.7 93.8 -135.3 4.4 78.6 -58.5
