peruvian_match_declarative-broad-focus_Ana-lleva-el-abrigo analysis information:
Number of steps:
20
Cutoff frequencies were: 
4700 4850 5000 5150 5300 5450 5600 5750 5900 6050 6200 6350 6500 6650 6800 6950 7100 7250 7400 7550
Number of coefficients for prediction: 
5
Number of formants: 
3
Winner is:
5150 5150 5150
Errors (total,f1,f2,f3): 
378.4 377.2 352.8 346.8 351.4 354.6 354.1 398.3 438 495.4 545.6 575 582.5 591.3 609.8 648 628.8 601.1 615.8 663.3
64 62.8 62.3 62.3 62.8 63 62.9 69.1 77.2 79.3 79 86.3 84.1 93.8 105.4 114 147.6 155.9 166.7 184.2
193.7 187.1 182.7 185.1 186.3 187.3 184.3 197 210.6 247.6 275.3 279.9 288.1 286.7 285.3 293.4 231.5 179.4 170.9 174
120.7 127.3 107.8 99.4 102.3 104.3 106.9 132.2 150.2 168.5 191.3 208.8 210.3 210.8 219.1 240.6 249.7 265.8 278.2 305.1
Coefficients are (row-wise by formant):
484.4 74.6 -7.5 64.2 117.7 -36.5
1579.4 55.1 -143.9 128.4 -329.3 194.2
2484.1 -38.2 23.6 14 -59 -15.9
