peruvian_match_interrogative-partial-wh_Por-que-ama-la-navidad analysis information:
Number of steps:
20
Cutoff frequencies were: 
4700 4850 5000 5150 5300 5450 5600 5750 5900 6050 6200 6350 6500 6650 6800 6950 7100 7250 7400 7550
Number of coefficients for prediction: 
5
Number of formants: 
3
Winner is:
5600 5600 5600
Errors (total,f1,f2,f3): 
438.6 477.3 468.7 428.1 400.6 399.8 391.8 403.6 422.1 441.9 457.6 468.3 499.8 526 579.9 713.4 918.2 875.3 866.1 889.2
71.2 73.7 77 80.2 83.6 87.4 88.3 89.1 90.3 93.9 96.2 94 95.9 95.7 104.3 126.2 240 269.2 294 310.1
162.8 172.2 174.3 170.4 171.5 176 166.7 171.7 178.3 191.9 198.5 204.7 217.2 233.3 256.4 313.2 337.9 283.8 253.7 248.1
204.6 231.4 217.4 177.5 145.5 136.4 136.8 142.8 153.5 156.1 162.9 169.6 186.7 197 219.2 274 340.3 322.3 318.4 331
Coefficients are (row-wise by formant):
563.7 -19.5 7.8 -116.4 96.1 36.1
1626 6.1 -46 -129.3 -309.8 -155.5
2571.9 28.5 -64.9 -108.1 -9.4 -25.8
