peruvian_match_declarative-narrow-focus_Manuela-vende-el-carro analysis information:
Number of steps:
20
Cutoff frequencies were: 
4700 4850 5000 5150 5300 5450 5600 5750 5900 6050 6200 6350 6500 6650 6800 6950 7100 7250 7400 7550
Number of coefficients for prediction: 
5
Number of formants: 
3
Winner is:
5150 5150 5150
Errors (total,f1,f2,f3): 
347.1 325.2 305.7 292.3 299.3 322.7 324.9 332.2 346.2 358.9 400.8 447.5 446 513.5 545.8 615.9 684.6 735.8 818.9 883.9
75.1 75.2 81.9 79.2 84.5 86.8 91 91.5 94.1 97.2 103.2 108.9 103.2 112.4 122.8 160.2 186 201.5 243.5 278
131 127.8 125.9 127.3 128.9 144.8 141.9 147.7 155.2 161.7 173.9 188.5 190.4 209.7 217.2 218.1 229.2 237.7 240.9 242.4
141 122.2 97.9 85.8 85.9 91.1 92 93 96.9 100 123.7 150.1 152.4 191.4 205.8 237.6 269.4 296.6 334.5 363.5
Coefficients are (row-wise by formant):
523.5 -62.7 49.1 -39.4 -34.8 63.5
1580.8 -9.3 -317.2 81.1 -44.6 -111
2459.7 133.5 -132.3 65 12.9 -51.5
