peruvian_mismatch_interrogative-partial-wh_Cuando-lavaba-el-plato analysis information:
Number of steps:
20
Cutoff frequencies were: 
4700 4850 5000 5150 5300 5450 5600 5750 5900 6050 6200 6350 6500 6650 6800 6950 7100 7250 7400 7550
Number of coefficients for prediction: 
5
Number of formants: 
3
Winner is:
5000 5000 5000
Errors (total,f1,f2,f3): 
353.4 318.4 273.8 275.5 285.1 287.7 297.1 305.8 325.7 353 405.8 490.9 597.9 667.1 690.9 878.2 909.5 855.8 808.7 772.9
71.9 72 73.1 74 81.3 84.1 88.2 89.3 93.4 105.5 109.2 115.4 130.6 136.2 141 153.6 167.5 175.7 170.2 178
112.3 110 110.2 114.3 119 119 122.4 130 140.1 148.4 163.4 185.8 231.9 265.5 281.9 369.8 358.9 325.1 303 263.5
169.2 136.4 90.5 87.2 84.8 84.6 86.5 86.5 92.2 99.1 133.2 189.7 235.4 265.4 268 354.8 383.1 355 335.5 331.4
Coefficients are (row-wise by formant):
524.1 -48.9 41.5 -36.1 11.3 101
1328 -165.5 -124.2 96.5 -129.4 -114.8
2453.5 -9.4 -7 -42.5 -51.7 -37.3
