peruvian_mismatch_interrogative-partial-wh_Por-que-vivia-en-Paris analysis information:
Number of steps:
20
Cutoff frequencies were: 
4700 4850 5000 5150 5300 5450 5600 5750 5900 6050 6200 6350 6500 6650 6800 6950 7100 7250 7400 7550
Number of coefficients for prediction: 
5
Number of formants: 
3
Winner is:
4700 4700 4700
Errors (total,f1,f2,f3): 
496.9 522.3 514.1 500.4 540.5 601.6 646.9 670.7 704.9 707.7 707 751.1 732.8 712.8 750.1 716.3 757.1 832.5 898.3 920.6
77.6 76.7 80.6 81.2 97.1 119.5 149.1 165.2 177.3 185.5 196.1 207 206.1 201.1 212.3 227.8 244.2 294.1 340.5 347.1
229.8 250.4 242.8 235.8 247.1 264.9 273.8 280.6 280.7 273.8 266.6 278.7 256.2 243.8 243 192.7 195.9 201.6 208.8 220.7
189.5 195.2 190.7 183.4 196.3 217.2 224 224.9 246.9 248.4 244.3 265.4 270.5 267.9 294.8 295.8 317 336.8 349 352.8
Coefficients are (row-wise by formant):
428.3 49 34.1 66.1 -6.7 -77.6
1678 -27.2 -298.4 -358.2 76.5 -50.3
2426.1 -94.7 -118.6 -139.1 132.6 1.6
