peruvian_match_interrogative-total-yn_Mariano-habla-del-tiempo analysis information:
Number of steps:
20
Cutoff frequencies were: 
4700 4850 5000 5150 5300 5450 5600 5750 5900 6050 6200 6350 6500 6650 6800 6950 7100 7250 7400 7550
Number of coefficients for prediction: 
5
Number of formants: 
3
Winner is:
5300 5300 5300
Errors (total,f1,f2,f3): 
438.2 439.2 430.2 434.8 397.7 399 425.6 433.2 452.5 500.9 561.5 644.8 724.4 756.6 827.5 865.1 882.8 964.6 1014.1 1015.6
89.4 90.7 89.9 90.5 94.4 98 98.7 100.3 104.8 114.8 123.6 130.9 148.1 156.5 190.8 217.7 231.5 262.9 295.6 334.4
195.8 201.8 184.8 197.2 184.1 193 211.1 216.8 231 248.9 276.8 326 353.7 367.6 369.7 363.9 359.8 354.3 332.2 295.5
153 146.7 155.5 147.1 119.2 108 115.8 116.1 116.7 137.2 161.1 187.9 222.6 232.5 267 283.5 291.5 347.4 386.3 385.7
Coefficients are (row-wise by formant):
483.8 44 16.2 -49.4 7 31.9
1506.3 122.3 -181.8 376.2 -162.2 -215.7
2519.9 -75.5 -27.1 48.8 -21.5 -68.7
