peruvian_match_declarative-narrow-focus_Daniel-iba-a-Bolivia analysis information:
Number of steps:
20
Cutoff frequencies were: 
4700 4850 5000 5150 5300 5450 5600 5750 5900 6050 6200 6350 6500 6650 6800 6950 7100 7250 7400 7550
Number of coefficients for prediction: 
5
Number of formants: 
3
Winner is:
5900 5900 5900
Errors (total,f1,f2,f3): 
440.6 380.4 355.7 326.8 312.7 305.8 306.7 304.9 304.5 307.9 308.4 324.5 350 407.9 464.8 700.3 772.6 786.7 700.6 734.3
61.9 60.9 60.8 61 61.5 62.3 61.7 61.8 61.9 64 62.7 65.1 69.7 87.5 99.8 146.2 183.1 219.7 238 262
190.1 169.3 164 146.4 144.6 148.2 154.4 151.9 151.3 152.7 152.8 156.6 161 180.1 199.1 277.9 279 256 176.6 179.9
188.6 150.2 130.9 119.4 106.6 95.3 90.6 91.2 91.3 91.2 92.9 102.8 119.3 140.3 165.9 276.2 310.5 311 286 292.4
Coefficients are (row-wise by formant):
415.5 3.1 -17.9 -44.2 110.6 -34.1
1811.4 -49.3 191.7 -13 -540.3 22.7
2631.3 44.6 124.3 76.6 -159.9 -60.4
