peruvian_mismatch_interrogative-total-yn_Mi-madre-come-la-fruta analysis information:
Number of steps:
20
Cutoff frequencies were: 
4700 4850 5000 5150 5300 5450 5600 5750 5900 6050 6200 6350 6500 6650 6800 6950 7100 7250 7400 7550
Number of coefficients for prediction: 
5
Number of formants: 
3
Winner is:
5150 5150 5150
Errors (total,f1,f2,f3): 
417.3 385.9 375.7 370.6 374.7 378.3 391.6 413.5 428.5 499.6 557.5 591.2 671.2 742.2 789.3 821.7 808.7 807.9 801 819.6
77 78.8 85 87.7 89.2 89.1 94.7 100.5 105.6 125.9 142.3 144.7 157.1 166 175.9 187.9 199.7 210.6 235.2 254.9
207.3 199.7 192.9 189.5 192.7 194.7 201.7 214.4 218.9 234.5 244 251.5 264.9 283.4 281 269 233.4 210.1 193 184
133 107.4 97.8 93.4 92.8 94.5 95.2 98.6 104 139.2 171.2 195 249.2 292.8 332.4 364.8 375.6 387.2 372.8 380.7
Coefficients are (row-wise by formant):
493.1 -51.3 -44.7 -47.9 -2.8 -89.2
1564.1 107.9 46.2 57.9 3.4 -12.7
2456.5 -40.5 44.1 30.5 -13.6 -18.8
