peruvian_mismatch_interrogative-partial-wh_Por-que-venia-del-lago analysis information:
Number of steps:
20
Cutoff frequencies were: 
4700 4850 5000 5150 5300 5450 5600 5750 5900 6050 6200 6350 6500 6650 6800 6950 7100 7250 7400 7550
Number of coefficients for prediction: 
5
Number of formants: 
3
Winner is:
5450 5450 5450
Errors (total,f1,f2,f3): 
482.2 453.7 445 410.2 403.6 403.3 425.5 449.4 493 518.8 499.5 508.8 571 624 657.2 667.3 696.9 733.7 825.5 927.1
73.1 77 82.7 73.8 73.2 71.5 74.5 80.3 92 98.7 96.6 96.7 99.2 103.1 112.1 111.8 140.4 163.5 195.9 223.4
219.4 213.3 206.4 197.4 195.6 194.4 199.3 204.5 216.9 228.1 220.1 229 246.9 269 277 282.2 269.4 269.2 270.6 278
189.7 163.4 155.9 139 134.8 137.4 151.7 164.6 184.1 192 182.8 183.1 224.9 251.9 268.1 273.3 287.1 301 359 425.7
Coefficients are (row-wise by formant):
514.1 -33.2 82.8 11.6 -19.3 18.6
1631.6 147.4 -435.6 -99.4 -17.2 -23
2547.5 -38.4 -229.8 -24.7 92.2 -36.2
