peruvian_match_interrogative-total-yn_Ana-lleva-el-abrigo analysis information:
Number of steps:
20
Cutoff frequencies were: 
4700 4850 5000 5150 5300 5450 5600 5750 5900 6050 6200 6350 6500 6650 6800 6950 7100 7250 7400 7550
Number of coefficients for prediction: 
5
Number of formants: 
3
Winner is:
4850 4850 4850
Errors (total,f1,f2,f3): 
408.2 361.8 370.4 377.6 382.8 397.8 404.6 416 444.5 457.4 468.8 498.3 564.6 652.4 682.3 683.4 775.3 892.6 922.7 965.5
64.1 64.3 64.3 65.3 68.4 79 83 88.4 97.9 100 104.3 108.8 110.3 122.6 128.9 134 170.6 224.9 266.7 307.3
192.2 190 198.4 200 195.6 194.4 192.2 191 197.3 199.6 203.4 224.3 268 316.3 325.1 314.1 334.7 355 328.3 312.1
151.9 107.5 107.7 112.3 118.8 124.4 129.4 136.6 149.3 157.8 161.1 165.2 186.3 213.5 228.3 235.3 270 312.7 327.7 346.1
Coefficients are (row-wise by formant):
474.2 91.1 27.9 48.8 120.6 -32.1
1554.8 109.5 -211.8 152.7 -262.2 111.3
2436.6 -56.8 33.3 -48.9 -18.6 12.8
