peruvian_mismatch_declarative-narrow-focus_Mi-novio-viene-del-lago analysis information:
Number of steps:
20
Cutoff frequencies were: 
4700 4850 5000 5150 5300 5450 5600 5750 5900 6050 6200 6350 6500 6650 6800 6950 7100 7250 7400 7550
Number of coefficients for prediction: 
5
Number of formants: 
3
Winner is:
5450 5450 5450
Errors (total,f1,f2,f3): 
499.3 454.7 429.8 419.1 403.8 388.7 405.1 440.3 461 472.4 502.1 513.4 526.3 557.3 641.3 684.1 661.6 621.8 630.5 707.2
85 79.9 76.9 76.4 77.5 78.2 80.1 83.5 86.1 86.7 88.2 88.5 90.3 95.1 99 102.5 117.2 126.7 131.4 159.1
248.6 225.1 205.1 202.5 203.7 199.5 211.2 233.2 247 252.9 269.9 276.7 284.5 298.4 334.5 355.5 277 238.7 215.3 229.5
165.7 149.7 147.8 140.2 122.6 111 113.8 123.6 127.9 132.8 144 148.2 151.5 163.8 207.8 226.1 267.4 256.4 283.8 318.6
Coefficients are (row-wise by formant):
475.5 -113.9 67 22.1 -69.2 21.7
1634 329.8 -167.1 215.4 175.1 199.1
2559.8 94.5 -20.7 72.5 107.4 22.4
