peruvian_mismatch_interrogative-partial-wh_Por-que-oia-el-rio analysis information:
Number of steps:
20
Cutoff frequencies were: 
4700 4850 5000 5150 5300 5450 5600 5750 5900 6050 6200 6350 6500 6650 6800 6950 7100 7250 7400 7550
Number of coefficients for prediction: 
5
Number of formants: 
3
Winner is:
4700 4700 4700
Errors (total,f1,f2,f3): 
514.7 524.5 561.3 569.4 593.3 593.7 614.5 639.9 668.5 665 664.6 739.6 777.9 810 725.8 695.9 705.9 735.2 745.5 776.8
79.5 80 81.2 82.8 84.7 81.2 81.4 89.7 93.5 97.6 105.6 118.5 122.1 127.1 145.5 171.9 176.2 190.5 196.5 223.5
277.1 286.7 315.5 332.5 347.9 344.3 349 356.2 359.7 354.4 364.2 383.6 378.9 385.2 286.3 243.2 245.6 245 247.8 259.3
158.1 157.8 164.6 154.1 160.7 168.2 184.1 194 215.3 213 194.8 237.5 276.9 297.7 294 280.8 284.1 299.7 301.2 294
Coefficients are (row-wise by formant):
438.4 43.5 34.7 -18.1 6.4 -55.5
1586.9 -166.4 -72.2 24.5 -366 -54.3
2467.5 -98.1 -99.1 31.3 -36 54.5
