peruvian_mismatch_declarative-narrow-focus_Mi-tia-odia-la-lluvia analysis information:
Number of steps:
20
Cutoff frequencies were: 
4700 4850 5000 5150 5300 5450 5600 5750 5900 6050 6200 6350 6500 6650 6800 6950 7100 7250 7400 7550
Number of coefficients for prediction: 
5
Number of formants: 
3
Winner is:
5450 5450 5450
Errors (total,f1,f2,f3): 
654.7 590.2 526.2 513.1 512.3 502.6 508.1 513.8 526.9 541.5 532.1 540.3 575.2 592.6 621.2 640.5 696.8 773.1 823.1 835.7
85.3 85.8 84.9 83.9 82.9 82.7 81.9 81.8 84.2 81.8 80.1 81.9 92.3 108.6 138.7 161.6 191 229.1 263.9 305.4
344.1 309.8 268 268.6 269.1 260.9 260 263.6 269.8 276.6 270.4 270.4 278.2 261.1 237.5 227.8 234.6 254.7 270.5 264.8
225.3 194.6 173.3 160.6 160.3 159 166.2 168.4 172.9 183.1 181.6 188 204.7 222.9 245 251.1 271.2 289.3 288.7 265.5
Coefficients are (row-wise by formant):
444.4 -5.4 -64.3 -51.3 37.2 -18.7
1787.2 210.5 264.5 69.1 -169.6 -367.7
2732.2 148.2 43.9 16.6 -54.2 -131.3
