peruvian_match_declarative-narrow-focus_Mariano-habla-del-tiempo analysis information:
Number of steps:
20
Cutoff frequencies were: 
4700 4850 5000 5150 5300 5450 5600 5750 5900 6050 6200 6350 6500 6650 6800 6950 7100 7250 7400 7550
Number of coefficients for prediction: 
5
Number of formants: 
3
Winner is:
4700 4700 4700
Errors (total,f1,f2,f3): 
451.9 470 465.5 489.3 493.2 491.3 513.7 537.4 577.1 634.2 710.5 750 744.6 713.5 662.6 737.1 924.5 1081.8 1094.5 1036.5
101.4 104.8 111.1 113.9 110 112.6 115.6 119.9 133 149.5 168.7 189.5 205.1 229.3 221 255.2 286 336.5 351.9 378.7
215 221.5 218 231.6 240.7 251.3 263.5 277.2 287.8 295.7 309.7 310.1 282.4 228.6 186 189.8 267.6 298 290.7 246.6
135.5 143.7 136.4 143.8 142.5 127.4 134.6 140.3 156.3 189 232.1 250.4 257.1 255.6 255.6 292.1 370.9 447.3 451.9 411.2
Coefficients are (row-wise by formant):
457 52.8 1.6 -64.5 26 9.2
1453.8 30.1 -69.8 207.5 -191.4 -110.5
2399.2 24.9 -7.1 -50.2 -21.4 2.5
