peruvian_match_declarative-broad-focus_Mariano-habla-del-tiempo analysis information:
Number of steps:
20
Cutoff frequencies were: 
4700 4850 5000 5150 5300 5450 5600 5750 5900 6050 6200 6350 6500 6650 6800 6950 7100 7250 7400 7550
Number of coefficients for prediction: 
5
Number of formants: 
3
Winner is:
5300 5300 5300
Errors (total,f1,f2,f3): 
474.3 474.2 444.4 427 425.4 487.6 505.7 544 582.3 621.5 647.5 677.8 686.6 662.4 638.7 643.1 755.8 827.5 907.9 957.6
96.9 97.4 97.9 99.1 98.4 102.3 101.1 107.3 110.1 119.8 128.7 141.2 147 149.6 144.7 158.5 183.6 211.9 261.5 313.3
227 227.4 214.1 211.5 217.7 253.9 267.5 287 308.8 319.1 322.8 330 325.3 309 290.1 260.4 298.1 319.4 305.7 270.7
150.4 149.4 132.4 116.4 109.3 131.4 137.1 149.7 163.4 182.6 196 206.6 214.3 203.8 203.9 224.2 274.1 296.2 340.7 373.6
Coefficients are (row-wise by formant):
482.6 50.8 -28.1 -64.7 25.7 34.7
1501 47.9 -46.6 334.8 -272.5 -124.5
2530.3 -74.9 -32.8 72 -51.8 -54.1
