peruvian_mismatch_declarative-broad-focus_La-nina-lava-el-plato analysis information:
Number of steps:
20
Cutoff frequencies were: 
4700 4850 5000 5150 5300 5450 5600 5750 5900 6050 6200 6350 6500 6650 6800 6950 7100 7250 7400 7550
Number of coefficients for prediction: 
5
Number of formants: 
3
Winner is:
5300 5300 5300
Errors (total,f1,f2,f3): 
403.1 401.8 408.8 395.6 368.8 418.4 461.3 494.4 512.5 518.9 525.4 499.3 478.4 502.8 535.4 609.3 687.3 732.4 762.6 797.3
83.5 83.1 84.8 85.6 90.1 94.5 100.2 105.8 112.7 116 117.2 121.3 123.6 129.3 133.6 142.8 162.8 172.6 195.1 213.6
187.3 183.7 194.6 181 152 200.5 228.2 228.1 232.5 239.7 233.8 202.8 185.9 186.5 190.5 228.3 245.6 262 263.5 261.6
132.3 135 129.4 129 126.7 123.4 132.9 160.5 167.3 163.2 174.4 175.2 168.9 187 211.3 238.2 278.9 297.8 304 322.1
Coefficients are (row-wise by formant):
522.5 -66.8 -0.4 -16.6 43 71.2
1627 139.9 12.9 -0.1 -145.8 -167.7
2561.6 27.7 -27.4 -46.7 -85.3 -54
