peruvian_mismatch_declarative-narrow-focus_El-nino-oye-el-rio analysis information:
Number of steps:
20
Cutoff frequencies were: 
4700 4850 5000 5150 5300 5450 5600 5750 5900 6050 6200 6350 6500 6650 6800 6950 7100 7250 7400 7550
Number of coefficients for prediction: 
5
Number of formants: 
3
Winner is:
5450 5450 5450
Errors (total,f1,f2,f3): 
608.2 649.1 608.1 584.2 581.8 560.8 573.7 622.4 660.1 640.8 664.9 692.8 674.6 696.2 657.4 660.8 696.3 661.5 648.5 701.2
58.2 59.1 58.3 56.4 55.3 54.1 62.8 66.2 72.9 80.1 82.2 98.8 107.4 113.8 120.5 147.4 207.1 212.2 221.9 250
392.9 421.3 384.5 355.1 341.6 333.8 335.8 369.1 379 368.2 371.7 349 310.1 313.5 278.8 265.2 230.3 191.4 180.9 194.2
157.1 168.7 165.3 172.7 184.9 172.9 175.1 187.1 208.2 192.5 211 245 257.1 268.9 258.1 248.2 258.9 257.9 245.7 257
Coefficients are (row-wise by formant):
412.8 3.7 -13.4 -49 49.6 -6.9
1782.2 179.7 159.6 267.4 -240.5 -134.5
2662 51.9 13 63.6 -41.3 -20.2
