peruvian_match_interrogative-total-yn_David-leia-el-libro analysis information:
Number of steps:
20
Cutoff frequencies were: 
4700 4850 5000 5150 5300 5450 5600 5750 5900 6050 6200 6350 6500 6650 6800 6950 7100 7250 7400 7550
Number of coefficients for prediction: 
5
Number of formants: 
3
Winner is:
5300 5300 5300
Errors (total,f1,f2,f3): 
520.8 460.1 453.2 434.8 415.9 422.4 447.7 429.7 441.2 448 492.6 569 641.3 679.8 675 682.5 702.5 810.4 923.1 1015.6
87.3 83.6 79.1 81.3 83 94.4 98.1 89.7 91.7 95.6 111.2 127.2 143.2 157.1 156.5 170.3 197.8 260.5 327.5 438.3
268.6 238 231.8 208.7 202.5 200.5 210.9 206.2 208 212.4 217.6 230.2 242 244.9 234.4 224 217.6 227.9 251.5 239.9
164.9 138.5 142.3 144.8 130.4 127.5 138.7 133.8 141.5 140 163.8 211.6 256.1 277.8 284.1 288.2 287.1 322 344.1 337.4
Coefficients are (row-wise by formant):
397 16.9 58.6 10.7 40.6 -51.5
1841.3 116.7 -521.3 28.9 -127.3 60.7
2603.1 134 -206 6.5 47.3 30.7
