peruvian_mismatch_interrogative-total-yn_La-nina-lava-el-plato analysis information:
Number of steps:
20
Cutoff frequencies were: 
4700 4850 5000 5150 5300 5450 5600 5750 5900 6050 6200 6350 6500 6650 6800 6950 7100 7250 7400 7550
Number of coefficients for prediction: 
5
Number of formants: 
3
Winner is:
5300 5300 5300
Errors (total,f1,f2,f3): 
443.3 392 363.5 345.6 342.9 350.4 360.1 410.6 527.8 542.3 572.2 654 644 651.3 644.8 659.2 730.2 801.1 840.4 856.4
80.4 80 79.9 78.7 82 86.3 91.2 97.3 110.9 117.2 127.1 138.4 142.1 146.6 147.8 164 183.6 198.3 204.9 204.3
214.1 170.9 155.5 156 158.3 160.2 162.5 191.2 247.9 264.5 268.9 289.8 275.9 269.1 247.2 248.4 259.5 273.7 292.3 297.4
148.8 141.1 128.1 110.9 102.6 103.9 106.4 122.1 169 160.6 176.2 225.8 226 235.6 249.8 246.8 287.1 329.1 343.2 354.7
Coefficients are (row-wise by formant):
516.4 -21.4 -38.3 0.6 -33.2 74
1583 391.8 -88.1 99.9 -198.4 -185.2
2525.7 110.7 -10.6 -85.6 -103.3 -94
