peruvian_mismatch_declarative-broad-focus_Mi-madre-come-la-fruta analysis information:
Number of steps:
20
Cutoff frequencies were: 
4700 4850 5000 5150 5300 5450 5600 5750 5900 6050 6200 6350 6500 6650 6800 6950 7100 7250 7400 7550
Number of coefficients for prediction: 
5
Number of formants: 
3
Winner is:
5300 5300 5300
Errors (total,f1,f2,f3): 
443.7 433.9 431.9 426.1 425.2 446.4 470 536.9 605.5 697.5 719.6 732.6 751.3 792.6 838.2 852.9 840.7 849.8 915.9 907.7
84 93.3 100 100.8 102.2 107.8 114.7 136.2 157.9 174.5 180.2 183.4 185.2 192 201.1 209.9 220.4 236.9 253.5 263.3
203.7 206.8 209 207.6 204.5 205.3 217.7 241.1 261.2 288.5 294.3 294.1 290 297.7 297.5 305.7 277.5 258.6 273.6 256.4
156 133.8 122.9 117.7 118.5 133.3 137.6 159.6 186.4 234.5 245.1 255.1 276.1 302.9 339.6 337.3 342.8 354.3 388.8 388
Coefficients are (row-wise by formant):
505.4 -28.1 -41.9 -29.3 11.7 -89.3
1517.6 97.4 38.6 25.9 -0.5 19.1
2489.9 1.8 68.2 6.7 6.3 51.2
