puertorican_match_declarative-broad-focus_Emilio-ama-la-marcha analysis information:
Number of steps:
20
Cutoff frequencies were: 
4700 4850 5000 5150 5300 5450 5600 5750 5900 6050 6200 6350 6500 6650 6800 6950 7100 7250 7400 7550
Number of coefficients for prediction: 
5
Number of formants: 
3
Winner is:
4700 4700 4700
Errors (total,f1,f2,f3): 
414.5 426.8 450.9 510.6 539.7 568.8 548.2 535.5 532.1 536.4 531.3 499.3 455.2 414.8 423 423 436.1 445.1 445.9 464.7
116.6 114.9 113.9 111.5 108.5 107.3 107.5 108.3 108.7 109.5 109.7 110.8 111.3 110.8 113.5 111.9 113.5 112.4 111.1 113.8
170 173.3 182.1 206.8 215.2 222.2 207.6 194.8 183.4 176.7 178.8 165.7 156.8 151.5 155.3 155.3 161 166.8 167.5 165.7
127.9 138.6 154.9 192.3 216 239.3 233.1 232.4 240 250.2 242.8 222.8 187.1 152.5 154.2 155.8 161.6 165.9 167.3 185.2
Coefficients are (row-wise by formant):
553.6 -14.5 -48.4 -25.5 35 1.1
1575.3 141.4 170 -7.4 -81 -0.2
2026.7 111.9 84.5 -60.1 -96.4 1.7
