puertorican_mismatch_interrogative-total-yn_El-hombre-mira-la-luna analysis information:
Number of steps:
20
Cutoff frequencies were: 
4700 4850 5000 5150 5300 5450 5600 5750 5900 6050 6200 6350 6500 6650 6800 6950 7100 7250 7400 7550
Number of coefficients for prediction: 
5
Number of formants: 
3
Winner is:
4700 4700 4700
Errors (total,f1,f2,f3): 
426.9 456.2 513.2 556.7 588.5 603.9 577.2 572.1 582.3 551.6 518.6 492.5 478 465.5 466 453.8 452.5 452.7 444.1 435
96.4 96.4 94.4 91 88.4 80.4 74.4 71.8 74.7 74.3 76.1 79.1 82.6 86.7 93 99 101.1 102.9 102.1 99.5
210.3 218.3 245.9 258.2 275.5 280.3 248.5 236.3 239.7 221.3 204.7 197.2 192.9 189.5 198.8 194.7 191.4 194.8 189.8 188.1
120.2 141.5 172.9 207.5 224.6 243.2 254.3 264 267.9 256 237.8 216.2 202.5 189.3 174.2 160.1 160 155 152.2 147.4
Coefficients are (row-wise by formant):
544.3 7.1 -49.2 85.3 37.6 -34.3
1338.3 49.2 10.4 61.2 259.8 21.9
2007.5 84 82.5 -22.7 -33.3 34.8
