puertorican_match_declarative-broad-focus_Ana-lleva-el-abrigo analysis information:
Number of steps:
20
Cutoff frequencies were: 
4700 4850 5000 5150 5300 5450 5600 5750 5900 6050 6200 6350 6500 6650 6800 6950 7100 7250 7400 7550
Number of coefficients for prediction: 
5
Number of formants: 
3
Winner is:
6200 6200 6200
Errors (total,f1,f2,f3): 
411.5 410 450.6 469.1 481.3 479.7 459.4 448.6 421 398.9 383.6 399.7 427.5 408.9 400 390.6 395 387.7 385 393.8
68 68.3 69.5 68.3 67.9 67.4 67.2 67.4 67.9 68.5 70.6 70.7 70.6 71.9 71.1 69.9 69.6 71.1 72 72.7
203.3 210.6 222.4 225.3 221.8 224.7 222.4 221.4 218.8 213 215.1 214.9 221.7 198.9 188.1 188 189.9 192.7 192.4 193.2
140.2 131.1 158.7 175.5 191.6 187.6 169.8 159.8 134.3 117.4 97.9 114.1 135.2 138.1 140.8 132.7 135.5 123.9 120.6 127.9
Coefficients are (row-wise by formant):
541.9 124.4 41.4 91.7 54.7 -47.5
1652.8 34.2 -150.6 -58.5 -216.1 285.1
2345.5 -226.2 -127.1 -122.3 -18.7 47.7
