puertorican_mismatch_declarative-broad-focus_La-maestra-vive-en-Paris analysis information:
Number of steps:
20
Cutoff frequencies were: 
4700 4850 5000 5150 5300 5450 5600 5750 5900 6050 6200 6350 6500 6650 6800 6950 7100 7250 7400 7550
Number of coefficients for prediction: 
5
Number of formants: 
3
Winner is:
6050 6050 6050
Errors (total,f1,f2,f3): 
520.5 513.7 526.2 526.2 494.8 495.9 495.8 496.4 496.5 490.4 531.1 536.5 536.1 525.4 533.5 545.3 568.4 562.2 597.9 609.6
92.9 97.1 99.2 99.2 98.6 98.1 93.9 85.5 84.7 87.2 95.7 103.2 106.3 116.7 134.3 141.3 148.8 151 159 159.6
291 274.1 260.6 253.5 216.8 211.9 214.2 219.8 219.1 215.6 234.9 231.3 225.1 215.7 205.4 208.6 211.1 201.8 205 206.3
136.6 142.5 166.4 173.5 179.4 185.9 187.7 191.1 192.7 187.6 200.5 202 204.7 193 193.8 195.4 208.5 209.4 233.9 243.7
Coefficients are (row-wise by formant):
504.9 82.4 1.2 -7 7.8 56.3
1860.7 -156.3 -63.6 -204.4 -47.4 -65.6
2401.9 -258.6 -62.9 -76.4 -139.4 80.5
