puertorican_match_interrogative-partial-wh_Cuando-bebia-el-vino analysis information:
Number of steps:
20
Cutoff frequencies were: 
4700 4850 5000 5150 5300 5450 5600 5750 5900 6050 6200 6350 6500 6650 6800 6950 7100 7250 7400 7550
Number of coefficients for prediction: 
5
Number of formants: 
3
Winner is:
6800 6800 6800
Errors (total,f1,f2,f3): 
507.8 496.7 542.2 551.2 570.2 552 521.3 516.6 538.1 535.2 507.8 459.2 420.9 406.8 405.5 416.9 428.5 425.9 421.9 429.7
92.9 88.4 89 86.4 84.3 81.1 76.7 77.1 76.4 79.6 80.5 82.5 85.1 87.7 88.8 90.4 90 88.4 87.4 85.3
252.9 231.8 252.4 247.9 244.9 223.7 191.8 197.5 216.5 213.9 215.2 211.6 203.8 211.8 208.1 212.2 217.4 216.9 213.4 219.9
162 176.5 200.8 216.9 241 247.2 252.8 242 245.2 241.7 212.1 165.1 132 107.3 108.6 114.3 121.1 120.6 121.1 124.5
Coefficients are (row-wise by formant):
607.5 64.9 -11.8 -18.9 31.5 40
1653.7 -199.9 -326.3 170.8 -151.2 51.6
2645.5 -56 43.8 42.5 -19.2 13.7
