puertorican_mismatch_declarative-broad-focus_Mi-tia-odia-la-lluvia analysis information:
Number of steps:
20
Cutoff frequencies were: 
4700 4850 5000 5150 5300 5450 5600 5750 5900 6050 6200 6350 6500 6650 6800 6950 7100 7250 7400 7550
Number of coefficients for prediction: 
5
Number of formants: 
3
Winner is:
6650 6650 6650
Errors (total,f1,f2,f3): 
629.5 650.3 667.6 648.1 649.3 615 604.7 582.3 549.1 515.9 492 479.3 463.3 449.1 449.1 450.2 452.5 456.9 462.1 468.9
75.1 76.1 72.5 71.7 71.9 72.2 73.2 74.5 75.8 76.8 77 77.2 77.3 76.9 76.7 76.7 76.9 80.2 80.5 80.4
332.3 336.8 341 319.1 318.8 295.7 290.3 277.9 260.3 259.7 255 255.5 255.8 253.6 253.9 252.9 253.5 250.7 252.3 257.1
222.1 237.4 254.1 257.3 258.6 247.1 241.2 229.9 213 179.4 160 146.6 130.2 118.6 118.5 120.6 122.1 126 129.3 131.4
Coefficients are (row-wise by formant):
474.3 34 -59.6 -91.2 10.9 -68.6
1776.5 169.4 176.9 131.5 53.5 -285.3
2632.2 32 -49.9 11 -82.7 116
