puertorican_match_interrogative-total-yn_Marta-abre-el-regalo analysis information:
Number of steps:
20
Cutoff frequencies were: 
4700 4850 5000 5150 5300 5450 5600 5750 5900 6050 6200 6350 6500 6650 6800 6950 7100 7250 7400 7550
Number of coefficients for prediction: 
5
Number of formants: 
3
Winner is:
6500 6500 6500
Errors (total,f1,f2,f3): 
615 626.5 608 617.8 584.8 545.5 529.8 471.4 390.4 342.2 321.7 286.7 272.9 276.9 281.1 288.6 294.4 301.7 318.8 343.2
108.3 110.2 110.6 114.5 113.6 107.2 107.9 105 105.1 106.3 107.3 107.8 108.5 109.2 109.6 109.7 109.7 109.6 110.2 111.9
198.9 193.7 173 169.8 144.1 116.9 117.3 96.4 77.2 72.2 73.8 68.1 68 70.4 74.8 82.5 87.3 91.9 98.8 107.8
307.8 322.6 324.4 333.5 327.1 321.4 304.6 270 208.1 163.7 140.6 110.8 96.4 97.3 96.7 96.4 97.4 100.2 109.8 123.5
Coefficients are (row-wise by formant):
637 19.1 -53.3 -6.1 -33.3 70
1565.3 15.4 -140.4 83.4 -200.4 -72
2540.2 28.1 -16.4 -60.8 0.4 -21.9
