puertorican_mismatch_interrogative-total-yn_Mi-madre-come-la-fruta analysis information:
Number of steps:
20
Cutoff frequencies were: 
4700 4850 5000 5150 5300 5450 5600 5750 5900 6050 6200 6350 6500 6650 6800 6950 7100 7250 7400 7550
Number of coefficients for prediction: 
5
Number of formants: 
3
Winner is:
5150 5150 5150
Errors (total,f1,f2,f3): 
559.3 563.1 548.1 519.1 524.5 522.2 525.4 527.8 537.2 565.8 601.8 617 626.7 652.8 672.8 684.7 710.3 760.4 792.8 824.6
85.2 86.8 83.8 84.5 88.9 88.1 88.3 95.9 99.6 105.9 116 118.9 126.5 139.1 149.9 155.7 163.3 176.1 182.1 187.8
245.1 247.1 251 252.2 259.6 256.4 254.1 251.3 253.8 262.7 269.5 265 259.5 269.2 276.3 277.7 289.4 309.9 322.4 334.4
229 229.2 213.3 182.4 176 177.7 183 180.6 183.8 197.2 216.3 233.1 240.7 244.5 246.6 251.3 257.6 274.4 288.3 302.4
Coefficients are (row-wise by formant):
588.1 15.6 -24 -15.3 -27 -95.3
1440.6 121.7 53.3 -34.4 -16.5 -46.4
2158.2 -16.1 17 156 -69.4 143
