puertorican_match_interrogative-partial-wh_Por-que-ama-la-navidad analysis information:
Number of steps:
20
Cutoff frequencies were: 
4700 4850 5000 5150 5300 5450 5600 5750 5900 6050 6200 6350 6500 6650 6800 6950 7100 7250 7400 7550
Number of coefficients for prediction: 
5
Number of formants: 
3
Winner is:
4700 4700 4700
Errors (total,f1,f2,f3): 
383.7 401.6 436.3 464.5 475.9 465 459.8 439.9 456.8 459.9 438.8 428.4 432.7 436.8 424.3 434.8 457.3 450.7 445.6 450.9
94.7 96.1 99.6 102.4 105.8 104.5 108.4 107 109.5 110 113 116.3 116.8 119.5 119.1 122.6 125.2 122.9 121.9 125.3
119.5 121.7 130.3 137.2 135.5 125.6 127 118.5 126.8 135.1 143.4 148.4 165.8 172.9 167.4 169.7 174 176 178.3 177.7
169.5 183.8 206.4 224.9 234.6 234.9 224.4 214.4 220.5 214.8 182.4 163.7 150.1 144.4 137.8 142.5 158.1 151.8 145.4 147.9
Coefficients are (row-wise by formant):
637.4 -3.1 -69.4 -103.7 31 -28.6
1472.6 -59.6 16.7 10.4 -132.9 -39.5
2067.1 170.5 21.7 72.1 -116.9 41.8
