puertorican_match_declarative-narrow-focus_Marta-abre-el-regalo analysis information:
Number of steps:
20
Cutoff frequencies were: 
4700 4850 5000 5150 5300 5450 5600 5750 5900 6050 6200 6350 6500 6650 6800 6950 7100 7250 7400 7550
Number of coefficients for prediction: 
5
Number of formants: 
3
Winner is:
6800 6800 6800
Errors (total,f1,f2,f3): 
456.6 464.9 482.2 519.8 547.8 547.1 506.8 509.6 493.9 511.2 513.2 536.2 559.6 503.8 434 442.4 444.3 466.2 467.8 468.9
109.3 113.2 113.8 114.6 110.4 102.4 95.9 95.2 94.8 96.1 100.3 110.8 126.6 146.8 153.1 155.1 157.3 158.3 157.2 157.3
206.9 213.4 198.9 207.7 203.9 194.6 179.7 188.4 183.5 189.3 178.5 178.5 174.2 162.1 142.7 144.1 144.1 158 160.9 163.4
140.4 138.3 169.5 197.5 233.5 250.1 231.2 226 215.6 225.8 234.4 246.9 258.8 194.9 138.2 143.2 142.9 149.9 149.7 148.2
Coefficients are (row-wise by formant):
622.6 98.2 -21.1 -83.4 -93.3 24.9
1661.2 138.4 -137 262.5 -177 2.9
2598.2 100.2 120.8 -17.6 60.3 -12
