puertorican_match_interrogative-total-yn_Ana-lleva-el-abrigo analysis information:
Number of steps:
20
Cutoff frequencies were: 
4700 4850 5000 5150 5300 5450 5600 5750 5900 6050 6200 6350 6500 6650 6800 6950 7100 7250 7400 7550
Number of coefficients for prediction: 
5
Number of formants: 
3
Winner is:
4700 4700 4700
Errors (total,f1,f2,f3): 
350.8 380.5 407.7 437.3 476.6 481.1 489.4 472 475.4 476.4 466.2 471.3 451.9 411.7 412.3 408.5 403.3 409.9 409.5 409.7
77.4 77.7 78.3 80.4 81.5 81.7 82.8 81.8 81.7 81.5 86.7 89.2 90.1 92.1 91.9 92.7 94 102.4 104.8 107.5
123 131.6 142.4 153.4 173.5 176.5 181.8 176.5 181.3 177.3 162 170.2 163.4 150.1 150.7 143.6 141.6 142.1 141.8 141.7
150.4 171.2 187 203.5 221.6 222.9 224.8 213.7 212.4 217.6 217.5 211.9 198.4 169.5 169.7 172.2 167.7 165.4 162.9 160.5
Coefficients are (row-wise by formant):
606.9 135.1 -18 113.4 45.5 -17.3
1498.8 70.5 -11 102.3 -413.2 90.2
2024.3 -47.1 81.9 42.3 -230.8 16.8
