puertorican_mismatch_declarative-narrow-focus_El-bebe-comia-muy-bien analysis information:
Number of steps:
20
Cutoff frequencies were: 
4700 4850 5000 5150 5300 5450 5600 5750 5900 6050 6200 6350 6500 6650 6800 6950 7100 7250 7400 7550
Number of coefficients for prediction: 
5
Number of formants: 
3
Winner is:
6950 6950 6950
Errors (total,f1,f2,f3): 
485.6 571.4 616.9 641 667.3 644.4 615.4 648.6 614.8 567.4 510.7 437.7 421 407 390.7 382.8 396.8 412.7 419.1 431.4
65.9 64.7 60.7 57.9 56.7 58 55.7 58.6 57.1 58.2 61.7 64.9 67.9 70.3 73.2 77 79.2 81.6 82.1 82.7
282.2 350.9 382.4 393.4 404.1 382.6 361.7 386.9 361.3 335.6 308.7 261.8 250.4 236.7 213.9 195.7 195.7 198.2 194.5 193.8
137.5 155.8 173.8 189.7 206.5 203.8 198 203.1 196.4 173.6 140.3 111 102.7 100 103.6 110.1 121.9 132.9 142.5 154.9
Coefficients are (row-wise by formant):
458 65.1 -38.5 -37.2 15.5 44.5
1930.1 -300.7 216.5 132.5 -23.7 54.3
2621.2 -172.5 86.4 -68.4 42.8 43.5
