puertorican_mismatch_declarative-narrow-focus_Mi-novio-viene-del-lago analysis information:
Number of steps:
20
Cutoff frequencies were: 
4700 4850 5000 5150 5300 5450 5600 5750 5900 6050 6200 6350 6500 6650 6800 6950 7100 7250 7400 7550
Number of coefficients for prediction: 
5
Number of formants: 
3
Winner is:
6950 6950 6950
Errors (total,f1,f2,f3): 
422.4 457.3 517.6 555.5 586.3 546.5 532.3 494.9 483.1 451.5 431.2 393.2 371.2 360.2 360 359.2 366.9 374.3 376.2 381.3
78.7 76.4 76.7 75.5 74.8 72.2 70.7 70.2 70.7 71.8 73.5 75 75.5 75.9 76 76.3 76.3 76.3 76.3 75.4
179.2 191.7 215.3 224.9 240.2 213.8 210.2 199 200.4 190.2 188.6 179.4 179.6 178.7 182.2 182.9 185.5 189.1 190.3 193.7
164.5 189.2 225.6 255.1 271.3 260.5 251.4 225.7 212 189.5 169.1 138.8 116.1 105.6 101.8 100 105.1 108.9 109.6 112.2
Coefficients are (row-wise by formant):
539.2 -56.5 -29.5 10.9 -13 26
1673.3 194 -173.3 222.9 94.1 69
2543.3 35.2 18.2 81.8 86.2 -86.3
