puertorican_match_interrogative-total-yn_Daniel-iba-a-Bolivia analysis information:
Number of steps:
20
Cutoff frequencies were: 
4700 4850 5000 5150 5300 5450 5600 5750 5900 6050 6200 6350 6500 6650 6800 6950 7100 7250 7400 7550
Number of coefficients for prediction: 
5
Number of formants: 
3
Winner is:
7250 7250 7250
Errors (total,f1,f2,f3): 
541.8 530.1 524.8 525.2 517.8 512 518.2 521.9 518.7 503 513 486.5 472.9 466.6 445.2 436.3 414.3 405 411 417.5
102.3 102 99.6 94.4 96.5 94.1 93.7 94.1 94.8 96.4 97.5 102.7 104.4 106.2 109.9 109.7 111.9 112.9 116.2 116.2
233.1 210.7 203.2 204.5 202.1 201.9 200.4 196.9 193.6 194.9 204.3 200.4 200.7 198.3 189.3 185.2 178.4 171.9 173.2 177.8
206.4 217.4 222 226.3 219.2 216 224.1 230.9 230.3 211.7 211.2 183.4 167.8 162.1 146 141.4 124 120.2 121.6 123.5
Coefficients are (row-wise by formant):
530.8 7.6 50.2 5.6 57.5 -121.8
1932.7 221.6 17.1 -143 -76.6 297.8
2600.2 149.4 15.4 27.3 40.2 80.3
