puertorican_match_declarative-narrow-focus_Daniel-iba-a-Bolivia analysis information:
Number of steps:
20
Cutoff frequencies were: 
4700 4850 5000 5150 5300 5450 5600 5750 5900 6050 6200 6350 6500 6650 6800 6950 7100 7250 7400 7550
Number of coefficients for prediction: 
5
Number of formants: 
3
Winner is:
6950 6950 6950
Errors (total,f1,f2,f3): 
436.8 454.3 466.6 509.7 546.8 567 550.2 545.8 520.8 486.9 470.2 448.3 402 406.5 398.9 391.6 404.6 413.6 418.6 424.8
67.3 66.8 67 66.6 64.7 61.7 62.4 62.9 61.8 63.1 61.6 62.4 62.7 64.1 66.5 68.2 72.4 73.6 74.9 72.5
252.4 250 235.7 246.5 248.8 255.5 247.1 255.3 244.4 212.3 215.4 185.4 154.4 157.1 167.2 161.5 161.1 161.5 163.3 167.3
117.1 137.5 163.9 196.6 233.3 249.8 240.7 227.6 214.6 211.5 193.2 200.5 184.9 185.3 165.2 161.9 171.1 178.5 180.4 185
Coefficients are (row-wise by formant):
459.7 27 -33.9 -37 46.1 -88.8
1892.8 116.1 285.7 -42 -236.5 276.7
2609.8 196.9 115.3 160.8 4.9 109.6
