puertorican_match_interrogative-partial-wh_Cuando-lleva-el-abrigo analysis information:
Number of steps:
20
Cutoff frequencies were: 
4700 4850 5000 5150 5300 5450 5600 5750 5900 6050 6200 6350 6500 6650 6800 6950 7100 7250 7400 7550
Number of coefficients for prediction: 
5
Number of formants: 
3
Winner is:
6950 6950 6950
Errors (total,f1,f2,f3): 
422 427.4 437.6 469.3 472.2 448.5 422.3 419.6 394 402.5 404.3 383.5 380.2 378.1 391.6 372.3 379.3 383.3 388.9 393.3
78.7 81.9 81.8 81.8 79.9 79.3 77.3 76.7 75.8 74.8 74 74.3 74.4 75.1 76 76.4 77.6 79.2 78.4 79.5
164.2 167.5 158.3 164.5 162 153.5 147.3 148.5 144.8 153.4 155.6 153.2 157.3 159.1 172.7 167.6 167.3 165 163.4 164.4
179.1 178 197.5 223 230.3 215.7 197.7 194.4 173.4 174.3 174.7 156 148.5 143.9 142.9 128.3 134.4 139.1 147.1 149.4
Coefficients are (row-wise by formant):
634.2 51.5 -86 36.4 43.8 6.9
1563.5 -1.9 -232.8 2.3 -305.3 111.6
2604.3 105.3 -21.7 -57 -18.2 13.9
