puertorican_match_interrogative-partial-wh_Por-que-iba-a-Bolivia analysis information:
Number of steps:
20
Cutoff frequencies were: 
4700 4850 5000 5150 5300 5450 5600 5750 5900 6050 6200 6350 6500 6650 6800 6950 7100 7250 7400 7550
Number of coefficients for prediction: 
5
Number of formants: 
3
Winner is:
6350 6350 6350
Errors (total,f1,f2,f3): 
436.2 452.1 467.3 493.6 502.2 487.3 449.5 424.1 405.5 397.3 346.4 302.1 306.5 309.8 322.4 320.8 334.9 369.3 360.7 383.9
72 72.4 71.2 73.2 72.5 72.5 71.3 72.5 72.8 74 78 80.6 83.4 86.1 89.2 91.2 91.4 100.4 99.9 107.6
138.3 136.1 140.1 158.2 169.6 164.1 135 120.4 114.9 115.5 121.8 115.6 117.2 114.7 117.5 116.8 120.8 128.4 125.1 129.9
225.9 243.6 256 262.2 260.1 250.7 243.2 231.2 217.8 207.8 146.6 105.9 105.9 109 115.7 112.8 122.7 140.5 135.7 146.4
Coefficients are (row-wise by formant):
559.9 28.9 -68 -57.3 107.5 -10.3
1626.8 -138.1 75.9 -71.7 -404.1 29.9
2482.9 27 -96.3 65.5 26.4 70.4
