puertorican_match_interrogative-total-yn_Maria-bebe-el-vino analysis information:
Number of steps:
20
Cutoff frequencies were: 
4700 4850 5000 5150 5300 5450 5600 5750 5900 6050 6200 6350 6500 6650 6800 6950 7100 7250 7400 7550
Number of coefficients for prediction: 
5
Number of formants: 
3
Winner is:
7550 7550 7550
Errors (total,f1,f2,f3): 
502.4 511.6 533.6 528.3 514.1 512.8 508.5 488.6 461.5 430.9 417.9 410.2 417.8 420.2 417.3 385.8 380.3 378.8 385.3 375.7
95.6 95.4 96.7 97.1 96.6 95.6 94.8 96.1 97.2 94.6 94.9 94 94.9 95.5 96.1 96.6 96.3 96.2 96.1 95.4
201.6 198.2 216.1 216.1 215.9 211.3 199.7 185.5 167.2 150.6 157.5 163.5 170.3 180.3 188.9 186.5 187.9 183.9 183.1 178.6
205.2 218 220.8 215.1 201.6 205.9 214 207 197.1 185.7 165.5 152.7 152.6 144.4 132.3 102.7 96.1 98.7 106.1 101.7
Coefficients are (row-wise by formant):
557.6 36.8 -4.7 -74.7 95.1 19.7
1790.2 51.5 -43 38.9 -408.5 -23.6
2644.4 -42.5 116 -0.6 -122 -101.2
