puertorican_mismatch_declarative-narrow-focus_Mi-madre-come-la-fruta analysis information:
Number of steps:
20
Cutoff frequencies were: 
4700 4850 5000 5150 5300 5450 5600 5750 5900 6050 6200 6350 6500 6650 6800 6950 7100 7250 7400 7550
Number of coefficients for prediction: 
5
Number of formants: 
3
Winner is:
4700 4700 4700
Errors (total,f1,f2,f3): 
505.4 543.1 567 551.3 546.8 547.9 550.7 554.5 528.9 529.2 522 523.4 561 608.1 601.5 601.3 611.4 623.9 651.5 667.4
94.6 95.1 101.7 101.7 99.2 100.3 101.2 105.8 105.1 108.3 110 110 122.5 145.4 155.6 161.1 167.7 177.7 193 200.1
241.4 251.4 249.4 236.6 234.1 231.3 232.8 228.8 225.7 224.4 218.1 217.3 219.7 230 234 238.2 239.7 242.6 246.9 250.7
169.4 196.6 215.9 213 213.5 216.3 216.7 219.9 198.1 196.5 193.9 196.1 218.8 232.7 211.9 202 204 203.6 211.6 216.6
Coefficients are (row-wise by formant):
536.8 15.4 -18.8 -22.3 -66 -101.3
1398 64.8 -4.9 -56 -96 -53.3
1996.7 -44.8 70.5 31.1 0.8 126.8
