puertorican_match_interrogative-total-yn_Manuela-vende-el-carro analysis information:
Number of steps:
20
Cutoff frequencies were: 
4700 4850 5000 5150 5300 5450 5600 5750 5900 6050 6200 6350 6500 6650 6800 6950 7100 7250 7400 7550
Number of coefficients for prediction: 
5
Number of formants: 
3
Winner is:
6500 6500 6500
Errors (total,f1,f2,f3): 
515.2 525.4 550.4 576.3 560.1 550.6 552.2 544.8 532 523.8 490.4 435.2 414.4 415 428.6 442.1 447.3 473 486.6 520.6
99.7 100.8 103.8 102.3 101.5 101.1 96.2 95.5 96.3 97 99.6 103.1 103.9 107.1 107.7 112.4 112.9 119.8 119.7 126.4
219.1 215.4 217.1 218.2 205.9 187.5 183.6 174.9 171.6 183.3 169.1 163 164.2 167.8 170.4 171.6 173.2 182 185.4 197.2
196.4 209.2 229.5 255.8 252.7 262 272.4 274.4 264.1 243.5 221.7 169.1 146.3 140.1 150.5 158.1 161.2 171.2 181.5 197
Coefficients are (row-wise by formant):
615 6.3 18.3 -33.5 -100.9 58.7
1600.9 31.7 -97.9 109 -45.5 76.5
2535.7 1.7 -82.5 109.5 -0.1 42.5
