puertorican_match_declarative-narrow-focus_Mariano-habla-del-tiempo analysis information:
Number of steps:
20
Cutoff frequencies were: 
4700 4850 5000 5150 5300 5450 5600 5750 5900 6050 6200 6350 6500 6650 6800 6950 7100 7250 7400 7550
Number of coefficients for prediction: 
5
Number of formants: 
3
Winner is:
4700 4700 4700
Errors (total,f1,f2,f3): 
506.6 536.1 570.9 585 600.9 596 585.5 600.8 607.6 630 667.8 713.5 709.6 705.1 663.8 690.6 699.8 726.4 759.6 774.3
114.6 120.2 121.1 123.6 135 134.6 130.5 138 148.1 153.7 158.7 179 183.9 207.8 204.2 220.2 226.9 236.6 246.2 241.9
218.8 218.6 225 228.8 230.5 240.4 230.2 233.5 238.4 251.4 260.7 268.3 264.7 260 250.8 251.9 253.1 261.5 265.3 274.8
173.2 197.3 224.8 232.6 235.4 221 224.8 229.3 221.1 224.9 248.4 266.2 261 237.3 208.8 218.5 219.8 228.3 248.1 257.6
Coefficients are (row-wise by formant):
512.8 91 -37.8 -45.3 12.6 -25.4
1490.3 104.3 -69 200.9 -218 -41
2083.7 -159.2 66.1 0.7 -16.7 -31.6
