puertorican_match_interrogative-total-yn_David-leia-el-libro analysis information:
Number of steps:
20
Cutoff frequencies were: 
4700 4850 5000 5150 5300 5450 5600 5750 5900 6050 6200 6350 6500 6650 6800 6950 7100 7250 7400 7550
Number of coefficients for prediction: 
5
Number of formants: 
3
Winner is:
6950 6950 6950
Errors (total,f1,f2,f3): 
476.6 448.4 430.5 412.5 413.8 412.7 411.2 406.2 400 394.8 391.9 401.2 389.9 375.9 383.6 371.1 374.2 379.6 396.6 416.7
100.8 97.8 93.4 91.9 91.3 91.8 90.3 90.3 90.3 91.1 91.8 93.3 93.7 94.3 95.4 95.5 96.7 97.1 98.7 101.1
217.6 192.4 170.8 158.8 165.8 164.7 164.2 160.4 156.9 158.1 166.7 180.5 183.2 176.1 179.5 172.6 171.9 171 175.8 182.2
158.2 158.2 166.3 161.8 156.7 156.2 156.7 155.5 152.8 145.6 133.4 127.4 113 105.5 108.7 103 105.6 111.5 122.1 133.4
Coefficients are (row-wise by formant):
483.5 54.5 20.2 -34.7 50.2 -17.9
1856.8 154.8 -274.3 89.3 -46.6 60.5
2538.2 82.6 -89.2 154.2 -10.6 29.7
