puertorican_match_declarative-broad-focus_Mariano-habla-del-tiempo analysis information:
Number of steps:
20
Cutoff frequencies were: 
4700 4850 5000 5150 5300 5450 5600 5750 5900 6050 6200 6350 6500 6650 6800 6950 7100 7250 7400 7550
Number of coefficients for prediction: 
5
Number of formants: 
3
Winner is:
4700 4700 4700
Errors (total,f1,f2,f3): 
400.9 402.3 416.9 433.7 442.9 454.9 459.7 457.1 471.1 472.2 472.9 493.7 522.3 523.1 521.6 533.8 534.9 553.9 575.4 589.3
92.4 92.6 92.1 90.8 90.6 90 91.7 94.6 97.3 98.9 100.4 105.9 112.8 111 111.8 115 115.5 118.8 122.4 122.6
165.8 164.4 172.5 179 180.6 189.4 193.9 191.5 193.3 190.3 187.5 193.6 193.6 192.8 200.6 209.5 211.6 222.2 233.6 243
142.7 145.3 152.3 163.9 171.7 175.5 174.1 171 180.5 183 185 194.2 215.9 219.3 209.2 209.3 207.8 212.9 219.4 223.7
Coefficients are (row-wise by formant):
518.6 153 -27.2 -78.5 -28.7 8.6
1519.1 213.4 -214.9 240.8 -109.3 -84.2
2116.8 -183.5 158.2 11.4 -20.7 -101.6
