puertorican_mismatch_interrogative-partial-wh_Cuando-comia-la-fruta analysis information:
Number of steps:
20
Cutoff frequencies were: 
4700 4850 5000 5150 5300 5450 5600 5750 5900 6050 6200 6350 6500 6650 6800 6950 7100 7250 7400 7550
Number of coefficients for prediction: 
5
Number of formants: 
3
Winner is:
4700 4700 4700
Errors (total,f1,f2,f3): 
454.6 470.1 500.2 512.6 517.1 525.4 523.2 528.7 533.6 561 580.9 595.4 646.7 650.3 687.5 742 822.3 848.5 838.3 832.2
87.2 88.8 88.8 89.6 90.1 89.9 89.5 95.4 102.4 117 122.1 128.3 151.2 155.2 166 175.9 199.8 203 198.5 193
197.6 202.8 210.6 216.8 220.1 226.6 232.5 236.5 237.8 255.7 271.6 285.9 306.7 313.8 333.5 355.2 379.8 389.2 387.5 371.8
169.8 178.5 200.8 206.2 206.9 208.9 201.2 196.8 193.4 188.3 187.2 181.2 188.8 181.3 188 210.9 242.7 256.3 252.3 267.4
Coefficients are (row-wise by formant):
514.2 44.6 -46.1 27.9 83.8 -20.7
1292.7 -110.9 -91.1 12 133.2 -27.8
2097.7 -63.5 -64.5 152.2 -130.6 109.7
