puertorican_match_declarative-narrow-focus_Ana-lleva-el-abrigo analysis information:
Number of steps:
20
Cutoff frequencies were: 
4700 4850 5000 5150 5300 5450 5600 5750 5900 6050 6200 6350 6500 6650 6800 6950 7100 7250 7400 7550
Number of coefficients for prediction: 
5
Number of formants: 
3
Winner is:
5150 5150 5150
Errors (total,f1,f2,f3): 
466.9 454.8 456.1 442 453.6 446 446.9 458.4 477.3 506.5 546 571.4 576.9 518 474 478.5 475.7 466.6 473 480.7
74.1 74.8 75.8 75.2 77.2 71.9 65.1 64 64.5 66.7 69.4 69.1 73.3 79.9 79.7 79.7 79.3 80.8 79.4 79
266.4 259.8 255.4 236.8 238.4 234.9 235.7 237.6 247.3 261.6 268.9 254.2 257.3 223.4 218.3 227.1 223.3 219.1 225.3 226.5
126.4 120.2 124.9 130 138 139.2 146.1 156.8 165.5 178.2 207.7 248.1 246.3 214.7 176 171.7 173.1 166.7 168.3 175.2
Coefficients are (row-wise by formant):
511.1 69.8 17.4 70.2 78.4 -13.9
1453.3 2.8 -128 63.3 -312 261.2
2129.1 -163.4 35.9 -148.1 -170.4 172.5
