puertorican_mismatch_declarative-narrow-focus_La-nina-lava-el-plato analysis information:
Number of steps:
20
Cutoff frequencies were: 
4700 4850 5000 5150 5300 5450 5600 5750 5900 6050 6200 6350 6500 6650 6800 6950 7100 7250 7400 7550
Number of coefficients for prediction: 
5
Number of formants: 
3
Winner is:
6200 6200 6200
Errors (total,f1,f2,f3): 
596.7 599.2 588 564.2 572.5 603.5 613 608.3 568.3 557.5 554.7 569.6 589.9 569.3 561.6 578.4 610.2 646.3 654.5 664.6
89.4 81.8 78.3 78.4 80.9 82.1 84.3 91.1 86.1 88 94.7 104.7 115.9 119.4 134.7 139.5 152.4 164.5 165.6 163
338.1 329.9 308.6 288.5 295.5 313.1 318.9 322 304.8 301 294.8 291.1 298.8 288.8 265.5 267.8 276.8 282.6 284.8 286.1
169.2 187.5 201.1 197.3 196.1 208.3 209.8 195.2 177.4 168.5 165.2 173.8 175.2 161.1 161.4 171.1 181 199.2 204.1 215.5
Coefficients are (row-wise by formant):
576.3 -42.1 -8.6 -37.5 36.5 54
1745.6 82.7 -35.1 -10.5 -209.3 -188.2
2504.2 -62.1 46.3 0.7 -132.6 -97.6
