puertorican_mismatch_interrogative-partial-wh_Por-que-venia-del-lago analysis information:
Number of steps:
20
Cutoff frequencies were: 
4700 4850 5000 5150 5300 5450 5600 5750 5900 6050 6200 6350 6500 6650 6800 6950 7100 7250 7400 7550
Number of coefficients for prediction: 
5
Number of formants: 
3
Winner is:
6650 6650 6650
Errors (total,f1,f2,f3): 
445 462.6 484.3 484.6 487.7 503.4 488.3 484.9 470.8 464.7 443.5 420.1 406.8 379.8 388.6 400.7 433 448.3 494.7 484.8
78 79.8 79.8 80.9 80.5 82.2 83.9 83.3 83.4 85.3 86.8 87.8 88.5 90.3 93.4 95.6 97.3 99.3 102.4 99.6
173.2 187.8 196.8 208 206.3 220.8 213.2 188.3 177.7 174.5 171.9 166.1 163 153 160.5 160.6 166.8 170.7 182.3 179.8
193.8 195 207.7 195.7 200.9 200.4 191.2 213.3 209.7 204.9 184.8 166.2 155.3 136.5 134.7 144.5 168.9 178.3 210 205.4
Coefficients are (row-wise by formant):
567.2 -8.3 -45.6 1 -30.5 32.7
1642.2 143.6 -427.2 -65.8 -97.9 -10.2
2533.5 -15 -86.5 21.2 64.5 -73.9
