puertorican_mismatch_declarative-narrow-focus_La-maestra-vive-en-Paris analysis information:
Number of steps:
20
Cutoff frequencies were: 
4700 4850 5000 5150 5300 5450 5600 5750 5900 6050 6200 6350 6500 6650 6800 6950 7100 7250 7400 7550
Number of coefficients for prediction: 
5
Number of formants: 
3
Winner is:
4700 4700 4700
Errors (total,f1,f2,f3): 
506 517.1 521.4 530.1 565.2 626.4 618.1 629.3 626.3 611 572.9 569 550.3 542.8 533.8 538.7 554 572.3 618.6 659.2
98.1 97.2 102.4 125.6 133.5 148.2 154 176.4 186.2 188.9 192.3 190.7 189.3 189.8 192.9 195 199.9 204.6 219 229.4
232.3 232.6 225.8 210.4 199.1 209.3 201.5 194.1 194.8 194.3 187.8 187 175.2 169.6 162.1 160.8 161.8 163.8 169.7 178.8
175.6 187.3 193.2 194.1 232.6 268.9 262.6 258.8 245.3 227.8 192.8 191.3 185.8 183.4 178.8 182.9 192.3 203.9 229.9 251
Coefficients are (row-wise by formant):
515.6 75 3.9 -12.2 4.8 51.2
1561.7 -158.5 79.4 -204.6 130.6 -131
2173.7 -40.3 93.7 -143.5 38.9 -56
