puertorican_match_declarative-narrow-focus_Emilio-ama-la-marcha analysis information:
Number of steps:
20
Cutoff frequencies were: 
4700 4850 5000 5150 5300 5450 5600 5750 5900 6050 6200 6350 6500 6650 6800 6950 7100 7250 7400 7550
Number of coefficients for prediction: 
5
Number of formants: 
3
Winner is:
4700 4700 4700
Errors (total,f1,f2,f3): 
463 490.2 526.4 561 571.8 555.1 546.7 542.5 529.3 551.3 544.3 520.3 502.7 494.7 498.5 494.2 496.6 501.8 508.2 515.4
94.6 97.3 98.2 98.2 98.2 97.6 97.8 101.4 106.3 110 110.1 109.1 112.3 113.9 119.8 121.1 123.5 123.7 128.2 131.8
245.6 257 265.1 282.5 284.7 269.9 260.1 253.5 236.4 234.4 220.5 206.5 201.7 193.5 188 184.6 186 186.9 185.9 184.1
122.8 135.9 163.1 180.3 188.9 187.6 188.8 187.6 186.6 206.9 213.7 204.7 188.7 187.3 190.7 188.5 187.1 191.2 194.1 199.5
Coefficients are (row-wise by formant):
529.9 -38.4 -52 -33.9 54.5 5.9
1523.5 84.2 113.2 -132.7 -103.9 -40.1
2061.6 106.1 117.9 -36.4 -81.2 20.5
