puertorican_match_declarative-broad-focus_Marta-abre-el-regalo analysis information:
Number of steps:
20
Cutoff frequencies were: 
4700 4850 5000 5150 5300 5450 5600 5750 5900 6050 6200 6350 6500 6650 6800 6950 7100 7250 7400 7550
Number of coefficients for prediction: 
5
Number of formants: 
3
Winner is:
6950 6950 6950
Errors (total,f1,f2,f3): 
511.4 522.4 552.9 573.1 577.3 563.6 540.9 496.8 456.6 420.6 418.2 405.4 390.5 378.3 370 359.2 365.7 377.6 381.4 397.6
115.4 119.6 118.3 116 114.8 113.5 110.2 107.8 106.6 106.9 122 135.3 143.3 147.5 145 148.6 150.2 154.9 155 165
218.2 190.5 186.6 194.4 190.7 181.7 176.7 166.2 151 133.2 129 120.1 115.3 107.8 107.9 101.6 102.3 106.5 108.2 110.5
177.8 212.3 248 262.7 271.8 268.4 254 222.8 199 180.5 167.2 150 131.9 123 117.1 109 113.2 116.2 118.2 122.1
Coefficients are (row-wise by formant):
588.9 4.1 -31.5 -32.6 -64.6 79.8
1714.5 131.9 -133.8 271.3 -191.5 -128.7
2591.4 -23.3 28.5 -65.3 8.7 -18.5
