puertorican_mismatch_interrogative-total-yn_El-bebe-comia-muy-bien analysis information:
Number of steps:
20
Cutoff frequencies were: 
4700 4850 5000 5150 5300 5450 5600 5750 5900 6050 6200 6350 6500 6650 6800 6950 7100 7250 7400 7550
Number of coefficients for prediction: 
5
Number of formants: 
3
Winner is:
6800 6800 6800
Errors (total,f1,f2,f3): 
436.1 467.1 504.4 538.9 565.2 539.2 514.3 482.9 482.6 482.1 500.8 472.1 446.3 440.8 432.1 437 444.1 453.7 460.8 465.5
83.3 84.6 83.6 83.8 82.7 82.8 82.1 83.4 83.2 84.3 85.2 86.7 88.2 90.1 92.8 97.4 98.8 102.1 105 108.3
240.3 261 279 289.1 295.9 273.8 252.7 232 230.2 231.8 246.2 233.3 225.6 232.1 229.8 224.2 227.5 227.7 227.7 227.8
112.5 121.5 141.8 166 186.6 182.6 179.5 167.5 169.2 166 169.4 152.1 132.5 118.6 109.5 115.4 117.8 123.9 128.1 129.4
Coefficients are (row-wise by formant):
554.8 22 -59 -21.3 -37 72.1
1844 -130.2 184.7 -40.8 -7.4 14.6
2540.7 -124.6 51.4 20.6 89.5 -52.4
