puertorican_match_interrogative-partial-wh_Cuando-leia-el-libro analysis information:
Number of steps:
20
Cutoff frequencies were: 
4700 4850 5000 5150 5300 5450 5600 5750 5900 6050 6200 6350 6500 6650 6800 6950 7100 7250 7400 7550
Number of coefficients for prediction: 
5
Number of formants: 
3
Winner is:
6650 6650 6650
Errors (total,f1,f2,f3): 
560.5 555.6 563.1 570.4 533.9 521.1 524.2 518.6 531.1 513.8 484 408.6 392.3 376.1 384.8 380.9 385.4 389.1 406.3 408.9
76 72.1 72.7 73.8 70.7 70.7 67.4 66.6 69.1 68.2 69.5 71.7 74.9 78 79.5 80.3 80 79.8 79 78
211.1 198 193.5 189.5 177.4 174.5 177.3 181.3 189.2 190 189.2 169.9 173.5 175.5 183.7 184.5 189.8 191.4 193.9 191.9
273.4 285.5 296.9 307.1 285.8 275.9 279.5 270.7 272.8 255.6 225.3 167 143.9 122.6 121.6 116.1 115.6 117.9 133.4 139
Coefficients are (row-wise by formant):
584.4 77.4 16.3 -28.5 11 31.6
1578 -28.1 -281.7 100.1 -101.4 6.2
2673.2 34.8 -121 132.5 -40.8 -46.6
