puertorican_mismatch_declarative-broad-focus_Mi-novio-viene-del-lago analysis information:
Number of steps:
20
Cutoff frequencies were: 
4700 4850 5000 5150 5300 5450 5600 5750 5900 6050 6200 6350 6500 6650 6800 6950 7100 7250 7400 7550
Number of coefficients for prediction: 
5
Number of formants: 
3
Winner is:
7550 7550 7550
Errors (total,f1,f2,f3): 
536.7 565.1 570.1 566.4 556.9 543.5 511.2 480.5 462.4 445.5 410.4 388.5 354 352.8 354.5 355.2 352.3 352.3 347.8 346.5
86.6 86 86 83.9 82.4 82.2 81.1 80.4 80.6 81.4 82.2 83.9 84 84.8 85.8 85.7 85.6 85.2 84.8 84.7
283.8 285.7 267.7 236.9 220.4 207.8 190.8 178.1 175.1 174.2 175.1 186.5 175.5 178.5 180.5 177.1 170.7 169.4 164.2 162.6
166.3 193.4 216.4 245.6 254.1 253.5 239.3 222 206.7 189.9 153.1 118.1 94.5 89.5 88.2 92.4 96 97.7 98.8 99.2
Coefficients are (row-wise by formant):
500.6 -36.7 15.3 -14.9 -48.4 16.2
1702.8 223.3 -243.6 275.1 140.9 206.7
2598.5 -90.5 118.3 -52.6 121.6 -56.5
