puertorican_mismatch_declarative-broad-focus_La-nina-lava-el-plato analysis information:
Number of steps:
20
Cutoff frequencies were: 
4700 4850 5000 5150 5300 5450 5600 5750 5900 6050 6200 6350 6500 6650 6800 6950 7100 7250 7400 7550
Number of coefficients for prediction: 
5
Number of formants: 
3
Winner is:
5000 5000 5000
Errors (total,f1,f2,f3): 
396.6 335.7 332.6 354.3 410.1 458.3 468.1 475.4 503.5 506.8 521 541.8 520.3 512.2 526.8 534.1 542.4 570.2 598 637.5
79.9 76 74.7 77.1 82.6 93.5 98.2 107.9 121.3 128.2 145 157.1 158.3 160.8 169.7 174.2 179.4 183.4 187.9 192.8
132.2 103.1 107.3 119.1 144.9 165.1 169.4 171.2 185.3 177.9 172.1 176 161 157.2 164.5 159.3 155.1 163.5 175.9 188.7
184.5 156.6 150.6 158.1 182.6 199.7 200.5 196.3 196.9 200.7 203.9 208.7 201 194.2 192.6 200.6 207.9 223.3 234.2 256
Coefficients are (row-wise by formant):
594.9 35.8 -28.7 -11.9 18.7 103.9
1616.2 216.8 -40.8 44.8 -183.1 -66.3
2262.3 -24.1 202.3 -17.3 -159.9 -118
