puertorican_match_declarative-broad-focus_David-leia-el-libro analysis information:
Number of steps:
20
Cutoff frequencies were: 
4700 4850 5000 5150 5300 5450 5600 5750 5900 6050 6200 6350 6500 6650 6800 6950 7100 7250 7400 7550
Number of coefficients for prediction: 
5
Number of formants: 
3
Winner is:
6800 6800 6800
Errors (total,f1,f2,f3): 
569.1 540.6 537 509.7 516.2 536.8 548 555 541.7 536 522.7 490 485.6 479 471.9 476.6 490.6 500.1 514.3 539.9
92 92.4 91.5 90.3 89.1 87.4 85.7 86.8 81.9 81.9 82.6 83.2 85 85.7 87 87.4 88.2 89.3 90.9 92.5
309.2 292.4 286.3 268.4 266.1 265.8 260.1 251.9 229.7 228.2 222 209 211 198.5 188.7 188.5 190.8 192.2 195.5 204.9
167.9 155.8 159.2 151 161 183.6 202.2 216.3 230.1 225.9 218.1 197.8 189.6 194.8 196.2 200.7 211.6 218.6 227.9 242.5
Coefficients are (row-wise by formant):
452.7 56.4 29.4 -15.5 40.7 -46.5
1924.7 132.3 -273 235.7 -95 153.2
2594.2 104.4 19.9 176.7 -39.1 140.8
