puertorican_match_interrogative-partial-wh_Por-que-abre-el-regalo analysis information:
Number of steps:
20
Cutoff frequencies were: 
4700 4850 5000 5150 5300 5450 5600 5750 5900 6050 6200 6350 6500 6650 6800 6950 7100 7250 7400 7550
Number of coefficients for prediction: 
5
Number of formants: 
3
Winner is:
7100 7100 7100
Errors (total,f1,f2,f3): 
414 435.6 424 397.1 405.3 389.1 372.4 345.4 320.9 314.3 270.7 248.8 250 261.6 260.1 253.4 248.7 262.9 270.8 267.6
60.8 60.8 60.4 60.4 61 61.5 61.2 61.5 60.9 61.2 60.1 59.9 59.8 61 60.7 61.3 62.5 65.8 68.9 69
124.7 134.6 130.8 129.1 137.7 137.5 134.4 121.7 106.9 108.7 102.5 101.2 107.2 116.3 113 109.7 108.6 110.3 111.7 111.6
228.5 240.2 232.8 207.6 206.6 190.1 176.8 162.2 153.1 144.4 108.1 87.7 83 84.3 86.4 82.4 77.6 86.8 90.2 87
Coefficients are (row-wise by formant):
615.4 -51 -76.7 -33.5 -32.5 114.5
1627.7 53.6 -178 6 -246.9 -125
2525.2 78.7 33.8 -39.8 9.6 -76
