puertorican_match_declarative-narrow-focus_Manuela-vende-el-carro analysis information:
Number of steps:
20
Cutoff frequencies were: 
4700 4850 5000 5150 5300 5450 5600 5750 5900 6050 6200 6350 6500 6650 6800 6950 7100 7250 7400 7550
Number of coefficients for prediction: 
5
Number of formants: 
3
Winner is:
4700 4700 4700
Errors (total,f1,f2,f3): 
461.9 468.5 505 535.6 546.3 538.2 540.1 558.4 570.4 560.6 567.5 547.3 520.9 506.1 504.7 488.7 508 520.2 559 578.9
116.3 114.4 113.8 113.5 103.9 100.6 101.7 104.3 114 123.2 131.1 139.2 164.8 179.7 186.4 187.2 188.8 190.7 197.9 196.1
162.8 164.5 179.1 190.2 191 183.4 179.4 184.5 177.1 158.5 164.7 163 174.2 170.4 175.3 169.5 166 174.9 188.9 196.8
182.8 189.6 212.1 231.9 251.4 254.2 259 269.6 279.3 278.9 271.7 245.1 181.9 156 143 132 153.2 154.6 172.2 186
Coefficients are (row-wise by formant):
498.3 -18.3 13.8 -24.3 -79.8 91.3
1484 -23.1 -270.2 72.7 11.6 45.9
2000.3 -54.9 -85.6 77.9 134.3 -36
