puertorican_match_declarative-broad-focus_Manuela-vende-el-carro analysis information:
Number of steps:
20
Cutoff frequencies were: 
4700 4850 5000 5150 5300 5450 5600 5750 5900 6050 6200 6350 6500 6650 6800 6950 7100 7250 7400 7550
Number of coefficients for prediction: 
5
Number of formants: 
3
Winner is:
5000 5000 5000
Errors (total,f1,f2,f3): 
497 487.6 475.3 507.3 528.3 530.1 523.3 536.7 533.5 529.9 523.5 525.9 510.9 522.2 526.7 524.2 525.3 535.4 552.7 559.4
103.7 110.7 119.2 139.5 146.3 157.9 155.6 162.1 164 168.6 172.2 177.3 178.1 183.6 186.2 188.9 190.7 194 196.4 197.4
232.3 203.1 164.3 160.9 162 150.4 147.8 157.1 149.4 148.8 150.3 154.2 154.8 160.2 159.2 162.2 162.2 166.8 173.1 176.7
161 173.8 191.8 206.9 220 221.8 219.9 217.5 220.1 212.5 201 194.4 178 178.4 181.3 173.1 172.4 174.6 183.2 185.3
Coefficients are (row-wise by formant):
571.4 -10.2 24.4 -23.6 -112.2 60.5
1520.7 -104.2 -235.6 73 -24.8 -21.1
2113.5 -111.9 -63.1 157 50.7 -55.7
