puertorican_mismatch_declarative-narrow-focus_El-hombre-mira-la-luna analysis information:
Number of steps:
20
Cutoff frequencies were: 
4700 4850 5000 5150 5300 5450 5600 5750 5900 6050 6200 6350 6500 6650 6800 6950 7100 7250 7400 7550
Number of coefficients for prediction: 
5
Number of formants: 
3
Winner is:
6350 6350 6350
Errors (total,f1,f2,f3): 
514.2 530.4 551.1 537.4 542 545 515.9 461 429.9 404.6 388.1 385.4 386.2 403 411.1 429.8 452.3 503.3 544.8 583
66.9 66 65.5 64.8 60.2 61.2 60.3 57.4 58.6 58.5 58.7 59.3 59.3 60 60.5 61.5 62.9 65.4 64.9 66.2
230 238.2 250.9 235.5 259.3 265.6 245.8 222.1 210.9 206 195 197.5 198.7 209.7 214 229.2 241.7 266.9 282 297.8
217.3 226.2 234.7 237.1 222.5 218.2 209.8 181.5 160.4 140.1 134.4 128.6 128.2 133.3 136.6 139.1 147.7 171 197.9 219
Coefficients are (row-wise by formant):
508.4 45.8 -76.5 46 39.5 -41.3
1498.3 289.1 -153.4 -20.7 285 -12.1
2479.2 -25.9 11 124.1 -99.6 59
