puertorican_mismatch_declarative-broad-focus_El-nino-oye-el-rio analysis information:
Number of steps:
20
Cutoff frequencies were: 
4700 4850 5000 5150 5300 5450 5600 5750 5900 6050 6200 6350 6500 6650 6800 6950 7100 7250 7400 7550
Number of coefficients for prediction: 
5
Number of formants: 
3
Winner is:
7400 7400 7400
Errors (total,f1,f2,f3): 
407 415.3 428.8 434.4 440 450.5 499.7 509.2 506.6 486.1 449.9 450.4 411.9 402.2 390.1 380 374.7 370.7 359.4 364.6
59.4 59 59.7 60 59.8 60.1 61.9 60.5 60.9 61.7 62 63.2 66 67.9 72.3 76.9 77.3 76.4 70.1 76.2
218.6 221.9 229.3 233 231.4 233.1 266.8 274.3 273.7 262.5 239.7 237.8 218.9 217.3 213.6 208 208.6 209.6 208.6 208.7
129 134.4 139.8 141.4 148.8 157.3 171 174.4 172 161.9 148.2 149.4 127 117 104.2 95.1 88.8 84.7 80.7 79.7
Coefficients are (row-wise by formant):
489.8 26.2 -45.1 -29 87.2 31.4
1934.2 105.2 68.5 225 -239.8 22.1
2649.6 78.3 -42.8 20.2 -22.1 34.9
