puertorican_match_interrogative-partial-wh_Cuando-vendia-el-carro analysis information:
Number of steps:
20
Cutoff frequencies were: 
4700 4850 5000 5150 5300 5450 5600 5750 5900 6050 6200 6350 6500 6650 6800 6950 7100 7250 7400 7550
Number of coefficients for prediction: 
5
Number of formants: 
3
Winner is:
6050 6050 6050
Errors (total,f1,f2,f3): 
520.2 497.1 474.2 474.9 467.6 480.4 503 501 473.7 459.7 467.7 466.2 486.2 514.2 527.6 554.6 574.6 580.5 598.2 614.1
108.6 107.2 108.6 112.9 113.1 113.4 115.5 121.3 123.8 135.1 145.2 151.6 156.6 163.3 169.7 181.1 186.7 186.4 190.1 190.4
171.8 158.9 156.5 143.5 140.4 143 153.6 155.7 152.8 156.3 161.6 158.9 168.4 171 171.3 175.3 181.1 185.7 193.5 199.6
239.8 231 209.1 218.5 214.1 224 233.9 224 197.1 168.3 160.9 155.7 161.2 179.9 186.6 198.2 206.8 208.4 214.6 224.1
Coefficients are (row-wise by formant):
619.8 -1.2 -24.7 80.5 -75.6 34.9
1561.1 -61.6 -322.8 36.5 12.9 40.6
2421.3 -43.6 -49.9 -45.9 -4.8 -48
