puertorican_mismatch_interrogative-total-yn_El-nino-oye-el-rio analysis information:
Number of steps:
20
Cutoff frequencies were: 
4700 4850 5000 5150 5300 5450 5600 5750 5900 6050 6200 6350 6500 6650 6800 6950 7100 7250 7400 7550
Number of coefficients for prediction: 
5
Number of formants: 
3
Winner is:
6950 6950 6950
Errors (total,f1,f2,f3): 
506.8 496.1 471.7 496.3 481.5 502.7 501.6 519.6 501.2 509.7 503.3 489.1 449.4 449.1 402.9 389.6 397 419.7 445.2 457.1
71.9 72.9 73.7 71.6 65.5 63.8 58.1 60.7 56.7 57.6 56.3 55.2 55.6 58.5 59.8 61.6 68.8 70.8 71.6 71.8
251.2 244.3 228.9 240.5 248.4 257.9 251.1 254 246.6 256.4 261.3 255.5 225.5 223.2 200.7 197.1 200.2 215.9 230.1 235.7
183.7 178.9 169.1 184.2 167.6 181 192.4 204.9 197.9 195.7 185.7 178.4 168.3 167.4 142.4 130.9 128 133 143.5 149.6
Coefficients are (row-wise by formant):
559.7 62.3 -66.2 -32.7 52.3 36
1915.5 168.3 170.7 85.4 -335.1 -54.6
2668.6 101.5 11.7 72 -93.1 -41.3
