puertorican_match_declarative-narrow-focus_Maria-bebe-el-vino analysis information:
Number of steps:
20
Cutoff frequencies were: 
4700 4850 5000 5150 5300 5450 5600 5750 5900 6050 6200 6350 6500 6650 6800 6950 7100 7250 7400 7550
Number of coefficients for prediction: 
5
Number of formants: 
3
Winner is:
7250 7250 7250
Errors (total,f1,f2,f3): 
523.7 547.9 574 575.1 570.7 569.9 564.9 583.9 608.3 617.6 599.3 525.5 495 464 442.4 428 417 416.7 418.5 422.9
85 86 85.3 84 77.6 73.7 70.8 70.1 73 75.1 78.3 82 86.4 94.8 102.6 107.9 110.1 110.6 107.2 104.7
270.7 273.4 278.2 265.9 258.5 262.7 262.1 261.9 263.2 273.8 265 217.2 198.6 182.5 170.3 166.1 162.2 165 168.5 171.9
168 188.5 210.5 225.2 234.6 233.5 232 251.9 272.1 268.7 256 226.3 210 186.7 169.5 154 144.7 141.1 142.8 146.3
Coefficients are (row-wise by formant):
481.7 63.2 4.3 -56.2 44.8 -54.2
1940.8 23.5 -23.7 -4.6 -207.7 37.8
2618.9 -22.6 114.5 -10.4 -66.4 12.4
