puertorican_mismatch_interrogative-partial-wh_Cuando-lavaba-el-plato analysis information:
Number of steps:
20
Cutoff frequencies were: 
4700 4850 5000 5150 5300 5450 5600 5750 5900 6050 6200 6350 6500 6650 6800 6950 7100 7250 7400 7550
Number of coefficients for prediction: 
5
Number of formants: 
3
Winner is:
6500 6500 6500
Errors (total,f1,f2,f3): 
521.6 547.4 559.4 559.2 560.7 540.6 518.8 534.2 511.4 529.1 513.4 510 501.5 515.2 527.9 531.5 545.3 589.6 617.9 618.9
78.2 78.1 78.3 75.3 75.2 73.1 71.8 74.3 81 92 91.4 94.1 94.4 101.4 105 103.9 107.2 119.3 124.4 122.1
167 170.1 175.2 171.6 177.8 177.5 183.7 190 190.9 207.2 206.5 215.8 225.9 238.3 238.8 244.5 252.3 265.3 274.1 274.4
276.4 299.2 305.9 312.3 307.7 290 263.3 269.9 239.5 229.9 215.5 200.1 181.2 175.5 184.1 183.1 185.8 205 219.4 222.4
Coefficients are (row-wise by formant):
600.9 35.2 9 -6.1 -19.9 95.7
1461.2 -60.6 -71 97.7 -227.8 -117.3
2647.5 -57.3 46.1 -11 -84.8 12.8
