puertorican_match_declarative-broad-focus_Daniel-iba-a-Bolivia analysis information:
Number of steps:
20
Cutoff frequencies were: 
4700 4850 5000 5150 5300 5450 5600 5750 5900 6050 6200 6350 6500 6650 6800 6950 7100 7250 7400 7550
Number of coefficients for prediction: 
5
Number of formants: 
3
Winner is:
6350 6350 6350
Errors (total,f1,f2,f3): 
385.9 386.7 400.7 423 414.7 408.3 398.9 383.8 390.4 378.2 374.7 364.6 369.9 374.1 368.2 376.7 375.9 389.1 386.5 393.2
68.4 68.6 69.1 69.3 69.9 69.2 68.7 68.6 70.7 68.9 68.2 69.4 71 68.1 68.3 67.1 67.4 66.7 67.2 71.1
174.6 172.6 186.3 200.7 194.2 189.8 184.7 183.1 194.9 180.7 176.6 182.8 192.4 193.2 194.2 194.5 195.9 195.8 189.5 191.1
142.9 145.5 145.3 153 150.6 149.3 145.5 132.1 124.8 128.6 129.9 112.4 106.5 112.8 105.7 115.1 112.6 126.6 129.8 131
Coefficients are (row-wise by formant):
496.6 44.8 -11.7 -10.9 28.3 -77.8
1731.9 -133.9 -30.9 -380.5 -286.6 205.8
2459.9 14.7 -68.5 45.9 -62.5 58.9
