puertorican_mismatch_interrogative-partial-wh_Por-que-vivia-en-Paris analysis information:
Number of steps:
20
Cutoff frequencies were: 
4700 4850 5000 5150 5300 5450 5600 5750 5900 6050 6200 6350 6500 6650 6800 6950 7100 7250 7400 7550
Number of coefficients for prediction: 
5
Number of formants: 
3
Winner is:
6050 6050 6050
Errors (total,f1,f2,f3): 
437 460.3 479.9 477.4 488 507.7 490.3 472.7 445.3 416.5 420.6 435.8 455.1 473 501.4 523 552.5 581.7 597.3 617.2
105.9 106.9 107 106.7 106.5 105.8 105.6 105 105.6 107.5 109.6 112.7 112.6 115.8 120.6 123.9 124.6 130.2 132.1 133.8
197.9 202.7 202.8 187.9 188.7 207.6 194.6 189.7 177.2 161.5 168.2 170.1 172.5 173.1 177.2 182.5 190.3 198 196.4 205.5
133.2 150.7 170.1 182.8 192.8 194.3 190.1 178 162.5 147.5 142.8 153 170 184.1 203.6 216.6 237.6 253.5 268.8 277.9
Coefficients are (row-wise by formant):
497.6 24.4 -24.1 -1.1 -10 -1.4
1785.2 -162.3 -130.4 -290.5 15.2 -102.9
2371.1 -122.2 26.5 30.8 -29.1 -9.1
