puertorican_mismatch_declarative-narrow-focus_Mi-tia-odia-la-lluvia analysis information:
Number of steps:
20
Cutoff frequencies were: 
4700 4850 5000 5150 5300 5450 5600 5750 5900 6050 6200 6350 6500 6650 6800 6950 7100 7250 7400 7550
Number of coefficients for prediction: 
5
Number of formants: 
3
Winner is:
7250 7250 7250
Errors (total,f1,f2,f3): 
637.4 651.6 659.1 661.3 648.8 638 651 644.4 634.2 637.8 614.8 605.3 606.2 602 596.2 582.1 583 579.3 588.9 599.6
80.6 80 79.1 79.4 79.1 79.2 82.7 86.8 84.4 88.5 87.3 89.6 96.7 99 100.9 101 100.3 100.9 99.6 102.4
331.2 323.2 316.2 307.1 302.4 297.2 285.2 269.7 263.8 269 265 268.5 267.4 266.7 270.7 270.2 272.1 267.8 267.7 265.3
225.6 248.4 263.8 274.8 267.3 261.6 283.1 287.9 286 280.3 262.5 247.2 242.1 236.3 224.6 210.9 210.6 210.6 221.6 231.9
Coefficients are (row-wise by formant):
491.8 0.1 -89 -81.1 25 -26.1
1795.6 124.8 176 37.1 -126.7 -214
2687.9 113.6 19.9 78.7 -144.6 126.4
