puertorican_mismatch_declarative-broad-focus_El-bebe-comia-muy-bien analysis information:
Number of steps:
20
Cutoff frequencies were: 
4700 4850 5000 5150 5300 5450 5600 5750 5900 6050 6200 6350 6500 6650 6800 6950 7100 7250 7400 7550
Number of coefficients for prediction: 
5
Number of formants: 
3
Winner is:
6950 6950 6950
Errors (total,f1,f2,f3): 
448.7 527.8 563.7 617.6 628.6 618.2 591.8 576.1 545.6 545.3 514.1 459.5 421.9 415.2 416.9 406.5 410.7 419 427 432
45.7 47.9 44.9 46.3 44 42.8 42.6 43.1 44.1 45 46.3 47.7 49.9 50.1 51.6 52.9 53.1 53 52 51.4
253.5 310.6 332.5 355.7 355 347.4 331.5 318.2 293.8 295.7 272.3 234.9 214.1 210.2 203.6 197.4 197.7 201.3 205.9 207.7
149.5 169.3 186.3 215.6 229.6 228 217.7 214.8 207.7 204.6 195.5 176.9 157.9 154.9 161.7 156.2 159.9 164.7 169.1 172.9
Coefficients are (row-wise by formant):
457.3 63.8 -67.4 -25.6 31.3 22.4
1900.7 -213.6 161.7 115.2 41.9 40.7
2651.8 -100.5 3.3 -97.5 -35.9 71.4
