puertorican_mismatch_declarative-broad-focus_Mi-madre-come-la-fruta analysis information:
Number of steps:
20
Cutoff frequencies were: 
4700 4850 5000 5150 5300 5450 5600 5750 5900 6050 6200 6350 6500 6650 6800 6950 7100 7250 7400 7550
Number of coefficients for prediction: 
5
Number of formants: 
3
Winner is:
4700 4700 4700
Errors (total,f1,f2,f3): 
504.5 540.8 572.3 584.9 588.2 593.9 616.8 587.8 578.8 587.6 576.9 575.1 553.6 538.6 556.3 594.9 607.2 626.1 652.5 694.7
91.6 95.3 96.8 101 101 100.8 99 93.7 91.9 96.9 90.9 91 92.3 92.6 107.1 122.2 135 143.4 153.3 171.4
259.2 279.5 295.1 291.2 284 282.6 291 279.8 280.3 290 291.1 297.7 292.1 288.6 291.1 294.4 295 297.5 295 298
153.7 166 180.4 192.7 203.2 210.5 226.8 214.3 206.6 200.7 194.9 186.4 169.2 157.4 158.1 178.3 177.2 185.2 204.2 225.3
Coefficients are (row-wise by formant):
564.1 43.7 -34.7 -3 -16 -116
1476.8 120.2 54.7 -47.7 -51.3 -64
2158.1 -27.6 21.9 27.4 -98.6 112.9
