puertorican_mismatch_interrogative-total-yn_Mi-tia-odia-la-lluvia analysis information:
Number of steps:
20
Cutoff frequencies were: 
4700 4850 5000 5150 5300 5450 5600 5750 5900 6050 6200 6350 6500 6650 6800 6950 7100 7250 7400 7550
Number of coefficients for prediction: 
5
Number of formants: 
3
Winner is:
6650 6650 6650
Errors (total,f1,f2,f3): 
552.5 567.3 607.3 635.2 606.3 596.4 600.4 634.8 597.8 572.9 532.9 487.3 478.9 465.3 471.7 476.7 475.4 489 510.3 524.7
95.4 92.9 94.9 92.3 88.7 89.6 85.4 87.7 84.6 86.9 89.8 96.7 99.4 107.1 110.1 109.4 109.8 110 112.9 113.8
264.6 274.2 303.5 328.8 319.9 322.2 321.8 332.2 308.8 297.3 270 234.2 229.7 222.5 219.1 222.8 220.6 229 237.9 237.1
192.5 200.2 208.9 214.1 197.7 184.6 193.2 214.9 204.4 188.7 173.1 156.4 149.8 135.7 142.5 144.5 145 150 159.5 173.8
Coefficients are (row-wise by formant):
570.1 26.3 -113.9 -84.5 83.8 -12
1787.1 277.4 247 56 -105.2 -327
2671.7 142 -53.7 -41.2 -27 -8.9
