puertorican_mismatch_interrogative-partial-wh_Por-que-odiaba-la-lluvia analysis information:
Number of steps:
20
Cutoff frequencies were: 
4700 4850 5000 5150 5300 5450 5600 5750 5900 6050 6200 6350 6500 6650 6800 6950 7100 7250 7400 7550
Number of coefficients for prediction: 
5
Number of formants: 
3
Winner is:
6500 6500 6500
Errors (total,f1,f2,f3): 
457 517.3 526.2 537.1 548.7 527.8 513.2 487.4 495.4 490.3 472.1 461.9 453.1 455.6 461.9 472.9 484.1 509 532.8 542.8
66.1 66.5 66.4 66.3 65.7 65.7 65.7 65.9 65.7 66.4 67.2 68.2 69 69.4 69.7 69.7 69.8 80.1 91.5 92.2
235.6 245.2 247.1 242.4 243.3 241.5 247.4 245.2 257.8 260.4 262.8 269 267.5 269.6 272.6 277.6 276.3 280.2 283.3 283.7
155.3 205.6 212.7 228.4 239.7 220.6 200.1 176.3 171.9 163.5 142.1 124.7 116.6 116.6 119.6 125.6 138 148.7 158 166.9
Coefficients are (row-wise by formant):
488.3 22.1 -80.8 -0.5 83.6 -39.9
1654.2 -56 10.5 -97.9 -156.7 -112.4
2502 -6.4 -30.6 93.5 -89.1 -3.7
