puertorican_match_interrogative-partial-wh_Por-que-hablaba-del-agua analysis information:
Number of steps:
20
Cutoff frequencies were: 
4700 4850 5000 5150 5300 5450 5600 5750 5900 6050 6200 6350 6500 6650 6800 6950 7100 7250 7400 7550
Number of coefficients for prediction: 
5
Number of formants: 
3
Winner is:
6650 6650 6650
Errors (total,f1,f2,f3): 
486.6 484.1 498.3 520.1 523.8 497.1 466.3 464.9 441.8 422.2 402.9 354.9 344.2 329.2 331.2 336.7 340.2 343.3 346.7 358.7
83.3 86.2 85.6 85.1 86.4 84.7 84.5 83.2 83.3 80.9 81.8 82.2 82.4 82.8 82.6 82 81.1 80.6 81.9 81.9
130.2 135.9 134.1 132.9 130.3 129.3 122.7 128.8 126.7 129.1 135.6 140.2 144.9 146.7 148.7 151.5 153.6 155.3 156.5 161.1
273.1 262 278.6 302.1 307.1 283.1 259.1 252.9 231.8 212.2 185.5 132.5 116.9 99.7 99.9 103.2 105.5 107.4 108.3 115.7
Coefficients are (row-wise by formant):
638.2 -38.8 -121.9 -7.9 -16.9 33.9
1443.8 125.5 -109.2 123 -233.4 -70.3
2607.6 -6.4 -68.7 49.3 34.5 -73.6
