puertorican_match_interrogative-total-yn_Emilio-ama-la-marcha analysis information:
Number of steps:
20
Cutoff frequencies were: 
4700 4850 5000 5150 5300 5450 5600 5750 5900 6050 6200 6350 6500 6650 6800 6950 7100 7250 7400 7550
Number of coefficients for prediction: 
5
Number of formants: 
3
Winner is:
4700 4700 4700
Errors (total,f1,f2,f3): 
418.9 437 468.6 503.9 540 523.8 503.6 479.6 479.2 476.9 462.2 464 469.8 475.6 468.4 472.2 470.7 471.3 469.3 465.9
120.9 121.1 121.8 127.5 132.4 132.4 129.1 131.7 138.1 142.8 146.3 147.4 148.6 142.3 136.1 134.7 131.9 129.4 125.5 123.4
163.2 169.6 180.4 187.8 190.3 173.6 158 140.8 142.3 149 148.6 153.3 154.7 162.3 165.4 170.4 173.1 173.7 173.4 171.6
134.8 146.3 166.4 188.6 217.3 217.8 216.5 207.1 198.8 185.1 167.3 163.3 166.5 171 166.9 167.1 165.7 168.2 170.4 170.9
Coefficients are (row-wise by formant):
567 -49.8 -84.7 -14.7 75.8 -11.6
1577.6 122.8 182.2 -61.6 -167.7 -36.4
2051 82.3 115.2 -84.2 -107.9 -60.9
