puertorican_mismatch_interrogative-partial-wh_Por-que-desayuna-muy-bien analysis information:
Number of steps:
20
Cutoff frequencies were: 
4700 4850 5000 5150 5300 5450 5600 5750 5900 6050 6200 6350 6500 6650 6800 6950 7100 7250 7400 7550
Number of coefficients for prediction: 
5
Number of formants: 
3
Winner is:
6800 6800 6800
Errors (total,f1,f2,f3): 
481 493.3 520 527 524.4 508.5 527.3 533.2 533.6 528.5 518.8 499.7 481.7 459.8 452.1 473.4 478.5 477.1 475.1 477.3
76.3 71.7 72.5 70 69.1 66.9 67 70 69.6 71.9 74.1 81.4 81.5 80.9 82.5 89.9 91.8 93.9 94 93.6
251.4 252.8 262.9 260.3 257.7 246.1 246 238.8 232.3 224.8 218 201.8 193.3 174.6 167.3 172.2 171.3 167.2 168.1 166.7
153.3 168.8 184.6 196.7 197.6 195.5 214.3 224.4 231.7 231.8 226.7 216.5 206.9 204.3 202.3 211.3 215.4 216 213 217
Coefficients are (row-wise by formant):
503.8 93.1 -70.2 -36.3 -24.5 -28.6
1881.5 -186.9 8.8 -201.8 -37.3 -62.8
2575.6 -22.1 11.4 -49.9 91.2 -14.9
