puertorican_statement_filler_La-nina-pinta-con-su-amiga analysis information:
Number of steps:
20
Cutoff frequencies were: 
4700 4850 5000 5150 5300 5450 5600 5750 5900 6050 6200 6350 6500 6650 6800 6950 7100 7250 7400 7550
Number of coefficients for prediction: 
5
Number of formants: 
3
Winner is:
4700 4700 4700
Errors (total,f1,f2,f3): 
616.2 637.2 664.3 688.8 690.6 689.4 674.6 675.9 665.9 658.3 625 638.6 621.7 636.7 659.5 636.8 654.8 680.3 692.8 714.3
96.2 94.1 92.7 92.7 92.9 93.3 94.2 96.4 98.5 100.2 102.3 104.9 111 117.4 115.7 117.8 118.8 118.3 115.5 116.8
243.7 255.9 276.8 291.2 289 286.9 287 292.6 303.7 312.3 301.5 310.4 314.3 332.3 361.7 357.5 370.8 385.2 398.6 408.1
276.3 287.2 294.8 304.9 308.7 309.2 293.4 286.9 263.7 245.8 221.2 223.3 196.4 187 182.1 161.5 165.2 176.8 178.7 189.4
Coefficients are (row-wise by formant):
517.9 60.3 24.6 -11.1 12.1 -42.8
1326.9 307.5 80.1 -68.2 -51.6 -23.7
2198.9 124.4 -33.5 -17.8 -189.7 -14.1
