puertorican_match_interrogative-total-yn_Mariano-habla-del-tiempo analysis information:
Number of steps:
20
Cutoff frequencies were: 
4700 4850 5000 5150 5300 5450 5600 5750 5900 6050 6200 6350 6500 6650 6800 6950 7100 7250 7400 7550
Number of coefficients for prediction: 
5
Number of formants: 
3
Winner is:
4700 4700 4700
Errors (total,f1,f2,f3): 
439.5 449.2 468.9 496 520.9 523.8 561.3 553.4 555.4 574.7 579.5 566.3 537.7 528.1 524.3 527.7 546.6 552.8 584.3 624.7
103.3 99.6 101.4 104.8 107.7 111.7 128.5 136.4 143.9 147.1 147.8 156.9 160.5 167.2 173.4 178.1 184.3 187.3 193.1 202.2
180.1 184.1 190.1 197.7 197.7 192.5 197.5 185.4 175 176.1 180.3 181.7 174.8 184.4 183.6 185 192.1 194.3 201.3 210.1
156.1 165.5 177.4 193.5 215.5 219.6 235.3 231.6 236.5 251.5 251.4 227.7 202.4 176.5 167.3 164.6 170.2 171.2 189.9 212.4
Coefficients are (row-wise by formant):
579.2 134.6 -70.8 -105.5 29.2 29.3
1495.6 88.3 3.5 233.8 -136 -4.3
2075.3 -66.3 102 86 -64.8 -36.5
