Regression analysis information for: andalusian_match_interrogative-total-yn_David-leia-el-libro
number of formants: 3
number of coefficients: 5
82.5 333 249.8
434.9 14.6 5.3 -24.2 6.5 -28.9
1480.4 -29.7 -263.4 115.7 -144.8 -110.7
2355.1 25.6 -436 7.3 -13.7 -10.9
85.8 328.8 274.2
437.8 20.8 8.7 -20.4 17.5 -19.3
1546.8 -16.6 -304.8 116 -127.1 -109.9
2399.7 20.9 -371.6 0.7 7 0.1
85.8 362.6 294.7
434.5 19.6 7.6 -18.4 23.6 -9.5
1565.9 -7 -299.1 81.8 -64.9 -34.6
2451.4 36.3 -314.9 43.1 23.9 42.9
81.8 348.3 287.1
434.6 14.8 9.8 -18.4 30 -3.2
1588.4 -101 -369.9 124.3 17 45.6
2508.5 -12 -264.8 44.3 38.2 83.8
82.3 376.6 284
440.5 23.9 19.2 -12.4 27.4 -6.7
1661.1 -63.2 -402 114.9 -29.8 53.4
2567.1 -15.5 -223.2 35.8 46.1 88.9
93.2 357.9 205.2
447.9 21.9 31.1 -15.3 15.5 -13.4
1763.5 6 -353.5 159.8 -83.9 -5
2695.8 -33.8 -113 51.8 10 85.2
96.7 360.5 167.3
449.6 22 35.7 -18.5 7.5 -22.3
1793 43.9 -302.2 167.4 -152.5 -86
2752.1 22.4 -95.2 27.5 -6.3 37.6
99.5 357.4 145.9
451.3 29.6 47.2 -14 12.3 -22.2
1754.4 103.9 -152.6 125 -271.4 -126.5
2772.1 48.3 -54 19 -33.1 13.4
101.7 366.5 156.5
452.7 30.8 45.5 -20.7 18.9 -26.1
1825.6 127.3 -259.3 54.3 -204.2 -54.6
2808 53.8 -74.9 -3.2 -0.4 36
98.1 318.5 153.8
446.8 41.2 35.1 -15.7 17.1 -21.5
1916 119 -430 117.8 -84.6 -109.8
2845.8 69.1 -110.4 2 30.5 41.1
98.7 259.8 137.4
450.3 38.2 38.4 -19.8 33.7 -26.5
2009.9 127.7 -556.3 87.4 67.9 -42.4
2902.1 68.5 -143.6 -22.8 104.5 49.2
99.9 261.6 145.9
451.7 39.4 40.7 -19.1 39.4 -26.2
2030.1 132.1 -554.3 78.7 93.8 -31.8
2927.3 75.5 -132.1 -19 133.5 33.8
101.3 279.1 157.7
454.9 39.1 51.5 -17.3 50.4 -22.1
2048.6 108.7 -533.4 42.5 117.7 -26
2951.7 45.8 -101.2 -53.2 187.6 7.7
102 287.1 171
453.8 34 55.9 -19.1 52.4 -22.4
2099.2 135.9 -518.3 81.4 122.2 -10.1
2983.9 52.6 -79.6 -30.8 236.4 28.2
104.1 306.1 191.2
455.4 37 63.1 -15.8 53.5 -19.8
2152.2 189 -507 47.8 96.9 3.8
3026.5 65 -60.3 -59.4 224.9 39
107.9 324.4 211.6
458.7 40.8 71.1 -13 53.2 -19.5
2191.5 206.5 -465 14.5 92 25.4
3068.5 70.8 -13.7 -61.2 244.4 75.9
111.2 324.2 218.2
462.7 35.2 79.7 -18.3 56.3 -24.7
2208.8 183.1 -414.7 -19.8 93.3 42
3085.9 23.9 15.3 -94.3 245 65.3
117 322.8 220.5
469.8 40.1 93.7 -13.6 67.1 -20.5
2230.2 209.1 -361.7 -12.5 93 71.6
3120.3 43.7 83 -84.5 253 69
121.8 318.2 211.1
471.3 38.6 96.5 -16.5 69.3 -26
2249.8 215.5 -341.6 -6.6 88.7 75.5
3154.5 72.7 115.5 -82 266.1 64.7
122.3 308.5 204.5
472.9 36 96.1 -12.2 61.3 -13
2287 199.7 -321 5.5 77.9 93.4
3184.5 82.3 130.6 -76.7 262.6 71.5
winner is: 11
