Regression analysis information for: andalusian_statement_filler_Alberto-nunca-se-afeita
number of formants: 3
number of coefficients: 5
141.1 316.7 270.3
566.2 -82.8 60.5 56.3 71.9 -63.8
1343.6 -275 112.3 95.4 -98.9 3.7
2269.4 -220.6 -81.9 -27.5 21.9 20.8
143.5 316.1 246.9
577.3 -95.9 65.5 48.3 72.4 -73
1401.6 -281.6 106.9 61.1 -139.8 -33.6
2350.8 -277.3 -97.7 -52.6 -3.5 4.1
139.4 306.3 243.1
582.1 -98.9 66.3 45 68.9 -76
1468.4 -291.9 106 33.7 -147.1 -1.7
2434.5 -271.8 -104.6 -57.6 -2 -0.7
149.1 325.6 270.2
587.1 -77.6 87.9 46.9 82.3 -67.3
1503.4 -197.5 106.9 30 -177.5 -22.2
2513.2 -164.2 -77.7 -103.8 -46.4 -23.4
146.6 287.5 264.4
598.2 -57.6 107 62 95.3 -60.2
1585.1 -141.7 196 84.7 -150.9 3
2592.8 -89.2 13.6 -41.4 -18 -2.6
151.1 241 219.9
602.1 -54.3 100.3 70.5 88.7 -59.9
1664 -157.7 220.2 81.6 -165.5 48.3
2653.1 -62.1 20.9 -21.1 -20.3 5.6
152.5 259.4 224.7
594.8 -31.9 92 92.4 79.7 -42.4
1641.1 -54.7 201.5 58.3 -120.9 -32.4
2660.8 11.3 15.3 -39.3 22.9 -48.6
155 221 173.9
602 -40.5 91.1 80 88.1 -53.8
1691.5 -69.2 222.8 47.6 -195.6 7.2
2743.9 20.5 36.2 -41.3 10 -48.1
152.8 216.7 158.5
586 -47.3 58.1 76.4 60.2 -62.6
1693.3 -108.2 238.1 74.9 -258.6 38.6
2732.3 27.4 -10.9 1.5 -67.3 -28.4
163.6 220.3 150.3
606.4 -20.8 87 106.4 96.9 -37.6
1752.1 -80.7 242.3 98.5 -228.6 93.4
2803.7 51 6.3 23.5 -0.3 -0.2
171.4 243.5 166.3
625.8 11.5 121.6 140.7 134.2 -4.8
1780.3 -60.3 276.6 128.8 -186.8 133.6
2838.8 57.4 17.4 20.3 35.4 17.9
184.2 258.8 199.3
639.2 -8 122.5 149.9 136.8 -18.5
1782.9 -102.1 257.1 135.4 -182.2 80.3
2878.3 34.6 3.5 41.5 57.5 -20.1
203.3 288 235.2
654.9 -17.1 122.7 185.3 123.6 -9.6
1796.8 -136.1 236 177.1 -192.5 64.6
2917 -2.5 -33.5 75.1 35.9 -39.5
224.1 323.2 285.2
668.9 -36.3 121.7 201.2 104.8 -7.6
1828.5 -145.2 202.1 178.4 -156.2 87.9
2965.4 -48.2 -62.7 115.4 49 -62.3
232.7 351.5 332.2
678.3 -61.2 131.3 184.3 118.3 -20.6
1876.7 -155.3 155.8 168.5 -98.6 95.6
3029.3 -88.3 -75.4 147.9 69 -88.2
244.1 388.5 379.3
691.2 -75.2 141.4 179.8 121.8 -28
1919.1 -120 206.4 177.6 -106.5 77.1
3077.8 -109 -83.7 181.7 75.5 -108.6
265.7 406.6 431.4
713.5 -92.4 132 211 117.6 -40.1
1982.9 -98 176.5 140.6 -133.1 103.9
3163.6 -102.2 -83.6 210.9 91.4 -91.1
278.7 394.1 448.7
726.4 -100 133.2 208.1 117.4 -46
2040.7 -82.4 176.9 94.4 -183.8 119.1
3219.5 -90.9 -92.9 214 84.9 -101.9
302.4 409.1 477.7
765.1 -144.5 136.5 235.9 93.6 -47.4
2149.1 -92.5 112.3 81.6 -161.8 128.8
3325.8 -176.4 -92.3 262.9 38.7 -108.4
308.9 404.6 492
781.7 -164.8 157.3 219.1 96.9 -40.5
2211.4 -101.3 124.8 39.8 -171.6 147.8
3374.8 -209.4 -65.1 230.9 72.2 -128.3
winner is: 9
