Regression analysis information for: andalusian_match_declarative-broad-focus_Manuela-vende-el-carro
number of formants: 3
number of coefficients: 5
124.5 332.8 315.1
579.2 -96.8 113.7 -93.2 7.5 85.4
1382.4 -41.1 47.1 119.6 -21.1 39.4
2147.6 7.5 45 185.9 94.7 -88.6
123.5 339 338.7
590.7 -102 129.3 -96.7 14.2 80.7
1449.3 -57.5 42.1 124.5 5.3 29.9
2215.8 -20.6 75.7 184.8 123.8 -96.6
115 314.4 336.4
605.4 -121.9 141.9 -106.7 25.7 81.1
1512.4 -88.6 -9.5 130.2 82.5 -11.8
2271.5 -48.2 59 211.8 141.6 -114.9
119.8 317.9 349.8
611.2 -125.3 151.1 -111 28.3 76.2
1540.5 -104.5 8.4 145.2 40.9 -29.7
2325.1 -35.2 53.1 191.8 131.4 -136.8
126 300.1 347.2
617.8 -131.7 156 -110.7 23.6 94.5
1596.1 -127.3 -6.1 144.1 34.1 -3.7
2411.6 -41.9 19 179.1 130.3 -73.1
137.3 298.5 309.6
628.1 -102.3 152.2 -88.5 11.8 110.6
1624.6 -108.9 -9.5 160.4 34.6 41.1
2482.4 -52.7 48.7 211.4 137.7 -37.7
144.6 259.3 237.3
644.5 -89.1 159.5 -89.3 6.4 100.5
1700.8 -87.6 -66 164.7 74.2 18.8
2603.2 5 50.9 222.7 129.7 -46
153.6 226.2 211.7
652.5 -86.9 169 -94 9.5 85.2
1761.3 -91.1 -91.2 188.8 98.2 -46
2670 28.5 66.8 215 114.9 -78.9
155.4 226.1 192
661.9 -81.7 181.4 -98.3 20 75.4
1782.1 -78 -53.8 169.2 121 -42.9
2706.7 69.4 67.5 172.5 105.6 -94.8
160.9 231 186.4
664.2 -71 187.9 -90.3 22.5 78.2
1800.6 -45.5 -51.2 202.4 137.4 -41.7
2739 106.3 79.8 186.8 104 -86.8
161.7 237.9 200.2
662.5 -65.2 192.6 -85.2 29.8 83.4
1808 -22.3 -64.1 212.9 152.7 -33.3
2754 147.5 69.2 180.2 124.8 -114.9
158.3 237.4 200.4
647.6 -74.8 179.1 -95 23.8 74.7
1808.1 -29.2 -78.2 197.5 156.6 -33
2759.7 154.2 40.6 162.2 106.4 -119.1
156.3 245.7 205.7
648.9 -67.2 194.9 -85.5 33.2 79.4
1828 -19.6 -74.9 214.8 178 -39.1
2788.6 140 53 178.4 101.6 -93.6
156.8 248.2 227.6
647.2 -78.3 207.3 -88.9 39.8 79.3
1862.3 -55.6 -57.8 211.7 225.1 -82.9
2822 125.6 80.8 183.7 128.6 -109.1
165.6 233.4 241.9
671.1 -53.8 247.9 -69.7 61.4 85
1920.3 -68.3 -41.7 252 272.7 -134.1
2863.3 136.1 140.1 214.7 134.9 -107.7
171.5 248.9 252.5
687.3 -28.2 278.7 -49.8 75.7 93.4
1938.1 -69.1 1.2 256.5 274.8 -130.8
2900.7 151.5 187.9 233.9 153.4 -102.8
180.6 262.1 285.7
702.7 -16.7 295.5 -23.8 81.6 109.1
1967.6 -55.6 24.1 296.4 279.5 -100.5
2933.2 161.2 200.6 310.9 189.1 -60.4
185.3 269.1 286.2
703 -35.4 280.9 -21.8 61.6 107.4
1957.8 -68.1 38.8 270.2 255 -81.3
2956.2 143.7 181.8 327.2 157.6 -74.3
197.5 272.6 293.8
715.6 -43.5 279.5 -4.8 51.2 110.3
1966.3 -52.8 63.2 263.2 246.3 -76.6
2987.8 142.7 195 311.2 158.3 -59.7
202.3 291.5 301
728.4 -47.2 292.9 7.4 53.9 131.6
1990.2 -48.2 106.3 262.6 246.4 -51.9
3013.7 140.2 220.6 306.5 174.2 -35.8
winner is: 9
