Regression analysis information for: andalusian_mismatch_declarative-narrow-focus_Mi-novio-viene-del-lago
number of formants: 3
number of coefficients: 5
90.1 281.6 250.3
459 -81.6 -16.3 24.2 -15.5 24.2
1475.2 149.5 -206.5 96.9 253.7 -60.2
2356.4 -39.6 37.3 95.8 35.1 7.4
89.7 333.1 262.5
453.4 -85.9 -13.9 23.1 -19.6 15.4
1460 169.5 -110.1 149 214.1 -117.1
2405.8 -40.8 50.5 114.1 52.1 -23
89.7 333 270.5
456.1 -94.4 -15.1 33.6 -32.6 19.3
1480.5 156.6 -90.9 226.1 197.9 -125.1
2452.9 -56.5 52.5 172.7 89.6 2.1
88.2 378.6 272.7
452.9 -103.1 -15.6 27.1 -34.3 10.4
1494.2 159.5 -91.9 186.4 115.1 -94.5
2483.3 -57.8 69.1 139.1 47.6 51
86.2 378.7 270.8
453 -101.2 -17.6 27 -38.8 10.3
1560.3 211.3 -172.2 86.7 70.8 -71.7
2533 -44.3 14.4 94.7 55 56.2
87.6 298.6 235.5
455.3 -98.6 -20.2 24.7 -37.6 7.9
1643.5 291 -241.2 52.8 90.9 -102.2
2600.3 -5.7 -25.8 68.6 56.5 24.2
89.7 270.3 181.4
462.7 -97.7 -16.1 18.5 -34.7 1.8
1689.8 318.8 -245.9 17.9 103.7 -126.1
2655.6 47.5 -11.5 13.6 -3.2 -24.9
92.8 258.5 145.9
464.3 -98.4 -15.8 17.3 -38.9 -1
1717 336.9 -238 4.8 108.7 -143.8
2714.6 64.8 -6.2 -6.8 -41.5 -83.9
90.6 268.3 143.2
466.2 -111.9 -5.9 12.8 -39.2 2.7
1772.5 278.1 -206.3 -27.3 156.6 -152.1
2762.2 27.2 -12.1 -12.9 -3.6 -96.9
94.6 287.2 151
471 -114.3 7.9 20.6 -31.6 17
1808.8 244.4 -176.1 -33.4 188.1 -149.1
2815.4 -18.3 9.3 -0.8 10.9 -90.5
112.1 311.8 172.9
488.1 -103.7 44 43 -7.1 48.1
1843.7 195.1 -105.3 -53.7 224.1 -151.5
2854.9 -42.2 47.3 19.5 39.6 -72.1
130.6 325.8 197.2
501.5 -91.7 68.5 63.9 11.3 69.9
1851.6 161.7 -78.6 -76.6 272.2 -183.3
2878.8 -59.4 97.5 14.3 72.7 -64.7
152.8 342.9 208.8
519.2 -71.2 100.9 90.6 36.6 98.3
1877.5 145.5 -52.8 -71.1 295.7 -170.1
2919.3 -78.8 144.5 30.3 96.8 -40.2
150.5 347.3 198.8
521.2 -88.6 99.6 82.8 27.4 95.3
1897.2 120.3 -40.9 -83 301 -178.3
2947.6 -125.5 163.3 20 101.7 -43.6
165 370.9 213.9
533.8 -78.4 119.9 98.8 40.3 113.2
1932.3 94.2 -6.3 -91.3 307.6 -168.9
2995 -176.6 214.8 14.1 111.7 -26.6
173.7 400.7 238.7
541.8 -72.4 129.2 113.1 40.7 129.5
1989.9 22.7 27 -71.7 245 -98.2
3048.7 -234.3 259.6 25.2 88.5 24
174.5 394.3 247.2
554.3 -82.6 139.3 123.2 29.9 148.8
2054 -3.5 74.8 -40.8 207.6 -47
3101.9 -252.4 295.7 56.9 67 65.2
178.9 394.8 236.2
554.2 -56.2 142 138.9 42.5 155.5
2079.1 91.1 94.6 1.3 243.5 -59
3136.5 -210.9 324 84.4 91 72.7
179.1 381.3 252.5
564.2 -56.1 153.3 145.4 42.1 165.2
2153.5 24.7 119.1 -4.2 178.4 -35
3203.4 -247.2 362.5 90.5 41.2 106.1
183.8 355.9 270
567.6 -47.8 156.4 152.8 44.7 170.6
2216.4 25.9 150.2 22.1 179 14.9
3269.9 -256.6 396.8 130.4 11.9 150
winner is: 8
