Regression analysis information for: andalusian_match_interrogative-total-yn_Manuela-vende-el-carro
number of formants: 3
number of coefficients: 5
139.8 294.7 285.6
547.6 -26.2 23.4 39 -76.6 9.9
1293.9 37.7 44.3 82.9 -49.9 -44.5
2067.1 -36.6 42.4 85.7 104.2 -24.1
139 288.2 323.3
552.9 -35 24.5 37.5 -88.5 13.7
1364.6 27.5 -36.7 80.7 20.3 -48.3
2174.2 -31.9 -12.1 83.9 108.6 -42.7
136.2 265 345.4
560.5 -31.2 24.1 35.4 -97.1 4.3
1412.4 19.9 -84.8 99 31.2 -87.6
2255.1 -25.6 -64.7 74 94.3 -79
134 254.8 346.3
570.8 -29.4 23.3 32.9 -105.8 -2.3
1449.7 12.1 -88.7 90.5 17 -120.5
2347.6 26.1 -40.9 44.7 49 -138.1
139.7 250.8 322.5
579.3 -33.5 24.9 28.7 -111.1 -5.6
1486.8 3.8 -98.9 95.7 38.3 -128.4
2413.9 50.6 -33.8 48.1 89.1 -132.9
141.9 247.5 282.1
582.2 -34 24.1 26 -114 -9.7
1531.4 36.6 -122 59.4 22.9 -102.5
2501.1 109.6 -81.2 -17.1 92.8 -105.8
145.9 192.1 199.1
587.5 -31.1 14.5 26.3 -120.4 -10.9
1586.3 66.6 -174.6 21.1 61.8 -78.8
2581.5 166.7 -142.2 -58.4 110.2 -90
148.6 173.9 167.1
587.9 -34.9 10.5 21.8 -121.4 -12.1
1609.5 74.2 -182 13.4 79.8 -75.9
2620.2 186.3 -141.2 -60.2 103.3 -119.6
151 164.7 160.7
591.7 -30.7 16.8 23.4 -115.7 -10.6
1632.2 78.6 -196.8 23.4 108.8 -80.2
2643.6 183.9 -118.4 -65.4 114.8 -119.2
153.7 180.5 188.7
596.3 -35.2 36 16.2 -94.9 -14.5
1655.9 65.2 -152 1.9 155.7 -93
2678.6 154.9 -51 -105.9 159.8 -129.8
151 186.1 202.9
595.6 -39.8 44.8 19 -88.3 -9.3
1692.8 42.7 -159.6 4.4 209.5 -109.3
2720.6 126.9 -10.4 -132.4 208.7 -147.7
150.2 190.4 214.4
594 -47.3 53 25 -81.9 -0.5
1713.3 26 -134.6 6.7 234.9 -109.6
2780.8 94.7 51.7 -112.3 241.7 -126
150.9 202.3 217.9
596.1 -43.4 67 44.1 -75.2 19.3
1724.4 7.2 -85 32.7 212.5 -61.2
2822 40.3 85.7 -76.7 252.5 -73.6
155.2 216.9 216.7
604.1 -34.4 88.3 55 -58.3 29.7
1728.8 -6.9 -8.5 61 200.7 -32.4
2845.7 -9.6 147.4 -61.1 297 -41.9
151.2 220.1 204
607.5 -32.9 91.9 59.9 -62.7 34.1
1755.3 -3.4 -27.3 81.2 196.8 -65.7
2874 28 146.6 -54.3 257.5 -82.1
149.6 227.6 202.3
605.8 -38.2 87 54.1 -71.5 28.4
1770.5 -1.3 -35.1 92.8 203.4 -72.4
2901.7 30.4 152.2 -37.2 254.3 -97.8
153.7 238.1 207.3
607.5 -33.6 92.2 57.6 -65.1 30.9
1782.1 5.7 -42.7 92.5 221.7 -77.1
2921.2 32.8 153 -41.4 266.3 -107.5
159.8 251 218.7
607.2 -36.4 89.7 52.4 -68.1 26.5
1806.9 19.1 -53.8 73.6 241.1 -86.6
2954.7 34.3 157.8 -63.3 279.2 -121.7
184.5 277.7 241.6
643.9 21 106.8 37.1 -89.2 19.6
1845.9 82.8 -31.1 81 281.4 -80.9
3008.1 109.2 216.2 -27.3 315.9 -116.4
195.4 283.6 254.4
656.1 38.2 99.8 13.7 -108 22.2
1858.8 84.6 -30.2 87.5 305.9 -76.4
3037.4 143.5 236.4 14.4 366.2 -102
winner is: 9
