Regression analysis information for: andalusian_mismatch_interrogative-total-yn_El-bebe-comia-muy-bien
number of formants: 3
number of coefficients: 5
64.4 336.9 225.7
461.5 29.1 26.3 -12.7 53.8 50.3
1523.6 -20.4 184 -117.1 -258.5 -31.3
2312.3 -81.4 141.2 79 14.6 49.5
66.3 331.7 236
468.9 41.7 28.1 -7 67.4 64.7
1645.2 -21.9 230.6 -120 -255.3 61
2409.3 -87.4 114.3 70.8 -5 114.6
64.3 441 247.2
467.7 46.4 26.3 0.3 70.4 68.7
1640 -70.7 249.4 22.9 -205.9 56
2473 -76.8 93.5 76.2 -29.2 130.7
59.9 461.9 277.1
461 45.6 26.3 1.9 64.4 74.1
1509 -130.1 285.9 93.3 -149.1 44.4
2489.2 -71.8 120.5 61.8 -37.5 153.8
58.9 424.6 271
461.1 42.3 26.4 4.1 65.1 79.2
1499.4 -228.2 270.5 140.4 -110.8 147.3
2515.5 -122.9 112.8 74.8 -10.3 194.5
61.4 413.2 236.2
463.2 42.5 23.8 5.3 61.6 87.7
1566.8 -253.9 226.9 98 -174.7 262
2556.8 -128.4 54.6 64.7 -11.4 246.5
68.4 380.7 199.9
478.8 37.5 1.6 22.2 71.2 68.7
1745.8 -277 174.7 137.9 -218.6 202.2
2679.1 -129.5 -44.7 112 -24.4 173.7
72 329.2 174
488.3 40.4 -5.8 24.9 78 68.9
1892.6 -210 150.9 85.9 -248.2 103.8
2771.4 -77.4 -19 85.2 -30.2 116.9
71 269 128.5
492.6 46.9 -0.5 29.2 82.3 65.2
1991.8 -116.3 251.2 103.5 -234.1 32
2842.5 -39.2 41.9 66.8 -17.9 55
70.2 270.2 101.2
492.4 50.2 3.4 28 86.1 63.9
2034.5 -102 247.9 131.1 -190.7 24.6
2892.5 -68.1 87.6 43.3 41.3 27.2
69.3 277.2 90.2
488.8 47.2 11.9 19.7 88.5 60.3
2063 -96.3 242.4 143.2 -181.3 2.6
2922.1 -92.2 102.7 17.4 55.8 -8.6
65.9 277.6 98.7
482.3 48.7 23.2 14.3 87.9 62.9
2083.8 -80.7 257.5 158.4 -174.4 10.3
2941.3 -82.8 110 26.8 70 2.2
59.3 278.4 98.9
471 45 25.8 7.4 78.6 61.5
2088.6 -68.8 282.2 177.5 -184.4 1.4
2946.8 -73.1 133 46.7 60.4 -10.8
57 283.4 108.7
466.3 48.2 25.3 4.9 76 67.2
2088.1 -69.9 285.9 178.2 -188 7.8
2951.1 -73.6 134.5 50.1 57.7 -9
56.4 292.5 122.3
463.5 50.6 24.2 5.7 75.1 69.8
2078.8 -58.8 294 168 -180.8 20.1
2946.7 -73.9 133.1 53.7 60.4 5.1
58 296.5 136.1
464.1 50 19.4 0.7 78 72.5
2071.8 -47.5 299 151 -168 46.8
2939.5 -66.6 128.9 37.5 74.5 31.4
64.7 289.9 152.8
471.2 58.7 22.5 5.4 90 83.9
2099.7 -31.7 298.3 173.6 -145.8 80.6
2964.7 -40.6 136.4 63.7 121.4 79.4
68.1 296.2 156.8
474.1 61.4 23.1 7.3 94.7 87.5
2119.9 -19.3 298.8 171.5 -129.5 104.8
2985.9 -20.3 151.8 58.9 135.4 105.9
69.4 294.1 177.8
476.7 62 16 3.4 96.6 91.8
2159.5 -30.3 252.9 161.1 -109.7 113
3040.3 -23.8 95.7 48.1 172.6 103.9
69.8 292 201.1
476.5 64.1 9.1 5.4 94.4 94.6
2195.9 -36.4 226.2 141.2 -91.2 125.8
3099.2 -32.1 58.7 18.6 217.1 103.4
winner is: 13
