Regression analysis information for: andalusian_mismatch_declarative-narrow-focus_La-nina-lava-el-plato
number of formants: 3
number of coefficients: 5
134.2 309.7 263.7
619.8 -12 145.3 103 128.8 -44.4
1289.6 90.1 316.2 52.2 248.1 64
2203.3 202.2 202.6 -211.9 132.5 198.2
142.5 352.1 338.5
641.4 -41.3 123.2 107.2 90.7 -63.6
1380.8 66.9 293.9 5.6 123.3 3.2
2319.7 147.6 187.4 -209.4 26.5 121
142.8 362.9 364.8
657.5 -43 104.1 116.6 59.1 -67.3
1474.4 111.5 238.5 -16.7 51.4 14.9
2412.7 118.5 151.2 -151.2 -3.5 68.1
138.8 336.2 328.3
661.3 -56.8 100.3 137.2 57.7 -52.9
1500.4 88.2 280.1 95.2 66.8 19.6
2518.1 73.4 99.8 -47.7 45 12.8
135.6 307.6 271.6
676.8 -58.3 110.8 145.5 61.7 -34.5
1597 113.9 267.3 65 27.8 129.9
2589.4 83.7 146.6 -12.2 24.6 102.5
136.3 279.8 227.5
690.2 -60.6 110.2 150.9 42.1 -29.6
1681.3 132.5 251.1 -3.6 -58.4 136.3
2658.7 75.5 144.3 -15.5 6.3 85.3
136.6 278.7 201.2
692.9 -59.7 112.2 151.2 35.3 -31.2
1699.7 144.2 256.4 -27.3 -99.5 127
2694.5 82.9 139.4 -8.2 -19.4 42.5
140.1 234.1 164.1
703.1 -65.4 110.6 136 23.6 -48.8
1789.6 192.9 220.7 -116 -132.8 106.3
2756.5 99.5 145.8 -24.8 -34.7 -2.8
143.8 251.6 175.9
698 -66.8 103.8 125.3 28.8 -52.7
1800 183 190.5 -133.6 -80.8 121.4
2780.2 93.4 135.4 -39.4 5.5 -9.2
144 244.8 190
694.2 -66.5 101.6 116.6 33 -51.2
1860.2 202 92.5 -212.6 20.1 184.9
2826.1 78.5 101 -81.7 53.8 7
144.8 230.6 184.4
691.7 -74.6 96.5 108.6 44.9 -50
1886.5 215.9 64.4 -255.9 34.9 185.1
2868.9 58.8 99.9 -132.6 94.9 -17.1
152.2 228.9 190.7
698.4 -64.5 99.8 99.2 40.1 -57.7
1908.7 231.2 62.4 -283 34.7 167.6
2906.1 79.4 89.6 -171 93.6 -14.2
162.4 253.9 205
701.7 -81.4 105.6 98.1 35 -46.4
1892.6 212.1 112.7 -230.6 18.4 113.7
2929.7 90 99.4 -185 88.8 -21.4
177.1 265.9 201.5
704 -83.1 118.3 98.3 42.2 -26.2
1888.2 179 148.6 -185.1 48.8 109
2928.8 43.4 136.2 -155.8 121.3 -30.9
205.4 286.7 219
726.8 -48.3 163.2 142.1 76.5 19.4
1908.4 193.5 199.9 -156.6 54.8 122.3
2951.1 58.3 189.1 -104.4 123.4 9.2
218.4 296.8 231.1
756.8 2.7 221.3 194.9 124.6 62.8
1954.5 215.8 221.1 -164.8 66 171.5
3008.5 63.4 240.6 -120.1 158.4 31.8
216.8 292.2 247.6
782.7 43.8 273.2 230.2 168 92.9
1988.1 213.2 217.5 -196.9 79 193.6
3059 88 252.7 -164.4 182.2 66.1
216.8 279.4 256.8
794 55.8 287.9 245.3 178.3 94.4
2021.6 223.9 194.9 -235.4 88.3 236
3100.7 89.2 251.7 -190.8 179.8 93.9
216.7 253.6 261.6
800.8 65.9 289.8 251.4 189.2 76.3
2069.4 226.8 178.9 -287 98.4 297.6
3142.7 92.2 251.7 -221.8 176.1 106.4
222.5 243.1 272.4
808.2 68 295.6 257.6 192.1 70.6
2112.9 221.4 152.5 -290.4 112.4 294.4
3181.5 95.8 246.7 -229.6 178.9 101.1
winner is: 8
