Regression analysis information for: andalusian_match_declarative-broad-focus_David-leia-el-libro
number of formants: 3
number of coefficients: 5
94.1 264.7 246.2
499.6 -27.5 112.6 -54.2 91.2 -37.8
1599.8 -15.3 -29.7 -18.9 24.2 -11.8
2534.6 -113 -135.2 53.7 123.2 83.3
95.7 289.1 243.1
500.9 -26.5 115.2 -51.7 90.4 -36.3
1654.8 36.6 -19.4 -26.2 21.1 -30.2
2566.9 -84.8 -95.9 83.1 100.2 67.8
97.9 332.1 247.5
497.8 -20.3 115 -44.6 91.2 -29.4
1672.3 72.1 22.2 -17.1 90.3 14.1
2600.9 -64.6 -61.8 93 119.7 107.8
98.2 350.9 242.1
496.1 -11.5 115.4 -35.9 92.9 -21.6
1672.9 69.7 21.8 18.3 154.7 50.8
2628.3 -60.7 -56.3 111.1 147.5 129.3
98.3 353.3 238.3
496.5 -12.5 120.3 -37.8 94.8 -22
1706.6 77.4 27.1 19.1 154.2 44.2
2669.9 -52.5 -62.7 84.5 136 118.7
99.5 363.3 216.1
500.6 -9.2 128.7 -42.6 94.7 -29.2
1772.8 68.7 -1.4 33.3 115.7 33.4
2741.2 -11.4 -67.3 51.4 105.6 69.5
103.3 370.5 184.9
507.6 -9.6 140.3 -42.1 95.2 -35.9
1786.4 -10 52.1 128.6 55.9 -54.9
2798.9 20.3 -18.1 32.3 80.5 9.3
106.3 368.1 168.7
514.9 -29.5 151.2 -61.9 101.5 -52.6
1819.1 -34.6 51 108.8 45.9 -89
2843.1 22.8 8.6 7.4 83.3 -19.6
107.2 391.7 176.5
517.5 -34.3 156.9 -69.5 100.5 -62.7
1870.6 -7.8 56.5 25.8 -13 -79.3
2865.5 32.2 36.1 -35 39.4 -25.4
107 357.1 163.2
511.3 -42.7 151.1 -73.9 93.6 -69.2
1987 24.4 -114.6 -83.8 47.1 30.6
2913.6 29 -6.6 -86.2 64.1 9.6
107.5 278.7 134.8
514.2 -23.5 146.8 -65.2 91.3 -61.1
2108.2 80.2 -270.7 -136.3 92.3 96.6
2949.2 39.8 -38.8 -78 91.9 21.9
118.2 287.6 153.4
535.4 4.8 182.8 -39.5 117.7 -41.9
2153.4 132.3 -235.9 -79.2 161.6 90.5
2989.9 86 8.5 -24.4 126.6 46
122.9 279.9 170.4
544.5 8.8 199 -28.3 128.1 -24.3
2189.5 116.7 -203.6 -91.7 218.9 98.2
3035.6 85.4 58.8 -16.5 152.3 63.1
125.2 273.8 172.5
549 9.6 207.8 -24.3 132.9 -20.6
2227.7 117.2 -188.8 -81 261.3 95.8
3067.8 100.9 100.6 -19.8 180.3 78
133.8 278.4 178.1
557.5 21.9 222.7 -15.5 135 -21.5
2269.7 106.6 -170.9 -48.3 258.9 107.5
3103.2 98.7 143.7 -21.3 194.1 100.5
147.1 291.6 203.6
581.1 34 266.1 -9.1 158.6 -27.5
2327.5 74.7 -130.4 -2.9 251.9 122.8
3153.6 87.5 198.4 29.1 189.4 113.3
154.7 290.4 210.1
593.3 28 288.5 -12.5 166.7 -30.7
2362.3 33.5 -105.8 15.3 220.1 144.9
3190.8 48.3 237.5 50.4 176.3 124.1
155.6 283.4 210.4
599.4 -5.9 302.4 -42.4 176.8 -54.4
2397 -17.4 -49 -5.6 220.6 125
3219.3 -5.3 298.3 27.8 184.5 83.3
157.7 283.1 234.7
608.5 -29.3 312.2 -54.4 173.9 -64.6
2432.7 -55.3 -5.7 -9.5 195.4 131.5
3257.2 -27.4 353.9 33 165.2 80.3
181.4 290.8 260.3
632 9.4 350.5 -32 191.2 -62.5
2468.9 -50.7 16.6 12.1 177.4 129.3
3304 4.7 393.4 64.5 163 85.1
winner is: 11
