Regression analysis information for: andalusian_match_declarative-narrow-focus_Marta-abre-el-regalo
number of formants: 3
number of coefficients: 5
183.6 275.8 229.3
542.4 97.8 50.7 -8 -0.6 16.3
1349.9 73.4 209.9 57.2 207.1 0.9
2153.8 -77.8 164.8 15.3 278.5 0.4
181.2 271.2 260.5
563.7 108 34.9 -19.7 -27.1 -9.2
1415 96.6 175 21.1 220.6 -48
2238.6 -42.2 144.8 18.2 281.2 -46.7
187.8 251.4 258.5
569.9 99.9 28.1 -15.8 -38.7 -27.9
1485.3 67.3 93.5 53.7 209.4 -93.1
2314.1 -63.4 107.8 72.4 252.2 -101.2
186.2 247.5 273.2
567.2 98.3 19.5 -16.9 -44 -30.6
1516.9 75.1 89.1 64.9 198.2 -108
2374.3 -25.8 110.5 74.1 184.6 -130.7
200.5 237.7 267.1
577.4 98.4 29.3 -2 -46.2 -43.2
1570.5 58 92.7 127.3 163.9 -107.2
2450.2 -62.1 141.2 137.7 143.5 -127.5
198.3 231.4 269.3
572.7 97.1 0.2 -2.1 -62.9 -26.3
1596.6 74.5 54.6 136.5 159.8 -58.6
2498.6 -62.6 104.7 121 134.7 -65.1
219.1 239 266.4
612.4 129 17.5 8.4 -19 -12
1636.7 62.2 55.5 95 189.8 -61.8
2558.8 -45.5 95.9 80 165.5 -41.4
233.6 244.9 243.3
627.8 136.1 55.6 22.6 13 2.6
1689.8 44.3 122.3 41.9 195.8 -59.4
2622.5 -16.9 112.3 10.6 170.1 -1.9
244.1 229.1 198.5
667.5 171.8 88.4 36.3 49 9.1
1759.6 59.2 169.3 -8.2 205.5 -75.4
2727 70.6 143.5 -43.5 120.9 -5.7
248.7 225.2 201.4
679.2 159.6 88.8 29.2 53.6 7.1
1792.3 16.4 203.9 -63.9 243.4 -93
2756.3 51.5 164.4 -65.4 114.9 -20.5
264.5 238.3 212.5
697.3 156.9 75.8 37.8 81.7 -13.7
1812.4 14.7 216.4 -62.5 263.1 -106.7
2793.3 47.4 192.5 -82.6 117.2 -42.5
279.2 256 231.9
707.7 160.1 96.7 51.4 97.8 -26.1
1839.4 4.8 232.3 -56.7 280.6 -113.1
2828.8 46.6 218 -81.8 141.3 -43.1
282.3 261.9 242.7
699.1 183.9 76.3 86.6 106.5 -35.2
1847.2 1.5 236.4 -39.4 279.1 -121.4
2838.8 72.8 222.9 -54.3 142.6 -41.2
268.5 267.6 250.8
682.9 171 97.3 66.7 84.6 -33.1
1867.5 11.5 247.5 -19.8 294.5 -125
2866 72.5 270.3 -56.3 151.4 -37.4
272.6 280.6 267.6
680.3 129.1 106.6 51.3 69.9 -25.9
1887.5 -38.1 250.5 -36.6 312 -116.7
2894.8 24.8 302.1 -74.9 162.8 -40.9
300.8 290.2 293.1
719.9 128.2 136.9 72.5 110.4 -22.2
1944.6 -44.6 271.9 -38.8 361.9 -102.3
2964.2 9.6 346.5 -63.6 208.5 -35.8
322.6 298.9 307.6
748.6 101.2 131.7 76.2 157.8 -32.9
1967.9 -83.7 252.6 -37.4 393.8 -83.6
3029.2 -40.8 320.6 -82.2 279.5 -16.8
323.6 281.1 316.1
776.4 125.9 103.4 94 190.5 -19.5
2034.4 -70.6 222.5 -30.5 428.1 -44.6
3095.2 -34.4 279.8 -78.1 328.2 11.1
329.3 272.6 322.5
788.8 120.4 113.5 100.7 184 -14.5
2070.1 -86.3 225.8 -15.5 418.8 -43
3152.9 -67.5 311.4 -75.9 330.5 14.5
363.2 287 362.5
826.5 108.3 144.4 99.5 209.8 -23.9
2109.2 -80.4 247.2 -28.4 425.8 -57.4
3232.8 -79.8 341.8 -84.1 365.7 -2.3
winner is: 9
