Regression analysis information for: andalusian_mismatch_declarative-narrow-focus_Mi-tia-odia-la-lluvia
number of formants: 3
number of coefficients: 5
98.7 339.9 257.6
507.2 -126.6 7.3 -116.1 3 50.2
1449.3 -298.9 193 236 -2.3 25.3
2353.6 -72.8 236.6 224.8 -61.7 -243
103.4 369.7 284.7
505.8 -112.2 -5.5 -118.7 12.2 35.3
1550.2 -148.5 231.8 260.8 -6.9 -92.5
2425 -33.1 214.9 219.5 -71.1 -228.4
107.6 375.9 310.5
507.4 -101 -12.7 -121 5.5 35.6
1637.7 -82.1 205.5 173.4 -56.5 -170.7
2469.3 -16.9 186.9 152.8 -32.2 -180.6
120.8 357.6 288.4
512.6 -104.9 -10.4 -115.8 -12.8 48.4
1697.2 -73.1 177 141.7 -124.9 -239.4
2513.8 -79.3 155.5 209.8 -55.5 -202.5
128.4 356.9 288.5
513.8 -100.4 -15.1 -117 -15.9 49.3
1778.8 -12.6 201.3 133.8 -168.2 -278.5
2610.5 -47 141.8 145.1 -97.5 -213.8
132.9 347.2 224.6
513.4 -91.3 -20.2 -110.2 -21.3 57.7
1821.5 19.1 199.5 180.9 -141.3 -238.1
2721 21.4 72.1 71.4 -133.4 -134
132.6 325.6 213.5
516.3 -92 -16.1 -119.8 -17.9 49
1888.6 93.6 178.6 116.6 -151.9 -272.3
2760.2 67.8 63.7 45.5 -116 -120.7
122 325.6 199.9
511.2 -77.5 -30.9 -122.8 -18.5 45.4
1925 111.6 128.7 71.2 -145.4 -263.6
2802 89.4 24.3 11 -103.5 -101.1
116.6 305.9 196.3
509.5 -63.8 -23.3 -122.6 1.4 37.3
1959.3 130.9 134.3 71.9 -119.4 -294.9
2826 113.8 11.3 17.8 -92.2 -99.3
118.7 306 204.6
509.6 -57.8 -12.2 -120.5 14.2 37.1
1977.8 120.7 143.5 84.4 -85.2 -306.8
2861.6 111.1 48.9 18.3 -67.8 -115.3
124.2 313.4 218.5
510 -61.4 0.8 -121 23.1 37.2
1980.6 123.4 161.8 92.7 -66.5 -307.4
2885.6 96.5 80.4 4.8 -43.3 -128.6
128.3 323.5 222.9
508.5 -64.7 9.2 -119.1 26.1 37.7
1976.1 129 207.6 94.1 -77.5 -344.1
2904.1 92.9 116.5 -9.2 -40.9 -161.8
130.3 332.9 230.1
509.1 -75 16.2 -124.5 27.5 37
1979.7 99 175 73.9 -74.8 -367.1
2918.2 89.3 137.2 -13.7 -36.4 -179.7
138.8 347.4 222.4
510.1 -72.9 22.9 -118.9 31.2 43.9
1972.2 79.5 170 46 -75.7 -375.2
2925.8 70.3 159.2 -10.1 -36.4 -180.9
137.4 332.1 222.2
506.7 -75 21.5 -118 26.9 51
1999.9 112.2 207.7 73.7 -81.4 -377.5
2963.8 73.2 164 6.1 -29 -170.5
159.7 324.1 233.7
523.5 -76.3 52.7 -114.2 54.7 64.1
2059.5 106.7 222.3 117.3 -85 -345.6
3033 62.1 192.1 9.2 -25.6 -135.8
171.7 295.1 218.9
534.9 -66.6 64.5 -97.9 60.2 88.3
2129 113.8 253.7 177.6 -83.4 -333.1
3107 65.6 217.7 47.2 -30 -97.7
176.7 288.9 217.8
541.4 -83.2 62.1 -113.5 55.7 87.5
2163.8 102.3 270.9 190.4 -63.7 -333
3173.8 40.9 219.5 33.9 3.7 -71.5
204.2 307.9 237.6
574.9 -133.5 83.2 -127.3 35.7 127.9
2216.2 95 269 176.6 -41.1 -272.4
3245.5 24.5 203.1 -16.4 40.3 -5.7
219.3 309.7 250.9
587.6 -125.3 89.3 -128.8 24.6 130.2
2227.5 111.2 263.3 150.8 -11.3 -285.6
3277.7 40.2 192.9 -55.9 59.1 -10.2
winner is: 9
