Regression analysis information for: andalusian_match_interrogative-partial-wh_Cuando-leia-el-libro
number of formants: 3
number of coefficients: 5
78.5 317 289
459 51.2 15.2 0.7 18.6 19.8
1423.7 -47.1 -258.7 -48.9 54.7 94.5
2334.1 -51.1 -302.1 69.9 119.4 51.4
75.1 313 296.9
481.2 63.6 38.1 -11.5 15.3 -8.3
1499.6 -26 -246 -67.6 58 40.4
2402.8 -34.3 -215.3 38 91 -20
75.7 344.8 283.2
485.9 58.7 49.3 -15.4 14.1 -15
1544.6 -57.4 -274.3 -61.1 66.3 72.2
2444.3 -89.6 -179.2 13.3 123 2.2
77.2 341.9 273.7
486.5 42 50.5 -27.1 10.3 -20.7
1551 -54.6 -269.1 -145.4 90.2 142.2
2513.5 -102 -187.2 -24.4 125.8 56.2
83.7 375.9 266.7
487.6 49.3 57.2 -13.4 13.6 -13.5
1570.6 -85.8 -244.5 -56.4 60.7 104.9
2565 -93.1 -167.4 13.8 117.4 57
82.8 313.6 192.8
488.6 63.6 51 -6.3 15.1 -3.3
1670.2 -9.9 -334.5 -93.1 126.6 138.9
2677.7 15 -154.2 -0.6 76.2 50.6
89.5 270.6 146.1
485.9 62.4 47.4 -3 25.7 -4.6
1779.3 -16.2 -448.6 -40.7 153.6 70.2
2749.8 56 -150.1 16.7 46.7 -5
91.8 280.8 141.1
482.8 69.2 48.7 6.6 38.8 0.8
1815.3 -8.8 -472 24.6 176.5 55.8
2777.1 77.1 -126.4 80.4 93.1 27.1
94 285.9 155.6
488.4 81.5 63 18.8 56.4 6.6
1834.7 0 -471 54.8 226.2 53.1
2779.4 75.6 -102.6 103.9 152.1 49.4
105.5 318.8 161.4
497 59.8 82.2 -1.6 75.5 -13.5
1831.6 -29.7 -415 68.8 229.1 57.5
2802.2 75.8 -78.6 86.8 160.3 42.6
105.5 324.1 168.7
497.1 55.4 86 -5.1 78.7 -17
1843.2 -35.2 -419.5 80.6 238.8 55.4
2817.9 80 -72.4 69.4 172.9 30.2
108.4 343.6 184.9
501.6 37.3 99 -18.4 85.6 -21.6
1879.7 -100.5 -381.6 30.6 284.5 7.2
2853 45.4 -38.1 34.6 188.7 5.3
112.7 320.2 194.7
503.8 18.8 108.5 -33.7 90.9 -29.6
1933.6 -103.2 -422.6 1.1 306.6 -53.4
2893.6 32.6 -4.7 -16.9 185.6 -27.6
110.2 306.5 194.1
512 -7.2 123.7 -54.7 94 -39.5
1995.3 -169.3 -389.7 -27.1 349 -99.5
2949.8 -23.8 59.4 -70.2 191.7 -44.5
113.5 313.2 200.4
520.7 -31.9 140.1 -66 97.6 -34.7
2021.2 -215.4 -359.4 -35.6 321.7 -59.2
2973.6 -75.9 97.3 -83 193.8 -11.2
112.1 307.4 189.9
530.6 -55.6 159.3 -80.4 108.8 -35.8
2057.3 -233.1 -331.5 -65.3 319.2 -42.1
3007.6 -91.4 128.8 -102.1 215.8 -1.9
106.6 293 186.9
532.1 -65.5 165.5 -82.4 116 -33.5
2084 -255.3 -310.9 -57.6 361.1 -22.4
3031.1 -106.9 154.4 -102.2 239.2 5.9
100.3 285.2 185.5
525.7 -59.9 155.3 -73.8 109.6 -25.3
2104 -270.5 -304.7 -42.5 367.6 16
3058.6 -125.2 174.8 -94.6 226.9 20.5
105.3 294 204
535 -66.4 172 -82 122.7 -33.9
2145.7 -206.8 -248.1 -30.7 401.8 32.7
3121.4 -45.4 268.1 -42.1 261.6 20.5
109.9 292.5 211
531.7 -55.9 165 -74.8 117.4 -31
2184.9 -165.6 -222.2 -11 417.6 71.4
3154.1 -16.1 307 -8.4 271 43.3
winner is: 7
