Regression analysis information for: andalusian_mismatch_interrogative-total-yn_El-hombre-mira-la-luna
number of formants: 3
number of coefficients: 5
114.4 297 298.2
481.8 37.4 38.1 92.8 68 -20.6
1323.5 218.8 178.9 -42.6 104.2 -40.6
2137.2 208.9 125.7 81.3 145.7 8.4
121.8 293.2 312.1
501.6 18.5 32.1 90.7 72.6 -14.2
1432.6 232.2 132.8 -32 129 -48.8
2249.6 183 112.9 30.5 165.2 33.4
125.1 297.1 327.5
508.4 9.6 26.1 93.4 70.5 -13.1
1486 203 103 -9.4 89.8 -38.1
2335.6 149.4 73.5 68.4 134.3 40.6
123.9 284.2 302.1
521.4 16.1 26.6 117.8 77.6 -3.5
1535.6 179.7 85.2 49.4 100.4 0.7
2429.5 127.9 54.8 90.4 82.3 33.6
131.1 291.7 290.6
517.6 11.5 25.9 112.5 74.8 1.2
1542.3 158.3 59.6 42.9 131.3 42.6
2477.7 96.9 70.6 111.1 86.5 58.3
136.4 280.5 262.9
522.8 4.9 19.6 119.5 74.4 -9
1598.3 165.7 43.3 97.3 145 8.7
2556.7 44.2 76.6 157.6 109.9 25.4
137.8 263.8 243.6
521.1 -7 9.4 120.4 69.2 -20.1
1638.2 181.2 30 109.4 154.2 -7.6
2624.7 46.7 81.4 154 98.6 10
138.3 254.7 230.6
521.4 -11.8 8.3 117.6 72.1 -19
1660.7 197.8 36.8 111 164.8 -4
2663.2 52.1 101.9 154 125.5 11.2
145.6 255.7 230.9
534.1 2.9 36.2 127 87.8 -13.4
1695.8 246.2 77.1 98.2 207.2 -24.9
2700.9 87.4 145.1 112.8 160.6 -16.8
149.3 239.3 214.6
543.3 18.6 53.6 134.4 96.4 -10.7
1734.8 287.8 88.2 88.1 229.7 -24.9
2736.1 126 181.4 81.5 122.4 -23.3
150.8 230.9 193.3
544.3 12.3 59.4 124.6 96.7 -14.8
1768.3 286.4 93.4 75.6 268.8 -40.4
2769.5 103.4 211.4 47.5 133.4 -37.5
154.6 222.5 159.7
542.1 9.2 63.3 116.5 94.9 -15.6
1809.2 260.1 86.6 106.6 259.3 -27.1
2839.4 80.9 206 80.4 115.4 -13.8
159.9 217.5 164.8
545.1 12.7 68.7 116.8 96.5 -11.9
1841.2 258.9 85.8 124.6 252.2 -2.9
2902.4 88.1 209.8 112.2 127.9 20.7
163.8 224.4 179.8
540.8 11.2 66.1 110 96.2 -15.4
1848.2 256.9 94.3 129.1 236.7 -8.6
2924.8 80.5 232.1 102.2 126.7 12.9
162.3 227.7 178.5
542.1 19.9 72.6 110.5 103.7 -19.4
1853.3 267 102.3 131 231.3 -13.9
2953.6 79 258.7 89.7 133.9 22.1
159.8 238.8 178.1
540.8 18.3 73.5 102.2 107.1 -28.9
1868.3 262.5 119.6 123.1 229.7 -22.8
2970.6 68.1 279.2 78.6 143.8 13.5
169.7 245.3 195.2
553.2 13.8 97.4 94 124.7 -38.5
1894.4 262.9 152.6 107.5 261.3 -32.2
3004.3 59.3 325.6 56.4 190.9 6.3
176.2 249.8 212.4
565.5 -5.2 121.5 74.3 143.2 -55.4
1920.4 254.2 189.7 70.3 303.8 -60
3051 30.8 382.5 18.7 246.4 0.4
191.2 248.1 215.6
590.4 20 167.4 99.4 178.1 -33.6
1956.4 255 227.4 64.1 342.9 -45.6
3090 32 431.7 21 284.2 26.3
187.3 234.3 207.9
591 14.9 166 99.2 173.7 -27.9
1965.3 287.9 210.8 73.7 351.9 -16.9
3110.7 47 442.5 29.5 292.9 49.9
winner is: 12
