Regression analysis information for: andalusian_mismatch_interrogative-partial-wh_Cuando-miraba-la-luna
number of formants: 3
number of coefficients: 5
93.1 271.5 333.1
499.4 14.9 72.1 -14.2 109.1 74.2
1131.4 -113.1 310.2 -80.2 66.9 81.9
2038.2 -82.7 241.5 -53.3 47 87.3
104.9 319.6 372.2
525.2 29 80.2 -9.7 111.1 66
1222 -101.8 312.7 -97.3 62.3 35.4
2134.3 -75.9 263.4 -27.3 27.5 63
121.9 374.5 405.9
553.6 15.8 79.2 9.2 129.1 92.9
1325.2 -120.6 223.1 -55.7 121.3 64.6
2234.3 -102.9 228.1 19.5 85.3 100.4
130 333.7 321.5
592.6 8.2 67 23.6 134.6 132.2
1451.1 -155.8 167 24.8 216.3 67.3
2437 -42.6 101.4 -30.3 165.3 135
138 312.2 268.8
599.9 8.9 56.8 20.2 130.8 115.4
1482.8 -128.1 170.9 41 197.2 20.9
2533.1 47.8 105.8 5.4 150.3 79.3
140.6 296 178.9
610.3 28.7 53.9 8.2 108.1 93.4
1543.5 -72.8 134.9 -13.4 125.9 -28.1
2645.9 105.5 79 27.2 58.1 -52.5
138.5 303.3 182.4
607 44.3 52.6 16.3 118.3 97.1
1581.1 -32.3 99.9 -69.8 123.8 8.3
2670.2 110.2 55.4 38.5 67.5 -24.2
129.3 297.2 133.2
605.4 62.2 48.8 20.5 119.9 95.9
1611.2 20.4 96.9 -80.2 133.4 0.6
2729.3 174.2 76.1 28.1 40.9 -49.4
124.2 296.5 127.4
598.8 73.5 43.3 19.3 124.1 86.5
1623.8 15.9 105.2 -87.9 139.7 -29.8
2756.3 178.9 99.1 37.5 51.4 -53.1
118.6 308.4 130.4
594.6 82.5 42.8 21.2 130.3 83.3
1626.2 13.9 141.2 -102.4 143.2 -51.1
2774.9 183.6 126.7 35.1 55.5 -62.6
122.1 328.8 138.5
589.5 73.5 39.1 15.1 126.5 78.6
1644.1 7.9 155 -110.4 140.7 -66.6
2800.4 174.8 144.2 33.9 67.5 -76.3
122.7 354.6 145.1
582.9 63.2 39.6 14.5 125.2 77.1
1649.2 -19.5 174.7 -108.1 121.7 -58.4
2814.4 156.9 157 31.6 60 -70.5
133.5 379.4 160.9
586.3 45 51.7 16 117.8 89.1
1678.6 -81.1 225.3 -107.3 95.6 -29.5
2844.7 131.7 199.3 41.8 59 -41.7
147.2 396.8 175.1
597.9 59.3 80.4 38.9 132.4 109.2
1695.9 -69.8 245 -85.7 100.8 -0.1
2860.8 149.3 221.5 80.9 61.9 -12.2
149.1 388.9 168.4
589.6 14.2 64.4 14.6 107.5 105.7
1687.9 -154.7 232.9 -94.7 92.9 54.9
2856.5 88.3 209.2 75.2 47 4.3
160.2 390.4 175.4
611.9 19.6 94.1 35.8 114.8 139.9
1738.1 -169.5 270.2 -93.3 61.7 100.5
2879.6 95.2 214.2 83.8 46.8 28.4
163.5 394.7 197.2
628.4 29.7 113.4 58.8 124.5 164.8
1779.6 -177.1 309.4 -29.7 47.7 124.1
2930.7 116.3 255.4 125.3 51.9 50.7
165.8 395.3 217.1
649.7 42.5 134.9 76.3 139.7 176.9
1819.7 -175.2 358.9 -1.4 18 129.8
2983.3 116.2 302 140.9 60.9 44.8
165.7 388 218.8
657.3 49.9 133.5 79.4 140.5 173
1907.5 -94 418.6 23.8 14.4 111.5
3067.7 191.5 387.5 159.5 108.8 31
175.5 374.1 261.6
675.6 53.5 145.4 85 151.7 173.8
1966.2 -87.1 424.7 21.9 7.2 99.7
3127.4 179.7 416 164.5 139.1 14.8
winner is: 9
