Regression analysis information for: andalusian_match_declarative-narrow-focus_Maria-bebe-el-vino
number of formants: 3
number of coefficients: 5
141.3 342.8 271.8
512.1 26.7 144.9 -58.8 92.1 38.7
1539.1 -26.6 11.7 -59.3 172.7 17
2327.4 -66.4 67.5 62.7 118.8 -13.1
152.4 389.2 315.3
515 20.6 150.6 -70.3 96.7 20.9
1575.1 -27.5 91.8 -44.3 133.4 -73.7
2361 -49.2 118.4 56.2 146.9 -61.4
152.9 408.3 320
506.6 14.2 142.9 -59.6 88.9 29.7
1595.7 -40.4 97.6 -33.8 113.3 -85.1
2397.7 -72.1 166.3 73.3 134.6 -97.3
159.2 379.7 320.8
533.5 24.5 175.6 -52.7 96.6 32.8
1701.4 -40.2 86 -49.2 183.4 -81.3
2489.9 -70.4 181.1 90.8 138.5 -100
160.6 355.6 292.8
541.4 38.4 183.4 -44.7 102.4 44.5
1770.6 -3 20.9 -29.4 234.7 -72.9
2554 -61.8 136.3 131 139.6 -92.5
162.8 295.9 198.2
578.1 109.8 227.5 -18.8 107 37.4
1867.9 61.9 50.2 28.3 213.6 -109.8
2717.3 -9.3 103.2 71.9 53.5 -62.7
165.8 287 179.4
592.7 89.6 244.8 -38.1 107.6 26.8
1895.1 22.8 51.4 67.4 223.9 -130.8
2786.5 -23.3 90 23.3 50 -29.5
165 281.8 178.5
602.5 82.9 255.1 -40.6 98.5 38.5
1943.2 -3.4 78.6 35.9 225.6 -128.5
2829.9 -53 118.7 13.5 48.6 -29.9
162.7 278.1 189.9
600.2 87.2 260.2 -48.6 106.9 32.5
1953.1 -7.2 106.5 57.8 259.7 -128.4
2847.2 -41.9 148.9 18 74.4 -34.4
161.5 286.3 189.7
601.9 66.6 270 -69.3 111.2 16.5
2010.2 -9.4 121.6 1.2 234.9 -143
2895.7 -48.6 166.9 -3.8 56.2 -46.5
172.4 304.3 203.5
605.3 30.7 277.9 -81.2 106.8 29.7
2049.5 -27.8 158.3 -49.7 189.3 -114.4
2925.4 -78.3 204.5 -29.2 39.2 -34.4
177.1 302.6 203.8
598.8 21.4 270.3 -91.9 102.6 17.6
2059.5 -52.7 157.7 -47 167.3 -127.3
2942.7 -105.1 211.9 -37.5 36.9 -42.9
196.4 298.6 221.6
620 -6.4 287.3 -75.9 77.8 56.3
2099.5 -75.6 190.2 -18.7 130.7 -79.7
2993.5 -119.3 272.5 -4.8 18.7 21.3
203.9 293.8 227.1
629 -51.8 291.6 -95.7 54.2 58.5
2133.7 -117 212.3 -25.4 117.3 -84.7
3037.9 -160.7 318.3 -16.1 7.8 16.7
209.3 291.8 229.7
629.3 -72.7 293.8 -114.1 53.2 49.3
2128 -110.1 203.7 -27.4 122.5 -93.4
3047.5 -174.1 313.2 -14.4 -9.8 4.2
219.5 300.7 236.6
636.3 -15.1 313.3 -67.3 80.7 80.1
2136.8 -77.2 233.4 -34.8 149.1 -76.9
3067.3 -164.7 332.3 19.3 8.6 26.2
221.5 303.1 235.3
640.4 -5.2 319.3 -62.4 88.6 73.6
2159.1 -84.3 244.3 -22.4 140.6 -63.4
3084.9 -187.3 362.1 -3.7 2 43.6
226.3 301.7 229
641.7 16.9 319.4 -45.6 89.1 74
2192.8 -87.5 265.4 -6.5 132.9 -41.5
3128.5 -223.4 409.9 -7.5 -16.9 88.1
249.5 302.7 251.4
673.1 -15.1 366.6 -51.6 115.2 77.1
2242.7 -136.7 277.9 13.8 113.3 -23.3
3200.1 -269.2 483.5 -3 3.9 100.9
254 285.2 257.6
694.9 -19.9 384.1 -14 101.4 124
2293.4 -170.4 260.3 70.1 72.7 -17
3249.1 -289.7 495.9 43.8 -26.3 130.9
winner is: 8
