Regression analysis information for: andalusian_mismatch_declarative-narrow-focus_La-maestra-vive-en-Paris
number of formants: 3
number of coefficients: 5
140.6 358.7 295.5
511.4 51.4 34.1 -77 -42.3 8.7
1504.9 -210.4 94.6 29.9 -93.5 220.1
2318 -186.7 65.6 83.9 45 248.7
139.1 375.8 301.6
512.2 53.4 21.7 -71.8 -52 12
1535.3 -213.7 98.4 81.6 -172.1 235.1
2367.7 -187.7 64.6 114.2 -11.8 288.8
134.9 376.2 307.6
498 53.9 19.5 -56.5 -52.6 19.1
1542.2 -131.7 98 52.9 -196.1 237.4
2395.3 -145.6 79.3 71 -53.4 287.3
140.8 311 275.6
534.9 65.5 35.3 -84.7 -42.9 11.7
1684 -98.9 23.9 -36.2 -123.4 234.3
2536.2 -77.9 42.5 22.5 -18.4 207.7
145.5 254.1 210.9
541.5 75.2 35.9 -82.7 -35 6.1
1794.3 -153.8 -38.5 -41.7 -44.1 233.1
2626.7 -57.8 -25.8 26.5 27.1 148.5
150.3 239.1 170.7
548.3 74.1 45.6 -89.4 -33.5 -5
1860.2 -200.8 12.1 -41.8 -74.6 284
2708.4 -59.8 9.9 30.7 27.6 155
145.9 230.7 152.5
550.9 99.3 46.2 -93.9 -50.5 -24.1
1865.6 -182.1 14.3 -19.9 -76.3 258.2
2742 -49.1 38.8 37.6 17 133.6
147.3 227.6 155.1
558 95.5 66 -115 -44.1 -40.8
1901.6 -195.2 25 -81 -109.2 229.9
2771 -73.6 52.8 -3.8 7.2 134.7
145.1 209.3 147.1
555.5 95.6 77.1 -127.8 -35.1 -50.1
1955.3 -187.7 86.3 -120.7 -91.2 214.8
2828.6 -77 107.1 -14 18.6 153.6
158.8 215.3 172.1
569 85 76.7 -108.8 -45.6 -68.3
1984 -194.7 133.8 -89.8 -71.6 219.4
2868.5 -72.9 121.1 -13.5 8.6 156.5
166.1 221.8 190.1
573.3 97.6 75.3 -98.2 -46 -68.1
2000.8 -187.9 175.9 -99 -65.2 227.9
2873 -70 162.6 -16.4 6.3 133.4
167.1 215.5 183
573.5 86.5 72.7 -121 -48.8 -68.9
2014.3 -188.8 187.1 -123.8 -78.3 236.1
2884.1 -85.3 172.2 -49.2 -5.8 137.1
181.7 226.7 199.9
580.7 82.2 75.6 -111.1 -42.4 -62.6
2027.3 -187.7 193.9 -107.7 -79.4 240.8
2915.6 -113.6 187.6 -45.3 -8.4 133.1
196.1 225 214.9
586.6 98.8 69.8 -122.3 -34.4 -35.6
2048.3 -181.9 191.3 -123.8 -78.7 270.7
2948.6 -109.9 189.6 -82.3 -9.6 179.2
207.2 219 230.8
588.5 99.8 59.6 -114.2 -35.9 -27.4
2061.1 -192.3 183.6 -119.5 -84.9 279.4
2962.1 -114.1 179.2 -78.6 -14 202.3
229.9 222.6 253.7
607.4 82.7 80 -104.2 -22.9 -15.8
2085.6 -222.3 178.5 -119.9 -69.6 278.4
3000.5 -146.8 198.3 -60.1 19 215.9
238.2 221.6 268.1
612.5 78 94.2 -124.2 -4.3 -7.7
2100.3 -242.4 194.8 -113.3 -44.6 274.2
3025.9 -159.6 211.4 -81.1 41.5 228.3
244.5 229.1 299.1
619.8 117.4 98.2 -96.6 8.8 22.8
2131.3 -219.9 185.7 -93.8 -21.3 293.1
3074.6 -155.8 211.8 -106.6 75.9 248.1
261.4 236.8 348.6
635.6 83.9 115.4 -112.5 10.8 20.9
2172 -243 175.2 -87.6 -4.6 291.3
3148.5 -226.2 198.5 -143.4 103.4 236.3
269 248.6 375.9
638.2 85 117 -114.8 21.1 15
2207.6 -266.3 132.6 -66.9 19.8 261.2
3184.6 -244.7 165 -139 129 207.5
winner is: 9
