Regression analysis information for: andalusian_mismatch_interrogative-partial-wh_Por-que-oia-el-rio
number of formants: 3
number of coefficients: 5
99.8 331.5 388.4
467.2 54.7 27.1 -9.4 54.8 1.9
1259.5 14.6 80.6 92.7 -39.8 -81.9
2157.9 -96.1 23 140.8 56.2 -35.2
105.4 355 390.7
476.2 58.8 30.3 -11.8 58.2 -0.2
1322.5 12 90.5 125.6 -54.9 -51.7
2209 -56.3 55.4 161.9 72.7 -17.8
113.5 397.6 370
488.7 61.3 46.1 -13.9 58.2 -2.5
1425.9 -41.9 30.5 150.8 -81.6 -17.7
2302.8 -108.2 82.7 142.3 69.3 7.6
120.9 389.7 307.3
504.8 48.5 40.7 -24.6 59.9 3.9
1510.7 -75 -59.3 186.5 -59.4 -23
2440 -143.2 -29.4 93.7 37.8 63.4
118.3 373 199.8
505.4 48.4 30.7 -18.7 45.4 10.2
1569.8 -93 -135.3 213.9 -77.7 -5.5
2554.8 -117.3 -85.2 72.6 47.9 147.9
116.6 359.3 153.6
504 43.8 11 -24.8 40 0.9
1639.7 -78.8 -199 220 -119.1 17.1
2630.4 -86 -88.1 42 40.2 163.9
116.7 376.6 153
501.2 53.6 5.7 -27.9 39.4 -12.2
1674.3 -81.8 -204.6 194.4 -159.6 -10.3
2649.5 -85.4 -87.9 28 29.5 126.3
125.9 400.6 164.2
508.7 61.7 24.5 -23.3 54.3 -13.3
1704.2 -93.3 -175.4 176 -130.8 -34.8
2687.7 -63.3 -48.2 29.8 55 110
124.9 421.3 187.8
504.6 52.6 32.4 -28.6 63.2 -12.3
1735.3 -168.8 -126.9 122.7 -64 -64.4
2694.7 -106.7 -0.2 -22.5 74.1 109.4
134.3 433.6 195.3
509.6 40.2 37.8 -23.7 67.6 -25.7
1757 -200.2 -52.4 108.9 -26.3 -99.1
2737.6 -117.6 39.7 -40.7 129.1 89.1
153 432.6 220.8
531 48 50.6 -0.5 80.9 -31.4
1791.7 -196.5 -7.7 148.3 -40 -132.3
2774.6 -87 73.2 -5.2 153.9 85.8
160.2 437.9 239.1
549.5 41 73.3 -5.8 90.4 -33.6
1848.8 -250.8 25.6 142.7 -5.1 -151.3
2828.9 -88.2 133.8 0.6 201.2 89.3
172.9 454.7 233.3
563.7 33.9 60.3 13.5 83 -54.5
1915.9 -267.2 -70 88.8 63.8 -103.7
2843 -121.6 110.8 -22 195.8 77
177.5 459.7 247.3
563.4 48.7 68 19.8 88.3 -46.2
1953.7 -233.9 -54.3 102 113.9 -84
2862.6 -102 149.7 14.2 209.9 72.1
189.9 449.6 244.5
573.5 43.2 56.8 41.2 95.5 -65.8
1985.8 -249.7 -36.1 110 127.5 -94.9
2896.2 -111.6 170.8 8.3 203 73.5
183.3 432.8 234.9
582.8 15.3 91.2 19.7 82.6 -20.6
2051.2 -291.6 37.7 88.6 123.2 -33.4
2957 -129 236.4 -4 217.1 104.8
218.2 442.7 265.5
611.4 25.2 89.7 72 95.9 -28.8
2090.3 -258.5 68.4 94.4 132.2 -18.2
3033.8 -80 280.3 43.3 263 109.9
226.4 415 288.4
617.5 -3.3 80 65.6 76.8 -27.9
2119.4 -303.9 92 95.1 92.4 3.4
3096.6 -108.5 263.3 45.3 241.9 64.6
228.6 410.3 276.4
630.9 28.3 104.8 84 88.3 -12.6
2146.2 -284.9 128.3 122.7 93 15.5
3146.2 -32.4 310.2 87.9 237.5 57.3
233.8 399.3 273.3
634.5 43.6 113.2 94.7 95.2 0.1
2164.3 -277.7 153.5 151.1 99.5 25.3
3193.3 1 335.4 126 206.6 58.8
winner is: 6
