Regression analysis information for: andalusian_mismatch_interrogative-total-yn_La-nina-lava-el-plato
number of formants: 3
number of coefficients: 5
119.5 320 319.6
480.8 15 23.2 69.4 55.4 17.7
1185.1 190.8 276.4 235 74.9 16.9
2259.1 384.3 214.5 -89.3 -61.5 129.2
128.9 343.3 351.3
494.8 -8.7 -16.8 43.8 20.9 -21
1304.4 157.7 230.1 187 -30.7 -46.9
2348.8 265.7 112.6 -73.5 -70.9 91.1
128.2 315.1 304.7
515.6 -10.9 -44.9 56.2 29.8 -33.6
1418.3 162 160.9 245.8 -20 -77.8
2464.5 245.8 61 3.5 -33.8 49.6
135.2 306.4 242.3
542.8 5.7 -36.3 94.9 53.2 -10
1476 181.7 129.5 277.5 11.6 -90
2570 256.7 57.2 35.4 -2.1 39.4
134.8 297.6 182.5
556.3 -7.8 -40.1 112 40 7.8
1528.3 166.8 113.8 299.5 -33.1 -71.7
2659 242.7 54.3 34.4 -54.1 25.4
134.3 298.7 151.4
558.2 -14.8 -44.6 113.5 37.8 13.5
1569.4 187.8 99.1 274.6 -79.3 -59.1
2722.8 210 71.6 8.4 -61.3 21.1
133.5 314.6 170.9
553.3 -28.6 -54.7 110.7 31.1 5.7
1582.6 202.7 85.6 235.7 -96.4 -57.8
2740.2 174.7 82.2 -11.7 -27.6 42.9
136.7 313.9 175.1
557.6 -22.9 -45.5 113.3 32.9 11.6
1658.4 245.9 -18.5 92.9 -118.8 39.4
2789.3 150.1 53.9 -76.3 -23.3 95.3
136 292.2 176.6
554.7 -19.6 -40 106.3 30.4 12.4
1713 283.6 -94.5 -24.7 -145.1 124.7
2814.3 137.4 27.3 -112.4 -28.6 124.3
146.7 282.9 176.4
557.6 -17.5 -30.9 116.3 32.1 14.3
1751 305.4 -128.6 -93.3 -168.8 176.5
2841.9 140.7 37.3 -129 -48.6 127.6
146.8 273.7 167.6
555.5 -9.3 -29.8 107.2 34.4 14.9
1785.9 348.1 -152.2 -158.5 -181.4 200.1
2875.4 149.4 39.2 -126.4 -69.5 116.7
165.5 289.7 181.2
568.9 19.9 -0.3 132.6 61.6 37.2
1835.8 432.6 -94.8 -151.9 -161.9 190.8
2921.2 193.2 103.8 -131.5 -29.5 135.1
178 312.2 204.9
583.2 53.3 35.5 160.2 95 65.2
1853.5 461.6 -41.3 -150.7 -125.8 194.3
2948.8 222.7 165.4 -130.4 12.9 171
187.1 318.8 218.6
601.4 85.2 76.6 190.7 132.2 88
1885.6 493.2 0.3 -140.1 -93.5 211.9
2999 245 199.3 -117.1 65.2 208.1
191.7 328.7 227.1
616.2 77.3 107.1 195.4 158.9 98.3
1919 524.2 51.1 -144 -33.8 193.1
3047.7 250.2 229.2 -111.6 121.5 201.9
194.9 329 255.3
632.1 93.3 136.9 220.7 181.3 119.4
1952.7 524.5 77.6 -138.9 -19.6 217.9
3109.4 249.3 277.2 -102.4 145.7 243.8
200.9 339.5 275
640.6 72.3 147.6 222.9 181.8 123.4
1963.8 506.6 85.9 -131.7 -4.4 236.5
3141.9 214.2 302.2 -113.9 159.1 261.1
200.5 364.9 305.2
645.5 71.5 155.4 228.1 189.6 123.1
1950.9 438.9 51.3 -123.2 10.2 271.7
3169.1 166.1 317.3 -92.1 165.5 255
208.4 382.1 324.3
650.4 59.8 159.1 229.3 179.7 130.2
1953.8 412.5 43.5 -111.9 -12.6 313.5
3195.3 134.5 337.7 -74.6 141 291.4
218.2 407.4 364
661.1 20.8 157.6 226.3 153.5 137.2
2004.9 350.8 94.9 -125.6 -7.5 346.8
3252.6 82.1 369.9 -89.2 126.4 354.8
winner is: 6
