Regression analysis information for: andalusian_mismatch_declarative-narrow-focus_El-bebe-comia-muy-bien
number of formants: 3
number of coefficients: 5
101.9 415.3 218
471.5 17.2 97.1 -56.7 79.3 9.8
1463.8 -38.7 338.2 -127.9 -140.7 58.3
2432.1 -98.6 91.9 20.9 10.8 81.3
99.3 387.8 214.3
470.9 25.7 83.9 -39.1 62.7 24.9
1568.1 -73.5 373.8 23.9 -254.7 135.2
2482.7 -77.7 84.8 7.5 -17.6 124.5
101.7 408.8 201.2
467.1 32.6 75.2 -31.6 61.5 22.7
1668.8 -97.2 291 118.1 -227.6 106.6
2555.3 -76.8 35.5 31.1 -12 112.8
105.7 430.8 192.6
467.7 34.7 66.7 -25.2 66.4 23.5
1757.6 -124 155 186.3 -136.4 81.5
2616.6 -79.7 -6.7 67.4 19.8 82.4
106.7 416.2 195.5
465.7 33.8 64.9 -23.5 66 15.7
1800 -119.1 148.3 184.8 -154.8 23.8
2656.7 -81.8 -0.4 85.1 11.3 22.3
107.4 419.9 192.3
463.9 27.5 66.1 -24.4 65.3 10.6
1799.9 -117.6 173.9 210 -154.9 21.5
2657.2 -63.9 2.1 104.3 16.3 38.3
110.9 386.9 185.1
467.1 26.7 70.6 -27.1 69.6 9
1843.3 -120.5 219.7 262.3 -140.5 25.1
2698 -54.4 17.9 110.1 41 68.4
120.2 376.9 171.6
479 14.9 73.6 -51.5 76.5 12.1
1877.2 -117.6 250.5 239.1 -157.1 11.6
2748.7 -38.5 47.9 85.3 32 41.3
128.4 354.6 154.5
487.3 -1.4 88.2 -69.5 87.7 5
1931.3 -95 290.5 212.3 -142.5 -3.4
2796 -15.5 83.3 79.3 40 26.3
132.6 347 145.9
503.6 -28.5 103.6 -100 115.6 -12
2004.7 -103.4 262.1 160 -56.9 8.4
2831.5 -41.9 111.8 33.6 51.9 -22
132.3 339.2 147.1
505.4 -32.1 108.6 -105.4 123.1 -14.9
2025.1 -122 278.2 132.2 -44 6.6
2849.8 -63.8 118.6 10.2 61.9 -30.8
133.6 332.9 147.6
500.2 -32.9 109.7 -102 120.4 -15.2
2042.8 -128.1 272.7 126.6 -29.5 5.3
2864.6 -82 134 13.2 67.7 -44.6
136.1 339.1 154.4
499.3 -40.2 112.3 -105.3 116.2 -9.6
2036.8 -121.7 278.9 130 -36.7 6.6
2875 -78.6 138.3 20 70.2 -31.3
137 334 170.1
496.7 -37.4 111.3 -106.3 118.8 -14.4
2042.5 -111.3 294 140.6 -44.1 10
2891.3 -66.2 147.8 -6.5 89.6 -28
139.2 337.7 166.2
496.7 -47.7 120.6 -106.8 121.6 -22.2
2037.9 -130.8 316.1 145.5 -46.5 2.7
2907.4 -90.4 166 4.2 77.5 -24.8
142 336.6 171.7
498.4 -40.3 113.1 -113.9 122.6 -13.3
2051.2 -131.6 320.7 133.3 -36 4.9
2926.2 -85.6 167.3 -5.7 90 -10.5
145.5 331.3 191.5
500.7 -42 111.4 -113.5 126.4 -18.5
2101.8 -151.4 254.4 166.8 -8.1 -37.8
2986.3 -109.9 101.7 3.1 133.4 -17.6
153.6 299.8 242.1
513.1 -44.5 104.7 -131 137.4 -7.7
2192.4 -148.9 166.9 85.7 48.2 37.7
3089.2 -116.8 17.7 -97.4 202.1 74
169.4 288.3 254.4
524.4 -62.7 120 -146.6 151.4 -14.5
2218.6 -174.1 192.6 75.5 48.5 24.1
3143.1 -127.7 43 -160.8 226.7 107.8
184.4 288.4 263.7
542.2 -92.1 141.6 -162.9 161.1 -10.5
2240.6 -185.4 217.2 51.4 54.5 33.4
3192.5 -168.5 79.6 -192.8 246.5 136.9
winner is: 12
