Regression analysis information for: andalusian_match_interrogative-partial-wh_Por-que-ama-la-navidad
number of formants: 3
number of coefficients: 5
190.4 211.6 310.7
583.5 -24.7 41.5 7.4 36.1 45.4
1373.6 -102.6 161.8 206.3 -177.4 117.5
2137.7 -24.4 236.1 129.2 -251.1 -70.3
187.7 244.9 332.4
599 -31.3 60.3 -18.5 63.8 21.6
1434.2 -119.4 186.9 177.9 -172.6 95.7
2213.1 -69.2 289.5 97.1 -199 -95.9
183.6 244.3 343.3
627.6 -49.6 82.4 -30.9 83.9 29
1497 -150.6 158.6 190.9 -139.7 46.7
2317.8 -112.3 302.9 129.3 -168.2 -101.5
178.5 248.6 366.8
637.9 -68.4 72.8 -48.1 94.4 34
1515.5 -144.2 111.8 193.2 -74.6 8.3
2396.9 -116 243.5 100.8 -74.5 -108.3
186.4 223.3 312.8
648.7 -49.8 60.1 -34.3 109.1 43.6
1539.4 -154.5 112.3 250.5 -26.9 16.5
2497.4 -55.1 248.4 145.7 -0.9 -110.5
197.5 213.9 245.4
654.7 -37.7 42.1 -40.1 104.1 51.9
1571.7 -148.5 118.8 232.9 -35.5 65
2584.4 -37.5 194.1 135.7 1.7 -40.8
203.4 239.2 199.3
672.3 -15.4 49.3 -33.7 110.5 64.6
1643.2 -93.4 114.6 181.9 -93.9 120.1
2661.6 2.7 184.6 121.2 7.9 43
210.1 264.7 177.2
671.2 -6.5 42.2 -33.3 102.6 67.2
1683.4 -44.6 111.4 151.4 -143.6 93.3
2703.4 25.3 176.6 137.5 25.9 38.7
207.2 275.1 147.6
661 -1 28.8 -43.1 91.3 70.1
1728.8 -21.6 73.2 68.7 -227 75.6
2740.5 14.6 162.9 143.5 5.6 25.2
209.3 283.3 128.6
662.7 -0.6 25.7 -49.5 97.7 67.6
1763 -0.3 48.9 64.8 -222.2 42.4
2788.4 13.2 126.8 154.3 62 -4
216.1 306.6 147
653.2 3.5 29.5 -44.6 92.6 53.4
1781.9 39.2 67.9 66.8 -235 30.5
2801 26.8 143.4 158.1 63.4 -11.5
218.1 312.5 148.2
648.7 26.8 49 -18.9 101.2 59.2
1790.8 66.3 88.9 85.5 -225.1 31.2
2814.1 50.7 178.2 178.1 77.4 -15.3
214 318.1 161
637.8 12.4 44.3 -30.6 92.8 48.1
1793.5 58.6 102.6 66.8 -228.4 14.7
2818 59.5 194.5 176.9 77.7 -41.6
218 326.1 165.6
643.2 21.6 72 -23.8 113.5 59.1
1801 56.5 134.8 58.4 -207.4 12.1
2847.8 70.2 228.2 157.5 97.7 -41.6
217.2 330.3 169.9
648.6 35.4 77.6 -28 125 75.7
1805.2 62 151 45.4 -184.5 27.4
2870.9 78.9 241.8 118.7 115.3 -28.8
222.7 325.2 194.7
655.3 48.8 65.6 -54.4 108.9 61.2
1823 88.7 146.2 6.4 -206.5 -7
2903.6 95.8 241.8 74.4 122.3 -44.4
227.3 336 211.9
664.4 31.5 81.5 -63.8 121.8 74.8
1844.7 78.7 184.2 15.2 -190.2 1.2
2931.8 80.7 261.6 75.3 147.5 -28.1
224.8 381.2 272.3
711.9 7.7 120.5 -114.5 187.7 73.1
1918 73.3 243.8 -17 -119.5 1.2
3006.8 81.3 308.3 39.2 225.7 -28.1
226.7 403.6 315
743 5 130.9 -125.7 208.3 84.3
1983.2 37.7 255.9 -48.6 -111.5 13
3075.9 71.3 297.8 16.8 254.5 -7.4
218.5 425.9 354.3
770.7 -23 135.4 -148.2 228.9 90
2049.2 -24.6 275.5 -79.1 -99.2 32.1
3156.1 19.5 309.6 -13.1 287.2 -11.3
winner is: 10
