Regression analysis information for: andalusian_mismatch_interrogative-partial-wh_Cuando-comia-la-fruta
number of formants: 3
number of coefficients: 5
150.3 244.3 351.2
530.6 -71.7 58.6 34.3 73.2 -38.8
1208 -127.1 76.1 119.5 83.8 -179.9
2099 -127.7 36 -23.5 253.3 43.9
146.1 244.5 383.3
558 -63.3 62 26.9 74.3 -62
1256.1 -113.8 61.4 105.4 76.2 -239.9
2182.5 -114.3 -34.9 -65.4 210.8 -3.2
146.9 258.9 386.1
566.9 -75 65.9 28.7 71.4 -61
1305.8 -117.3 49.6 115.8 82.2 -220.8
2300.2 -97.7 -12.4 33 177.6 36.9
153.3 276.6 358.7
572.1 -72.2 64.4 33.5 72.9 -55.5
1351.4 -140 44.9 114.8 80.2 -184.3
2395.9 -131.9 -32.6 32 105.1 58.5
158.9 295.3 272.3
584.4 -68.8 58.7 27.2 76 -42.7
1486.1 -143.6 -57.3 56.6 185.8 -62.6
2569.3 -79.1 -47.9 2.5 42.6 61
165.6 298.9 169.3
609.7 -53.1 86.2 18.4 67.4 -65.3
1545 -114.5 -26.7 44.2 181.2 -74.2
2697 -14.2 -5.8 30.9 -42.9 18.7
161.2 290.3 145.8
602.7 -69 92.8 -2.6 61.3 -73.8
1534.3 -136 -20.5 16.2 169.7 -86
2711.2 -17.2 -11.7 -11.8 -79.1 23
154.3 300 156.8
603.6 -75.4 102.3 -11.4 76.4 -76.8
1540.3 -142.6 -2.9 9 196.2 -83.9
2737.4 -29.2 9.2 -26.6 -60.9 8.8
150.7 303.9 164.8
607.1 -68.8 114.7 -7.4 93.1 -84.8
1575.2 -166.3 48.1 -16 267.1 -113.7
2776.4 -12.4 32.8 -18.6 -21.7 3.1
152.4 309.2 162.3
615.6 -74.3 107.1 0.6 108.3 -103.7
1596.2 -177.3 51.1 -24.9 301.7 -131.1
2804.3 -12.6 29.6 -12.1 0.6 -29.2
157.5 316.1 185.8
623 -79.1 102.1 10.6 115.2 -111.4
1610.8 -179.5 46 -16.4 327.2 -139.8
2831 -7.8 59.8 10.6 30.9 -38.6
167.1 323.3 194.2
626.5 -92.1 100.8 15.8 119.3 -104.9
1624.8 -174.1 64 -0.4 340.1 -137.3
2865.2 -7.3 86.5 26.4 65 -43.7
179.5 320.4 203.4
628.5 -103.7 88.8 24.6 114 -97.6
1614.3 -183.7 65.8 18.5 320.5 -172.3
2873.2 -29.5 72.3 27.5 58.3 -38
198.1 351.8 225.9
642.5 -128.6 89.9 27.6 106.3 -89.4
1676.6 -266.5 104.1 -11.5 304.6 -106.5
2917.1 -50 73.3 7.5 61.1 1.5
210.8 372.6 253.5
653.2 -132.7 109.2 35.4 124.4 -68.9
1747.5 -255.9 87.9 -79.8 317.8 -8.1
2963.4 -37.5 69.2 -22 76.1 61.8
216.4 382.6 265.3
662.4 -136.6 121.4 25.9 121 -70.2
1818.2 -282.9 87.3 -155.8 333.2 50.1
3025.9 -56.3 84.4 -84.4 82.7 85.9
219.8 377.5 260.9
664.8 -142.8 131.6 20 117.5 -63.6
1844.6 -300.7 98.9 -183 346.5 54.1
3067 -82.6 111 -139 105.1 82.9
215.2 383 276.2
667.7 -112.4 136.7 32.7 104.7 -68.5
1903 -213.7 165.7 -126.6 385.3 58.3
3162.8 28.3 196.9 -84 155.3 101.7
211.8 376 295.5
690.8 -156 170.7 11.3 146 -101.7
1946.7 -201.1 244 -82.5 418.2 81.6
3246.1 68.4 283 -95.3 189.2 111
216.8 385.8 318.9
695.4 -133.3 164.1 22.3 143.9 -98.7
1955.3 -197.2 255.7 -57.6 404.6 66.6
3276 68.6 285.3 -80 176.5 116
winner is: 7
