Regression analysis information for: andalusian_mismatch_interrogative-total-yn_Mi-madre-come-la-fruta
number of formants: 3
number of coefficients: 5
121.2 266.6 296.7
501 -17.1 -6.3 18.4 17.5 -78.7
1247 34 11.9 160.5 104.8 -79.4
2096.2 53 68 221.7 126.4 -49.1
130.6 276.8 312.5
508.9 -39.3 7.6 9.5 20.6 -72.6
1270.6 -26.2 35 182.6 103.8 -58.7
2155.8 -25.3 115.3 240.1 153.3 -30.2
135.7 298.8 348.3
513.9 -65 1.6 -0.6 6.2 -78.3
1313 -70.7 8.4 170.6 48.8 -12.6
2262 -76.8 74.1 249.6 110.9 24
144.1 268.8 311.5
523.5 -52.5 -14.5 21.2 2.5 -77.6
1389.9 -136.1 -77 195.8 -16.3 33
2357 -160 -8.8 297.1 34.9 119.3
157.7 275.2 276.2
549.7 -67.5 -24.7 29.9 -4.7 -95.7
1462 -118.4 -70.3 191.5 1.9 -0.5
2496 -178.9 -52 213.9 77.1 163.3
164 287.1 249
561.9 -66.2 -30.4 30.1 -11.5 -104.6
1552.7 -17.5 -18.4 218.4 36 2.2
2613.3 -97.5 -63.6 186 72 174.6
175.3 265.7 211.2
572.9 -60.5 -26.9 31.3 -19.4 -109.8
1621.8 86.2 30.4 203.4 -20.9 -52
2703.4 15.3 -46.1 135.8 -33.5 102.1
182.5 256.1 157
582.2 -53.2 -10.5 24.6 -20.6 -108.8
1659.7 128 44.5 165.1 -51.1 -65.9
2763.1 75.8 -27.3 57.2 -69 85.1
179.1 266.2 167.6
577.4 -65.2 -7.5 28.1 -31 -118.8
1664.4 123.8 46.6 156.1 -50.6 -82.9
2764.3 35.6 -5.1 18.5 -39.2 43.8
174.7 267.6 158.7
578.5 -71.2 10.9 23.6 -8.2 -132.3
1684.6 120 88.6 158.2 -7.6 -95
2816.9 11.3 55.2 -7.4 11.8 31.2
178.5 272.2 159.3
583.8 -76.9 21.1 25 -0.9 -140.5
1707 119.2 106.7 167.2 -11.4 -114.3
2859.5 -2.8 65.4 24.8 -21.3 13.8
189.7 288.8 172.7
590.7 -86.3 18 44.5 -12 -130.4
1717.2 113.1 103 183 -19 -114.2
2882.7 -15.6 67.7 43.3 -33.6 17.4
192 301.3 178.1
591.4 -99.6 9.6 49.1 -23.2 -129.5
1726.3 87.9 97.2 186.3 -23.7 -125.9
2917.2 -48.7 93.1 43.1 -38.9 23.1
195.4 305 187.3
587.1 -85.3 -3.7 68.1 -27.9 -120
1730.8 111.4 78.3 236.6 -35 -101.8
2929.2 -0.7 62.4 89.2 -58.7 54.1
208.1 335.3 229.3
601.8 -109.2 2 70.4 -20 -134.7
1787 45.2 91.7 269.6 -36.4 -133.4
2987.7 -59 91.1 84.2 -35.3 36
235.5 367 272.5
634.7 -109.5 8.4 107.9 -0.9 -135.9
1837.1 30.4 115.1 297.7 -0.8 -153.6
3031.7 -75.3 103.4 102.8 -7.8 38.9
249.1 376 300.2
650.3 -109.7 12.1 124.6 12.4 -138.2
1872.1 53.8 115.3 323 24.9 -138.9
3083.4 -70.9 104.7 123 37.6 44.9
254.4 377.2 309
661.1 -113.6 8.5 117.2 10.7 -128.8
1902.8 59.5 101.2 293.1 34.9 -112.5
3131.2 -73.6 107.5 109.4 46.8 72.5
260 392.4 335.6
675.5 -134.3 3.6 113.9 4.1 -122.3
1951.5 48.7 87.3 271.2 49.6 -98.8
3201.4 -104.4 114.1 84.4 93.7 49.3
267.2 400.1 355
688.4 -143.9 20.3 105.7 17.3 -122.5
1996.8 40.2 111.9 239.9 98.4 -102.2
3254.8 -112.4 154.8 88.8 133.4 31.2
winner is: 8
