Regression analysis information for: andalusian_match_interrogative-total-yn_Mariano-habla-del-tiempo
number of formants: 3
number of coefficients: 5
143.1 278.4 298.3
535.3 94.3 110.8 -44 73.8 -21.8
1381 92.7 91.9 229.6 -14.2 -174.7
2213.7 -14.3 126.1 213.4 -98.7 -152.7
149.1 291.8 305.4
539.4 76.1 98.6 -54.3 62.4 -11
1437.8 92.8 53.4 228.4 -46.2 -186.1
2271.1 -26.1 116.2 213.4 -118 -159.1
158.5 332 322.4
553.9 64.3 101.7 -84.1 60.6 11.1
1506.2 101 53.6 146.4 -97.9 -192.4
2372.4 -47.6 164.3 188 -144.9 -142.4
165.1 348.5 322
569.9 76 109.6 -88.3 67.9 27.1
1550.7 129.5 76.5 136.2 -87.3 -198.2
2449.9 -44.2 164.3 187.4 -112 -117.2
181.4 351.3 308.1
597.8 91.9 125.3 -72.4 92.1 31.1
1616.7 85.8 49.1 195.7 -48.8 -213.5
2552.2 -70.8 140.1 182.1 -81.3 -68
195.7 335.5 264.5
615.6 93.1 132.8 -68.9 92 37.2
1649.3 41.8 37.6 271.7 -2.2 -184.5
2635.8 -22.8 134 174.4 -51.6 -45
197.7 330.6 226.7
626.5 99.2 131.8 -75.2 91.1 43.1
1705.4 9.7 7.9 290.2 14.4 -194.9
2730 -23.3 112.9 122 -19.4 -25.7
198.7 337.5 232.8
630.1 83.4 136.5 -84.9 86.1 42.6
1757.5 17.6 21.7 249.7 -38.3 -235.9
2773.8 -55.1 135.1 131.3 -22.3 -31.7
198.8 349.4 247.3
630.8 89.6 137.4 -76.5 88.8 43.3
1757.9 46 28.4 232.4 -38 -238.6
2791.5 -51.4 146.5 122.7 -18.7 -23
203.6 345.4 263.8
629.9 97.7 127.4 -70 81.8 43.5
1808.3 81.9 30.7 206.6 -117.1 -270.6
2827.5 -35.5 143.2 107.7 -38.3 -3.1
203.4 350.1 257.2
633.2 101.6 142.9 -61.3 98.2 44.6
1838.4 96.3 50.8 217 -132.9 -292
2871.4 -23.1 135 120.2 -17.9 -17.8
202.1 348.3 251.3
635 106 150.7 -58.1 97.7 56.9
1883.2 69.2 72 216.4 -140.4 -300.8
2920.2 -46.4 159.4 118.3 5.8 -45.2
211.3 348.8 256.1
643.7 108.8 159.5 -36.2 96.8 73.1
1925.9 43.9 98.7 232.9 -151.3 -284.2
2976.9 -77 200.4 130.5 9.9 -41.6
218.5 353.5 244.6
666 118.2 191.3 -13 130.4 73.3
1973.1 19.7 141.9 228.3 -121.7 -288.3
3046.3 -91.4 234.4 121.8 28.1 -41.8
224.8 360.6 254.6
672.4 108.9 201.4 -8.5 142.3 58.7
1988.2 10.7 136.9 235 -125.1 -297.7
3078.3 -119.9 232.8 140.5 39.1 -55.8
225.4 362.1 253.8
674.7 103.7 208.5 -4.7 142.9 64
2015.5 -7.1 147.3 254.1 -125.3 -291.1
3097.4 -127.3 245.5 141.9 67 -45.8
222.9 364 256.1
671.7 93.4 214.2 -9.7 145.8 58.1
2030.8 -17.7 157 272 -122.9 -283.9
3115.8 -137.7 252.8 150.5 75.4 -37.4
225.4 365.2 274.5
676.3 91.9 213 -12.2 157.1 54.9
2048.9 -29.2 158.1 263.9 -128.8 -246.9
3164.4 -149.9 239.5 161 56 -29.7
237.6 375.1 287.5
694.4 102.4 229.5 3.1 164.4 82.1
2082.1 -48.4 156.8 265.3 -115.3 -229
3215.2 -152.2 240 180.9 66.7 -13.4
256.6 391.5 317.3
698.4 64.3 189.7 -3.7 124.1 80.2
2125.2 -74.6 145.8 261.9 -108.8 -205.4
3286.5 -182.5 231.1 211.9 70.2 -3.4
winner is: 1
