Regression analysis information for: andalusian_match_declarative-narrow-focus_Emilio-ama-la-marcha
number of formants: 3
number of coefficients: 5
192.7 263.8 205.1
638.9 -35.4 87.7 143.1 61.8 37.1
1596.9 173.1 225.6 -15.7 -70.1 212.3
2305.8 73.2 342 -86 -158.3 133.1
191.5 317 235.8
599.5 -40.3 54.1 130.4 48.4 54.7
1565.4 182.5 226 -37.8 -57.7 265
2310.8 82.3 340.9 -153.8 -192.2 181.2
191.9 355.4 293
628.7 -44.1 79.7 135 64.8 16.8
1616.9 165.1 274.3 -13.7 -81.1 226.6
2380.1 76.8 377.9 -174.3 -177.5 124.6
191.6 371.4 308
644.9 -62.9 78.7 133 76.8 10
1640.2 124.5 294.3 7.6 -71.3 240.1
2431.8 61 398.9 -165.7 -175 121.3
197.7 374.1 335.8
658.7 -60.4 80.9 139.4 85.3 7.3
1689.6 110.9 288.2 57.1 -69.3 217.8
2496 45.4 376.7 -120.3 -197 109
197.4 347.9 333.9
691.7 -57.2 97.4 153.9 112.2 8.7
1792.3 144.4 270.1 -15.3 -122.9 203.6
2625.2 3 316.8 -77.6 -177.9 48.6
197.5 276.2 260.5
697.7 -49.8 84.2 157.7 124.7 7.4
1880.3 227.2 219.1 -58.5 -171.6 185.5
2731.6 33.9 194.2 -91.7 -93.9 51.3
201.3 283.5 241.5
706.2 -60.2 89.4 153.9 142.3 -5
1907.7 210.2 207.5 -83.4 -138.7 177.2
2784.6 58.7 151.5 -86.2 -47.1 44.6
201.2 236.8 215.9
738 -50.7 127.4 158.2 181.7 -3.3
1977.5 228 260.4 -136.8 -131.5 108.6
2864.1 37.8 177.7 -111.1 14.4 21
195.6 229.5 227
744.5 -103.7 137.4 120.8 174.2 -23.8
2015.2 171.6 297.9 -170.1 -146.6 87.6
2914.3 -35.9 214.8 -114.4 -10.4 32.5
214.4 251.7 234.7
756.9 -117.5 152.8 137.2 153.4 11.4
2027.4 153.4 303.2 -158.1 -179.5 123.7
2940.1 -59.5 235 -106.3 -42.8 55.2
229.2 273 262.4
739.2 -136 160 139.4 135.6 68
2014.2 160.3 330.2 -172.7 -192.1 166.2
2942.9 -77.9 254.8 -99.1 -79.7 122.4
249.9 273.6 276.1
772.3 -106.1 205.1 175.5 137.1 90.5
2045.1 176.1 363.2 -149.9 -198.5 172.8
2986 -42.7 300.3 -59.6 -79.5 130.9
264.5 320.1 293
772.6 -102.4 223.9 214.2 155.8 152.5
2040.7 171.5 378 -113.5 -172.6 216.4
3008.6 -49.5 338.6 -37.4 -22.6 160
270.5 320.6 316.8
775.5 -105.6 230 224.6 138.4 166.8
2067.5 167.5 397.3 -131.1 -206.8 214.1
3050.9 -58.2 365.3 -58.3 -43.4 154.4
277.4 328.1 322.5
792.2 -84.6 255.6 260.2 139.3 193.7
2079.5 194.2 404.6 -119.3 -221.7 222.3
3069.7 -53.6 395.7 -18.2 -33.1 182.6
287.8 330.1 321.3
805.7 -48.4 283.4 299.5 160.3 224.9
2083.2 218.5 406.8 -112.9 -222.8 230.7
3075.5 -11.1 412.3 -11.3 -7 179.6
278.6 332.7 328.8
846.3 -42 356.3 297.8 217.7 204.5
2110.9 201.1 436.5 -147.3 -213.9 217.9
3127.1 -42.8 470.1 -45.9 25.2 160.6
288 329.2 344.9
870.1 -35.1 368.8 341.7 204.4 229.8
2147.3 190.8 457.8 -145.7 -246.1 218.7
3179.6 -46.2 487.4 -34.7 -18.7 165.6
317.1 346.8 374.8
921.9 -71.3 401.1 385.9 178.6 270.9
2192.5 151.1 487.4 -142.4 -284.7 242.8
3252 -73.6 533.1 -36.2 -47 187.2
winner is: 10
