Regression analysis information for: andalusian_mismatch_interrogative-partial-wh_Por-que-venia-del-lago
number of formants: 3
number of coefficients: 5
127.7 338.1 324.8
510.2 32.8 34.3 54.1 41.6 9.2
1228.1 102.4 104 -40.2 209.5 -25
2173.5 122.3 -68.7 -139.9 394.4 -80.2
136.5 376.2 332.4
529.4 31.3 25.8 71.3 39.3 8.1
1307.2 123 64.7 -35.8 208.5 -34.2
2283.7 99 -13.9 -99.8 271.1 -41.8
137.1 390.4 314.9
530.5 27.9 21.7 50.4 44.7 4
1349.7 87.8 60.4 -76.2 261.5 -29
2369.5 39 43.9 -77.7 201.7 30.5
143.8 407.9 292.5
538 16.4 17.9 50.9 38.6 1.8
1395.4 75.8 14.4 -90.7 298.3 -8.4
2459 -3.2 40.5 -74.4 195.7 111.3
147.4 431.6 292.3
539.2 15.6 20.9 54.2 35.1 2.5
1459.5 92.4 -6.9 -141.9 305.6 27.1
2531.1 10.2 44.7 -110.4 213.7 112.1
156.9 404.2 220.5
559.7 -7.3 6.2 58.8 34.2 3.3
1586.9 119.2 -125.2 -231.3 314.8 125.1
2645.7 24 -7.6 -94.2 204.2 125
159 388.8 217.9
559.3 -6.5 -4.2 59 30.2 7.1
1632.9 175.1 -173.7 -280.4 263.6 121.8
2684.9 40.9 -23.3 -98.1 204.2 113.4
167.2 401.5 209.2
570.4 -13.4 5.7 59.6 43.8 2.1
1709.5 148.5 -156.8 -323.1 275.3 40.6
2737 55.9 -7.2 -102.9 208.5 63.1
169.5 390.3 199.7
583 -11.4 27.5 62.1 64.1 0.4
1790.8 89.5 -99.3 -340.3 382.7 -37.4
2791.2 62.7 46.9 -99.7 278.5 59.9
171.4 380.3 172.1
593.7 -9 48.7 68.2 88.4 4.6
1835 72 -76.3 -332.4 445.7 -47.1
2835.1 37.3 75.9 -100 347.4 61.5
171.3 377.8 173.5
600.7 -5.8 49 71.1 92.1 1.4
1876.2 75.7 -108.8 -303.8 484.6 -87.9
2872.6 31.5 79.8 -97.9 362.8 54.5
172.4 378.1 180.4
591.5 -4 33.8 74.1 80.3 2.4
1898.4 53.7 -156.7 -282.6 504.7 -142.4
2889.8 10.2 81 -107.3 368.2 50.3
177.9 386.3 197.9
594.4 15.8 39.8 88 83.2 11.3
1911.9 67.4 -137.9 -277.2 517.2 -134.6
2917 33.4 115.5 -89.1 382.3 85.6
177.9 391.4 224
592.7 14.4 38.6 95.4 68.4 18.4
1914.3 49.3 -131.4 -262.3 516.7 -123.1
2945.4 12.4 116 -72.7 351.2 119.8
182.1 405.4 249.6
590.5 17 39.4 94.8 41.6 14.8
1932.5 26.7 -100.6 -251.9 511.4 -111.5
2972 31.8 129.3 -52 335.8 124.1
183.6 418.3 265.9
596.6 19.5 59 98.1 29.4 18.9
1956.3 -2.1 -70.6 -251.4 507.4 -81.4
3009.4 15.8 151.7 -41.7 326.6 141.2
182.8 432.9 287.9
599.7 15.6 68.2 102.2 7.8 24.7
1980.3 -14.1 -30.2 -256.3 486 -28.5
3048.5 -23.1 200.9 -39.9 299.2 171.5
191 443.3 302.9
616.4 40 98.4 118.5 16.3 31.7
2022.2 31.1 -2.3 -246 468.9 -53.2
3102.7 0.7 244.9 -36.9 286.2 168.2
195.1 446.2 340.5
627.8 52.8 108.9 122.8 2.3 27.9
2072.5 81.3 16.9 -259.7 405.1 -104.9
3161.3 25.5 279.1 -43 233.4 152.2
202.8 446.3 359
634.6 53.2 119.9 117.3 0.9 17.6
2107.2 108.9 30 -262.9 372.7 -140
3209.4 7.6 313.6 -36.9 225.7 150.7
winner is: 11
