Regression analysis information for: andalusian_match_interrogative-total-yn_Marta-abre-el-regalo
number of formants: 3
number of coefficients: 5
108 249 307.3
530.2 57 -13.4 -75 -68.8 -49.6
1259.4 147.5 -48.1 28.1 103 -88
2042 80.4 -25.2 1.5 125.2 -150.5
116 239.8 327.9
547.3 59.9 -23 -83.4 -77.7 -29.9
1354.5 132.7 -136.4 63 119.3 -65.9
2136.4 101.3 -86.2 53.5 186.4 -79.5
111.9 203.5 329.5
568.7 61 -30.5 -87.1 -104.6 -32
1422.2 119.1 -168.4 92.7 86 -82.9
2224.8 81.2 -104.1 44.5 144.4 -99.6
122.3 192.3 318.8
584.2 46.6 -26 -61.5 -128.9 -35.3
1457 95 -155.1 127.8 41 -83.3
2290.6 37.1 -76.3 100.2 67.6 -118.2
128.6 179.6 248.6
594 45.2 -18.7 -54.9 -129.4 -26.7
1494.1 95.6 -129.9 150.3 26.4 -67.2
2420 11.8 22.2 143.1 12.7 -88.5
130.7 169.4 175.2
595.7 35.5 -15.4 -52.4 -141.7 -29.4
1507 109 -114.3 153.3 -3.4 -78.1
2506 45.2 97.4 131.8 -35.5 -124.8
135 168.5 168.3
598.3 19.5 -16.8 -46 -158.5 -25
1513.3 91.7 -113.8 155.6 -25.3 -75.5
2526.5 11.3 113.8 132.5 -43.2 -97.3
139.3 175 182.1
598.3 22.1 -10.2 -41.6 -156 -22.6
1525 116.8 -96.4 158.9 -18.3 -61.4
2547.8 29.4 143.7 115.8 -45 -69.1
139.1 165.1 180.3
597.8 24.5 -13.5 -42.5 -151.7 -17.5
1533 121.9 -103.3 163.9 -4.2 -45
2570.5 45 139.5 101.5 -44.2 -44.2
142.5 168.5 185.1
601.3 27.8 -15.2 -50.3 -149.3 -9.3
1566.2 155.3 -103.4 129 -20.3 -26.2
2612 80.8 144.5 66 -68.9 -25.6
146.7 187 187.8
613.3 38.9 -3.8 -56.9 -139.1 -8.8
1605 166.8 -85.5 108.7 6.9 -26.5
2669.2 74.7 187.4 37.8 -5 -37.5
152.3 200.9 187.3
619.3 46.4 5.8 -55 -124.6 -3.6
1627.5 163.2 -80.7 98.1 47.8 -29.5
2704.9 57.8 196.2 33 52.3 -43.2
149.4 207.5 169.5
618.8 42.3 3.4 -61.7 -116.4 -2.1
1640 173.2 -81.6 89.1 73.9 -22.3
2738.4 56.6 176.2 10.3 92 -10.4
146.9 207.9 152.3
614 39.9 -0.2 -69.1 -113.3 -5.4
1643.6 176.2 -85.9 78.2 104.6 -15.7
2778.6 35.5 177.6 -20.3 149.1 13.1
148 223.9 166.2
618.5 44.4 13.3 -67.4 -98.8 -6.7
1651.9 174.6 -55.4 81.2 159.5 -32.2
2814.2 13.2 236 -32.4 198.7 8.3
148.3 229.8 181.5
621 56.6 26.6 -63.2 -82.7 -3.4
1664.4 191.7 -57.6 92.1 170.1 -39.7
2842.7 37.7 269.5 -42.7 208.3 22.2
154.9 230.6 185.7
623.8 56.8 32.3 -53.9 -71.1 -4.9
1662.6 179.1 -59.3 125.1 194.9 -49.5
2873.1 35.3 275.1 -8.2 246 9.5
163.6 237.3 195.7
632.6 57 28.9 -50 -64.8 -8.8
1686.9 191.3 -52.1 126.2 197 -63.7
2901.1 53.2 285.6 -3.7 252 7.5
180.4 263.4 220.3
645.2 74.1 24.7 -37.4 -64 -10.1
1721.8 209.1 -32.4 128.4 202.1 -63.9
2945 66.2 318.7 -1.7 275.5 2.6
178.2 280.8 245
651.4 64.7 24.1 -43.6 -79.2 -8.2
1747.6 228.5 -14.8 129.3 191.7 -62.6
2983.4 100.9 324.7 -28.3 252.3 18
winner is: 7
