Regression analysis information for: andalusian_mismatch_interrogative-partial-wh_Por-que-vivia-en-Paris
number of formants: 3
number of coefficients: 5
99.7 373.7 243.3
456.6 9 49.1 29.6 46.8 -38.9
1574 -64 -113.9 -196.2 177.7 109.6
2392.1 -141.6 -108.7 -60.4 53.8 176.7
106.8 389.7 234.4
468.1 8.5 51.1 47 36.2 -41.6
1672.5 -120.1 -117.1 -154.4 121.6 176.1
2452.8 -132.8 -115.2 -29.5 60.2 189.3
112.2 389.3 237
473.3 -1.1 44.5 57.5 19.4 -47.3
1735.1 -136.2 -154.5 -113.9 86.4 207.6
2531.7 -118.8 -117.6 8.7 36.9 196
112.5 431.1 215.7
469.9 -3.9 37.8 51.8 7.7 -57
1712.5 -122.5 -106.2 -80.5 35.9 154.8
2581 -101.6 -104.3 40.2 15.7 189.3
109 378.5 209.5
467.6 -5.4 25.9 50.5 -2.6 -66
1743.5 -93.1 -192.8 -137 135.2 106.1
2609.8 -66.2 -121.3 34.9 35.3 176.5
110.8 256.1 195
476.8 3.8 34.3 56.1 7.9 -59
1917.2 -220.8 -203.1 -201.1 166.1 251.9
2701.6 -101.8 -69 12.3 55.5 204.1
111.4 253.9 169.7
476.5 5.8 38.1 55.5 3.2 -58.9
1956.5 -292.9 -137.7 -180.8 105.3 252
2745.1 -131.9 -18.4 -4.2 41 193.8
108.4 212.5 144.2
474 11.8 39.5 55.4 1.7 -53.4
2026.1 -293.5 -154.5 -199.4 49 317.5
2783.4 -133.7 6.3 -6.8 26.1 199
99.9 211.5 137.4
466.4 28.3 40.2 70.5 6.3 -32.7
2048.4 -273.2 -151.9 -205.2 64.1 354.2
2814.3 -114.2 50.5 21.4 70.6 237.3
92.2 225.5 148.6
458.3 30 35.9 72.3 4.9 -27.6
2070.1 -245 -152.5 -215.2 54.9 340.7
2830.4 -95.5 55.5 28.1 69.8 237.5
95.6 246 158.3
457.6 36.5 38.3 70.2 -1.4 -34
2090.7 -216.5 -143.2 -211 50.4 340.6
2861.5 -53 76 63.7 64.8 261.4
103.4 259.8 176.7
457.3 37.9 30.2 49.4 -30 -63
2092.9 -223.8 -147.8 -216 30.6 328.3
2900.6 -33.6 91.2 63.8 37.9 224.2
106.1 274 202.7
460.2 48.5 39.7 58.7 -23.6 -57.2
2095.2 -197.6 -130.9 -210.3 37.4 326
2938.4 3 115.1 92 70.2 215.5
109.9 271.4 207.7
460.2 54.2 39.5 60.9 -27.7 -58.9
2091.1 -207.6 -121.3 -217.7 23.2 320.3
2934 -21.7 128.3 74.1 49.2 143.1
116.8 278.9 195.7
463.9 57.6 51.3 69.9 -12.2 -51.5
2113.1 -217.8 -100 -186.8 36 313.3
2951.1 -38.1 188.8 73.5 59.7 141.4
168.8 286.6 252.1
503.3 17.1 105.8 44 32 -93.5
2166.2 -224.9 -74 -174.9 70.7 306.1
3062 -56.2 294.4 87.1 147.5 102
188.7 284.4 259.4
517.6 -8.9 134.5 31.4 64.5 -101.3
2193.7 -222 -60.2 -185.5 114.9 318.8
3118.4 -88.4 363.6 49.6 219.8 84.4
199.8 284.7 277.1
526.7 -29 151.6 37.1 77.2 -72.8
2227.9 -234.2 -61.2 -185 144.6 321.1
3173.4 -111.9 368.1 62.3 272.1 95.7
216.1 281.8 290.5
536.9 -43.3 169.1 23.1 89.3 -83.3
2253 -237.5 -66.9 -200 158.8 305.2
3234.2 -133 396.7 31.2 307.7 49.1
248.6 301.3 315.8
565.1 -66.2 214.4 11.3 118.2 -88.8
2291.5 -236.3 -22.4 -214.8 174.4 306.8
3305.5 -140.3 436.3 16.8 355.9 44.3
winner is: 9
