Regression analysis information for: andalusian_match_interrogative-partial-wh_Por-que-hablaba-del-agua
number of formants: 3
number of coefficients: 5
140.8 191.3 380.5
582 -64.7 -18.7 -15.2 8.8 9.4
1189.5 138.6 88.2 -27.1 43.1 -60.7
2016.4 49.6 177.8 -9.8 13.3 -27
146.5 203.3 414.5
594.3 -60.9 -14.2 -14.6 27.3 14.2
1221.4 153.9 69.9 -27.1 67.8 -43
2091.8 80.7 105.8 -89.1 81.3 43.7
149.3 206.5 407.5
614.5 -79.8 -6.7 -32.8 53.3 11.4
1268.4 130.2 28.4 -8.9 93.1 -58.3
2191.6 23.4 19.9 -87.5 140.1 71.5
150.7 202.8 360
634.4 -107.9 -5.5 -52.1 58.1 -1.4
1297.6 120.5 -13.9 -17.3 87.4 -68.3
2290.2 0.7 -7.4 -92.5 153.9 64.6
153.8 218.7 301.1
644.2 -103.7 -1.2 -49.4 62.7 1.7
1339.4 123.6 -17.5 -8.1 90.2 -102
2398.3 -65.3 11.6 -25.7 138.9 54.2
162.1 241.1 267.2
652.3 -105.8 4.6 -46.9 58.2 -0.4
1377.3 166.8 -3.8 -43.5 37.5 -124.3
2475.8 -79.9 27.4 -0.6 89.5 58.2
165.6 244.6 266.2
652 -99.1 1.7 -41.3 52.1 -1.3
1394.9 187.5 -10.9 -62.4 3.8 -143.6
2496.2 -46.7 51.7 -22.5 48.7 49.2
166.6 236.6 231.4
653.8 -100.7 -5.9 -44.1 50.2 -8.2
1425.8 202.9 -34.4 -86.2 -2.4 -184.9
2551.5 -24.7 7.6 -30.6 89.1 19.3
165 250.2 208.1
661.1 -84.4 16.2 -29.9 70.6 -1
1458.9 234.3 -1.8 -68.6 46.5 -173.3
2637.8 17 25.6 -10.9 197.6 13.2
162.2 248.4 201.5
654.8 -49.3 24.4 -2.1 80.5 4
1462.6 238.6 24.2 -52.2 91.4 -155.4
2659.3 67.5 82 -9.4 261.1 32.4
160.4 246.6 193
651.1 -41.7 33.2 1.1 81.6 -0.7
1454.8 248.2 24.5 -55.1 81.4 -156.8
2671.4 79.8 71.3 -32.8 239.8 27.8
160.8 249.3 195.4
649.9 -36 39.5 5.4 83.9 -1
1463.2 268.6 27 -38.2 75.6 -159.1
2685.4 89.6 75.1 -14 243.5 29
164.8 268.5 187.9
654.9 -28.5 53.4 8.8 86.3 -2.2
1489.8 279.6 43.8 -26.4 77.5 -180.4
2717.6 86.7 85.3 9.6 245.2 1
166.4 279.7 187.4
650.8 -39.8 48.3 -4.7 72.3 -14.6
1503.1 282.8 50.4 -32.9 72.8 -192.8
2736.9 90.2 83.4 24.4 240.2 -7.1
176.3 309.5 207.1
657.5 -27.7 67.4 4.1 75.4 -4.9
1531.6 266.6 103.5 -55.6 112.8 -213.4
2783.4 62.6 154.7 -15.9 266 -34.3
183.1 339.7 229.8
670.4 -42.4 87.1 -5.8 81.6 -2.3
1576 205.5 142 -102.5 109.2 -222.1
2834.8 49 200.1 -42.9 238.8 -10.3
184.7 372.5 256.3
687.4 -65 106.8 -17.4 81.4 2
1622 154.6 188.2 -118.3 105.4 -217.3
2878.1 20.4 201.2 -66 214.1 13.7
186.9 399.4 265.4
690.1 -74.8 105.2 -18.7 86.1 4.3
1661.3 128.7 214.8 -93.5 77.8 -167.9
2923.6 39.5 207.5 -39.8 212.7 35
195.5 433.2 289
706.1 -63.8 122.2 2.2 89.5 20.9
1718.1 96.6 260.2 -57.4 25 -97.1
2974.8 52.1 240 -11.5 192.5 57.5
208.4 454.4 307.4
731.7 -48.3 150.9 11.3 83.9 30.8
1775 79.8 322.4 -48.9 -5.6 -53.6
3030.7 73.5 294.5 -3.7 185.4 53.4
winner is: 11
