Regression analysis information for: andalusian_mismatch_declarative-narrow-focus_Mi-madre-come-la-fruta
number of formants: 3
number of coefficients: 5
173.9 246.4 281.8
534 -11.5 24.4 -1.7 -78.9 20.2
1384 43.8 99.2 97.8 -85 127.8
2162.1 -5.4 136 133.4 -9.1 84.1
176.8 271.8 306.4
544.2 -44.8 41.6 -30.8 -63.1 4.2
1420.3 -23.3 90.8 65.1 -63.5 91.9
2214.7 -66.8 108.2 125.6 -17.8 65.3
178.2 271.3 294.5
562.1 -69.7 50.1 -44.4 -37 -17.1
1451.5 -95.2 91 66.2 -0.6 51
2268.3 -137.7 122.6 138.2 21.5 48.3
178.8 261.5 263.8
579.4 -103.1 69.5 -62.4 -31.6 -16
1476.7 -150.9 91.2 62.4 21.6 65.7
2329.1 -223.3 120.8 149.4 40.3 45.6
181.1 244.6 235.1
591.3 -121 71.9 -72.2 -19.3 -20.9
1548.3 -177.2 63.5 43.3 71.2 -0.9
2423.2 -256.9 84.4 119 54.1 13.5
190.7 233.6 196
610.5 -116.1 64.8 -85.5 -22.4 -27.9
1614.7 -127.5 39.1 -28.7 13.4 -10.8
2544.4 -202.9 38.1 13 -37.6 17.5
200.3 240.9 175
623.8 -120.1 56.9 -83.1 -18.7 -27.5
1650.3 -131.4 36.9 -41.5 27.4 -9.7
2609.6 -171.6 25.3 -13.9 -26.9 56
209.3 236.4 154.8
621.7 -100 54.2 -61.4 -21.8 -26.4
1739.3 32.3 125.1 13 20.9 -84
2668.6 -72.9 3.1 -0.7 -9.6 62.6
205.7 237.8 145.8
616.3 -88.4 37.5 -24.3 -36.4 -45.8
1763.6 68.8 157.5 25.6 16.8 -102.9
2714.5 -66.7 41.7 -3.8 -8.1 38.2
213.4 255.4 166.2
636.3 -108 45 -12.1 -29.3 -47.6
1789.9 61.9 174.6 50.4 20.9 -100.7
2748.8 -85.7 67.7 10.5 2.4 34
225 281.8 205.6
662.9 -143.3 42.4 21.5 -41.3 -60.7
1814.4 31.9 183.7 72.8 13.2 -97.4
2803.7 -133.4 103.9 27 25.8 8.8
239.4 292.3 218
682.2 -152.4 81.9 30.7 -25.2 -49.2
1842.6 -2.5 225.1 63.4 34.2 -105.7
2844.9 -147.1 152.9 39.1 60.6 8.1
249.8 303.2 238.9
696 -191.5 84.5 39.4 -46 -50.6
1867.5 -47.5 247 65.5 29.9 -114.2
2882.2 -196.7 172.6 46.3 59.3 2.2
250.6 303.3 248.6
696.9 -198.6 90.7 36.6 -49.8 -43.5
1884.1 -76.5 266.6 49.8 40 -112.5
2920.7 -251 199.9 41.2 48.5 26
261 289.1 255.7
713.6 -205.5 111 50.9 -50.4 -25.4
1897.2 -170.9 262.2 43.9 24.1 -60.8
2945.7 -316 198.5 49.5 25.2 69.7
258.8 288.8 256.2
719.3 -231.4 112.8 44.5 -60.5 -30.1
1927.4 -200.9 264.3 41.5 40 -62.7
2994.7 -349.7 203.4 44.4 55.5 50.8
275.4 298.8 272
733.5 -225.7 96.8 34.3 -49.4 -7.6
1984.2 -174.6 205.9 9.8 70.4 3.8
3037.6 -355.6 174.5 22.1 71.1 100.5
287.9 291.6 286.1
751.8 -213.9 88.5 35.2 -34 19.1
2039.3 -163.8 200.6 -2.3 93.4 14.8
3106 -341.9 189.7 35.7 97.7 126.5
303.5 283.3 280.2
778.6 -192 123.7 61.9 -11.8 59.4
2109.9 -146.7 233.6 35.1 88.4 48.5
3186.5 -318 237.9 86.4 120.5 196.6
322.7 283.1 291.4
801.5 -185 104.7 62.5 3.7 85.3
2181.9 -134.2 214.8 34.1 113.1 77
3274.4 -280 242.7 100 152.7 270.2
winner is: 9
