Regression analysis information for: andalusian_mismatch_interrogative-total-yn_El-nino-oye-el-rio
number of formants: 3
number of coefficients: 5
75.8 375.1 243.1
481.4 20.1 40.8 41.9 105.5 39.4
1449.2 120.4 -15.3 234.5 220.5 -147.7
2432.1 141.5 -116.1 35.7 -21.4 -133.9
78.7 397.1 244
485.7 15.8 40.5 38 106.3 30
1481 116 -33.5 250.1 229.3 -155.1
2479.5 148.8 -132.6 6.4 24.1 -90.4
78.4 399.5 241.6
492.2 22.8 45.5 46.7 112.6 32.8
1538.4 215.8 -31.9 223.5 253.4 -243.8
2532.1 185.6 -135.8 3.4 41.5 -112.8
75.8 400.2 239.9
491.2 30.8 45.3 51.8 110.9 37.7
1603.6 284.2 -28.5 177.1 220.2 -251.5
2585.8 213.1 -117.5 4.7 50.4 -137.6
78.1 383.8 249.1
494.1 36 45 66.3 105.9 43.6
1749.2 403.3 -40.6 131.2 0.1 -277
2662.6 270.2 -93.8 -2.3 -14.5 -152.5
82.8 397.1 266.9
504.1 40.1 52.8 86.3 105.8 49.4
1842.4 299.8 -39.7 288.9 -147 -118.1
2703.6 204.8 -38 60.6 -101.9 -105.5
86.6 387.5 238.9
506.1 37.1 58.1 88.2 106.4 48
1875.8 289 -28.9 282.7 -158.3 -128.2
2758.8 158.6 4 39.3 -101 -56.2
83.5 335.3 180.8
510.8 34.9 62.2 73 109.8 48.8
1970.9 341.9 -34 169.8 -186.3 -117.2
2858.8 150.1 -25.6 -54.5 -58.9 17.6
88.1 336.3 184
516.2 24.7 52.7 72.2 111.2 40.7
2006.5 343.1 -39.3 149.4 -172.4 -123.6
2897.1 144.4 -42.1 -65.5 -46.1 33.5
96.2 353.5 188.6
521.3 9.4 46.9 70.6 111 25.1
2037.1 326.3 -35.6 118 -158.6 -139
2942.2 110.7 -2.9 -95.7 -38 23.1
96.9 362.4 197.3
521.4 2.9 48.6 65.5 111.6 18.9
2064.9 322.7 -34 86.1 -169 -162.4
2986.3 76.1 9.8 -111.2 -6.5 -4.8
100.7 357 198.2
524.1 -5.4 58.1 58.8 119.7 10
2091.6 331.5 -19.3 59 -171.5 -177.9
3018.6 57.9 46.5 -127.1 5.9 -17.9
108.9 357.1 206.8
525.4 -11.9 55.6 66.1 122.8 1.2
2113.2 342 -31.7 55.5 -183.3 -201.3
3064.1 51 42.4 -146.7 -10.4 -51.7
121.1 349.8 225.5
529.3 -13.3 37.7 89.2 118.3 -10.9
2126.3 368.7 -39.7 59.1 -185 -213.6
3095.8 57.2 34.7 -114.4 -18.8 -66.7
131 353.2 229.9
529.9 -15.4 18.2 113.8 107.3 -19.5
2121.5 360.9 -47.1 87.4 -173.6 -215.4
3118.3 53.1 28 -95.6 -40.1 -97.3
148 357 250.2
538.9 -19.4 12.5 129.6 111.4 -28.1
2122.6 347.2 -61 118.6 -145.1 -200.3
3146.4 23.6 14.4 -63.8 -23.9 -107.7
167 388 271.7
552 -19 11.7 152 116 -32.4
2109.6 305.5 -94.4 147.2 -84.7 -147
3169.8 -20 -7.9 -19.3 21.2 -75.3
170.5 381.6 289.2
558.1 -10.3 27.5 153.3 126.9 -20.3
2138.7 316.1 -101.1 142.8 -78.5 -158.1
3200.1 -24.4 -2.6 -13 44.7 -51.4
191.5 389.1 323
576 -13.1 28.9 173.8 134.6 -25.9
2186.8 282.7 -75.1 124.1 -62.4 -174.4
3272.4 -54.3 -6.2 10.5 62.7 -70.1
201.6 376.3 324.6
583.9 -28 35.6 166 139.5 -33.3
2243.1 288.5 -60.9 83.8 -92.2 -214.4
3339.4 -17.7 -13.7 -24.6 46.6 -120.3
winner is: 8
