Regression analysis information for: andalusian_mismatch_declarative-broad-focus_Mi-novio-viene-del-lago
number of formants: 3
number of coefficients: 5
119.4 320.9 317.8
514.8 -67.9 66.1 47.8 26.7 45.5
1439.1 92 -16 103.9 147.3 -136.8
2287.1 31.6 34.3 170.2 132 -133
120.6 325 298
522.8 -88.1 69.7 42 23 42.6
1526.4 58.4 -0.9 121.5 132.1 -165.8
2369.4 36 58.7 133.7 85.7 -127.9
118.6 342.7 302.8
521.3 -91.9 65.8 36.7 18.2 42.8
1567.5 88.2 -11.2 96 118.9 -190.9
2458.3 100.9 7.9 26.6 72.1 -130.7
114 362.4 277
522.4 -102.7 62.8 31.1 7.1 51.5
1603.4 74.8 -47.1 70.7 139.4 -141.3
2550.7 76.5 -36.9 -5 50.8 -51.4
111.7 367 249
522.9 -111 61.6 24.1 0.6 56.5
1654.2 84.9 -86.9 24.8 146.1 -124
2598.1 45.2 -70.5 -30.2 46.9 -39.2
115.1 384.4 223.4
523.4 -101.1 66.8 29.8 1.2 62
1666.1 109.2 -83.8 19.8 158.5 -115.4
2653.9 26.2 -64.5 17.3 53.5 0.2
116.4 392.1 218.3
516.5 -76.3 58.2 42.9 10 53.5
1632.1 184.7 -68 -53.2 214.9 -83.6
2681.7 82.9 -39.4 7.6 87.3 36.4
120.6 390.1 205.1
518.5 -72.5 66.3 45.2 14 54
1648.2 196.8 -52 -91.2 264.8 -95.1
2723.3 104.9 -45.3 -16 97.9 16.2
127.6 398.2 206.6
525.7 -53.6 83 59.9 30.6 61.8
1683.9 183.7 -48.2 -78.6 289.2 -123.3
2758 107.6 -51.8 -14.6 112.7 -8
130.6 396.6 187.1
525.8 -59 88.2 50.8 38.6 46.9
1729.7 196.2 -28.8 -73.9 308.7 -214.7
2802.1 137.1 -26.7 -34 122.1 -61.3
141.5 426.9 216.5
535.7 -56 111.8 53.8 52.5 51.6
1829.4 119.7 -27 35.1 267.8 -283.3
2845.4 146.3 31.7 -33.9 128.7 -82.3
135.6 414.1 203.8
525.3 -76.4 92 43.1 40 42.5
1871.9 64.7 -97.8 91.2 252.5 -346
2872.4 111.2 -7.8 -23 126.4 -117.5
149.2 412.7 230.8
546.9 -69.1 124.4 64 52.4 68.5
1945.4 13.6 -7.5 132.1 286.5 -330.2
2938.6 68.8 62.9 -9.5 148.4 -96.8
147.5 403.7 241
549.8 -79.6 126.4 62.5 46.7 76.3
1963.5 -20.6 24.4 137.1 270.4 -324.9
2962.9 41.7 97.8 -4.1 141 -97.7
156.9 410.4 239.6
562.7 -65.5 146.3 75.6 54.3 86
1997.2 -26.3 45.5 133.7 284.9 -314.5
3008.7 57.7 138.3 10.2 167.8 -90.8
165 421.6 235.1
574.1 -51.8 166.8 90.4 67.9 109.2
2042.9 -16.9 57.9 133.7 303.5 -267.4
3049.3 58 141.5 -0.9 184 -72.7
178.6 428.3 249.5
590.2 -23.2 192.8 112.4 87.6 137.4
2086.9 10.5 55.2 119 332.9 -187.4
3102.7 76.9 153.7 -20.3 191 -33.5
188.3 412.3 256.2
608.7 10.8 223 136.9 109.9 164.3
2105 40 70.6 93.9 375.5 -122.2
3120.5 101.9 174.2 -23.4 230 14.6
184.8 389.4 272.2
611.7 23.8 230.6 146.6 117.3 174.5
2109.2 34.7 96.1 68.4 371.4 -85.1
3137.3 89.3 175.7 -36.7 224.8 70.3
172.2 383.4 297.9
623 4.1 235.4 155.2 90.1 203.7
2174.9 -37 130.1 95.9 276 -16.1
3193.6 54.5 212.5 -25.7 160.5 131.4
winner is: 10
