Regression analysis information for: andalusian_match_interrogative-partial-wh_Cuando-lleva-el-abrigo
number of formants: 3
number of coefficients: 5
82 365 304.5
483.4 12.7 23.1 0.4 61.5 13.1
1389.6 1.2 -94.5 -95.4 -196.3 266
2261.9 -86.2 104 -88.5 -177.9 328.3
75.2 365 316.3
479.4 32 14 9.6 53.9 14.8
1387.5 43.5 -86.6 -79.9 -244.4 258.8
2303.1 -28.2 133.7 -62.3 -253.8 307.2
76.4 413.2 348.2
480.7 29.1 20.6 16 63.3 13.6
1368.9 26.1 -59.1 -46.5 -167.7 243.4
2329.9 -54.4 151.8 -19.8 -221.3 266.3
85.4 420.9 364
485.7 5.1 13.2 0.1 74.8 -7.6
1436.5 -3.4 -142.5 -39.4 -72.3 159.8
2446 -65.9 73.4 26.7 -137.2 168.6
97.3 392.6 277.6
509.3 25.6 24.6 17.3 83 -39.2
1560.5 -6.2 -193.5 43.2 -82.7 96.2
2600.7 38.8 -34.1 35.4 -44.1 63.8
104.1 366.1 236.1
514.7 28.4 35.7 29.9 106.5 -26.1
1639.7 14.1 -205.7 25.4 -100.4 107.1
2682.5 68.2 -49.9 -9.5 -68.3 81.2
110.3 342 181.2
530.2 49.9 40.2 31.3 90.4 -54.9
1694.6 20.1 -213.1 72.8 -123.8 54.1
2764.1 80.7 -15.8 15.4 -97.2 49.1
108.3 334.1 151
535.1 62.2 52.6 43.2 101.9 -42.8
1738.6 24.9 -182.1 112.6 -126.9 114.5
2808 87.3 18.4 34.3 -101.6 79.9
105.8 334.5 148
530.1 76.4 58.4 51.8 99.9 -30.8
1740.5 63.1 -184.7 137.5 -129.9 145
2828.4 110.9 18.9 56.3 -113.2 101
108.7 355 156
527.9 88.1 71.7 57.9 105.8 -24
1744.6 94.1 -151.3 139.3 -100.4 149.9
2849.3 120.9 81.7 64.1 -114.2 128.6
109.4 363.6 160
518 75 66.5 47.6 98.7 -29.4
1719.4 108.5 -138.2 105.5 -72.6 124.8
2831.1 137.9 94.7 37.6 -101.4 100.4
109.8 391.6 171.9
516.6 73.6 70.9 43.8 98.7 -32.4
1730.6 95 -119.2 111.9 -64.8 113.6
2840.9 145 102.6 45 -80.7 85.2
107.7 426.1 190.2
523.9 62.7 88.7 31.7 110.1 -40.2
1762.6 84.9 -84.1 117.9 -46.8 111.8
2878.1 120.2 122.2 44.6 -79.9 83.2
111.7 460.1 248.6
542.1 68.3 126.1 40 139.2 -28.4
1819.5 25.8 10.1 76.4 19.1 92.5
2953.5 61.7 217.6 1.5 -18.2 62.4
109.4 470.2 242.6
545.7 53.9 133.7 29.6 143.8 -31.9
1850.1 -5 52.3 55 53.2 97.3
2995.5 30.9 260.5 -30.5 25 54.9
110.1 457.3 245.4
549.6 50.7 135.4 21.9 139.5 -40
1889.4 -61.7 73.9 41.2 22.1 115.6
3028.9 12.4 279.4 -59.5 38.2 37.2
108.1 457.6 243.2
550.6 49.6 137 24.6 144.9 -35.4
1905.8 -56.3 81.3 48.1 41.3 130.8
3053.6 29.1 290 -43.9 71.3 63.1
112.6 460.8 252.9
555.5 65.6 140.3 31 142 -35.5
1925.2 -51.1 88.1 49 47.9 123.2
3082.4 62 306.7 -36.6 89 63.3
113.9 455.4 258.9
554.1 67.7 132 32.4 135.5 -37
1967.9 -32.1 122.2 45.2 56.2 94.5
3124.3 75.7 337.4 -42.4 112.1 44.3
112.1 437.7 265.8
554.6 75.8 126.1 41.8 133.4 -30.5
2023.2 3.3 154.1 81.4 106.2 118.2
3166.7 92.1 345.6 -35.8 138.9 61
winner is: 9
