Regression analysis information for: andalusian_mismatch_interrogative-total-yn_La-maestra-vive-en-Paris
number of formants: 3
number of coefficients: 5
134.4 400.2 304
519.5 110.5 25.1 -40.6 16.9 54.2
1306.6 135.7 166.3 -183.2 227.8 50.3
2217.7 -5.1 134 7 176.4 164.9
132.5 416.9 329.2
523.3 115.6 18.6 -52.5 12.1 61.5
1354.3 148.3 122.9 -197.2 232.9 54.2
2264.8 2.1 110.5 41.1 194.1 168.7
132.8 421.2 334.3
532.3 117.6 19.1 -38.5 9 55.5
1450.7 109.3 72.7 -130.6 240.3 -7
2349.9 23.8 76.9 103.8 188.5 147.1
128.9 355.4 291.8
534.8 122 17.3 -37.8 9.3 27.5
1592.2 74.6 -16.4 -16.1 222.9 -91.7
2482.1 -14.9 32.5 153.4 182 96.5
137.1 332.2 239.9
550.9 101.9 15.2 -14.6 -5.3 42.5
1649.8 -5.3 -25.3 41.4 213.9 -9.6
2576.4 -101.1 54.4 165 170.5 130.2
136.5 322.9 218.8
562.2 102.1 2.5 -35.2 -5.3 46.7
1716.2 -48.9 -24.1 5.1 181.9 69.3
2646.2 -99.8 68.8 99.3 173.3 127
137 308.4 197.6
556.5 98 1.8 -38.9 -11.1 46.6
1763.6 -97.3 -14.7 -21.7 144.1 114.1
2692.2 -100.1 51.7 87.8 157 137.5
135.2 275.7 157.5
560.6 111.8 2.4 -49.2 -19.2 44.6
1812.4 -32 -11.6 -74.6 162 103
2750.1 -25.9 40.1 40.5 152.2 121.1
133.4 256.9 134.8
558.7 112.2 5.2 -51.1 -25.1 41.6
1849.7 -49.8 19.3 -83.3 127.4 125.7
2778.4 -3 53.9 36.6 126.6 118.8
137.9 240.8 124
561.6 122.9 21.4 -42.7 -25.3 41.5
1904.9 -51.2 82.5 -62.8 113.6 176.3
2805.6 1 72.9 30.4 117.7 127.6
158.7 245.3 133.5
572.2 120.5 12 -73.4 -9.8 60.8
1955.7 -62.9 135.8 -72.8 92.6 226.9
2834.8 -16.4 86.4 -20.4 99.1 137.8
183.9 240.6 154.1
594.5 130.3 22.3 -92.4 12.9 85.3
2009.8 -52.1 178.7 -117.6 78.4 290.7
2881 7.1 146 -32.3 119.9 167.9
206.7 244.1 189.4
605.4 109 28.3 -116.8 36.6 89.2
2012.1 -43.2 187.9 -148.8 122.1 295.5
2906.2 -27.5 150.8 -88.6 160.5 163.9
243.7 257.2 233.3
627.6 93.5 60.8 -138.7 67 89.3
2022.8 -50.8 223.2 -170.4 139.9 318
2945.5 -61.5 197.7 -131.7 206 164.1
267.1 269.5 261.1
639.1 63.4 73 -167.4 88.9 78.2
2044.9 -84.6 235.5 -177.4 147.6 331.9
2979 -107.6 214.6 -181.7 250.2 149.6
269.3 276.8 273.3
632 58.2 58.3 -159.8 76.4 79.2
2041.3 -83.5 221.3 -185.4 160.6 328.9
3009.3 -87.9 237.6 -191.9 296.3 150.2
296.5 280.6 304.1
652.6 30.6 88.6 -185.5 106.5 63.8
2069.5 -105.9 220.9 -201.1 181.3 322
3073.4 -141.2 296.2 -238.6 373.6 131.4
345.9 295.1 369.6
701.3 19.4 103.4 -225.7 162.4 93.2
2109.9 -131.8 208.2 -225.8 221.1 326.1
3149.3 -175.3 312.4 -293.4 423 147.6
353.4 301.7 384.4
710.6 -7.9 116.6 -280.4 183.7 74.1
2128.1 -155 197 -257.6 260.3 302.6
3186.9 -232.9 334.2 -345.4 461.1 125.7
388.2 308.1 422.7
741 31.2 168.4 -242.7 238.6 97.2
2162.5 -157.3 200.4 -247.3 301.8 309.8
3252.9 -223.8 400.6 -313.1 541.8 150.9
winner is: 10
