Regression analysis information for: andalusian_match_declarative-broad-focus_Marta-abre-el-regalo
number of formants: 3
number of coefficients: 5
167.1 226 285.5
566.3 61.6 3.5 -16.2 -68 5.7
1297.4 21.9 21.8 110.9 128.3 -49.6
2059.4 19.4 42.8 120.2 273.6 -128.6
166.5 238.4 307.7
577.7 77 1 -33 -80.6 10.8
1338.3 23.4 -29.8 125.9 139.8 -74.6
2121.4 45.8 54.5 114.9 292.2 -118.3
159.9 252 335.3
585 69 8.4 -44.7 -80.5 12.2
1388.9 -2.5 -27.3 109.1 134.3 -93.7
2219.4 -14.9 69.2 108 263.4 -97.2
163.2 256.2 319.3
599 75.6 22.1 -39.5 -79.2 19.2
1448.8 -16.8 25.8 134.7 105.7 -88.6
2315.4 -38.8 112.7 142.9 225.1 -105.5
168.1 224.9 269.8
619 75 19.6 -46.6 -83.1 30.2
1508.2 -43.6 32 167.1 68.4 -38.2
2407.7 -64.3 118.1 183.4 178.5 -37
173.8 225.9 254.3
634.4 90.5 29.3 -53 -86.2 28.4
1541.9 -20.3 32.4 147 67.1 -40.2
2465.2 -42.8 113.2 169.7 193 -23.1
183.2 227.1 242
633.9 94.2 30.5 -55.3 -83 24.9
1573.4 -6.7 52.7 121.9 71 -69.2
2521.9 -17.4 127.7 132.6 191.4 -30.5
187.7 221.8 220.3
635.8 92.3 38.3 -61.7 -77.6 19
1581.3 20 113.6 83.7 28.4 -86.7
2562.8 40.5 167 108.2 150.5 -80.1
184.1 218.1 208.1
640.4 89.3 43.7 -73.4 -74.1 12.5
1600.2 13.9 141.1 54.7 46.1 -91.8
2594 56.1 187.1 74.5 166.3 -52.8
191.6 241.5 219.9
653.8 115.1 66.3 -57.8 -55 28
1629.9 48.3 180.1 68.9 75.6 -79.8
2636.3 70.2 223.1 71.2 204.4 -51.9
186.9 234.4 232.9
637.4 74.6 42.6 -94.4 -80.4 -10.2
1651.7 8.1 171.1 44.4 94.3 -125
2664.3 39.9 219.7 27.9 212.4 -70.7
188.2 245 230.9
637.1 75.9 44.1 -88.1 -71.7 -15.3
1692.9 31.9 130.5 25.4 114 -113.8
2713.2 63.6 203.9 -16.3 230.4 -42.8
189 245.3 216.1
644.6 81.4 51.1 -97.7 -66.4 -7.5
1724.2 37.2 144.3 5.1 130.3 -117.2
2760.7 88.5 194.8 -57.5 240.5 -10.1
192.6 255.6 232.2
650.3 103.1 58.9 -93.5 -59.5 1.9
1766 83.2 175.6 16 155.2 -119.2
2804 121.4 219.7 -74 253.6 -16.6
201.3 255 234.4
673.2 89.9 65.3 -89.2 -43.5 -5.3
1810 50.6 206.5 5.5 188.9 -129.2
2847 90 248.3 -71 302.7 -24.2
206 266.9 231.2
677.4 88.2 54.8 -76.9 -38 -10.5
1812.9 57.1 197.4 5.5 173.8 -125.9
2861.6 88.7 228 -57.4 302.2 -21.3
215.6 273.6 251.4
695.5 97.8 69.6 -55.1 -19.7 -8.5
1846.1 51.2 240.5 32.9 220.7 -126
2918.5 91.7 273.9 -52.4 326.8 -45.1
223.9 274 255.2
700.7 90.9 58.5 -48.3 -18.4 -17.8
1880.2 41.5 239.8 46.8 265.5 -131.4
2955.5 90.8 295.1 -41.6 344.7 -61.6
236.9 290.5 276
713.2 99.7 65.1 -29.8 -14.8 -16.1
1918.4 23.7 211.5 66.3 311.2 -125.6
3001.2 99.8 289.4 -30.4 358.2 -73.3
245.8 300.5 298.6
730.2 86.4 71.2 -20.5 -18.5 -9
1964.9 -13.3 218.5 68.7 330.2 -103.1
3034.8 85.8 313.5 -22.8 363.3 -63
winner is: 9
