Regression analysis information for: andalusian_match_declarative-broad-focus_Mariano-habla-del-tiempo
number of formants: 3
number of coefficients: 5
134.9 217 266.8
545.5 37.2 11 -67.8 131.3 -51.6
1418.1 -55.8 69.5 214.3 -28.3 -54.3
2213.3 -160.7 231.7 117.2 -132.6 20
142.9 237 287.6
544.6 43.4 6.2 -68.9 124.7 -53
1443.2 -14.8 69.4 217.4 -39.8 -62.9
2259.1 -129.1 218.8 150.2 -115.1 7.9
150.1 268.5 312.5
548.8 54.8 -7.6 -76.1 123.3 -43.6
1477.9 23.1 77.6 199.1 -34.4 -66.5
2331 -90.4 174 139.4 -42.6 1
149.8 283.3 323.5
551.1 55.5 -21.3 -90.6 124.4 -28.4
1497.7 77.4 38.1 170.8 -28.3 -103.8
2398.6 -58.8 146.2 134.2 24.5 12.2
156.5 299.6 304.9
566.5 60.8 -23.3 -102.4 123.6 -19
1540.1 97.1 50.9 143.1 -34 -85.8
2463.9 -76.2 143.7 104.3 64.1 33.8
169.1 323.5 284.6
591.8 52.9 -13 -103.4 113.5 -17.1
1621.2 79.4 89.5 140.2 -100.8 -68.9
2582 -82.3 176.3 74.1 81.1 -15.5
179 306.3 255.8
591.2 59.7 -24.3 -110.7 101.5 -27.7
1667.2 42.7 98.7 191.8 -156.8 -44.5
2670.2 -60.4 159 49 74.3 -39.6
185.6 287.1 263.8
592.7 56 -22.9 -112.2 104.5 -25.3
1682.5 -64 127.5 274.1 -145 32.5
2693.6 -85.5 160.1 40 52.1 -25.8
188.9 288.7 260.6
589.2 64.3 -24 -109.8 104.3 -23
1683.2 -71.2 143.1 270.3 -137.6 43.9
2702.5 -96 174.9 35 43.7 -20.5
188.7 306 251.5
589.5 76 -20.7 -105.7 105.6 -21.1
1737.6 11.1 118.9 214.7 -216 -17.8
2777.3 -61.7 177.8 18.8 33.9 -34.6
198.2 307.1 225.6
599.1 79 -25.4 -90.9 88.2 -11.4
1773.2 74.3 95.1 188.9 -261.9 -14.9
2836.8 -27.9 118 30.4 34.2 -16.5
201.8 305.8 214.4
612.4 106.6 -16.8 -79.6 89.8 -5.8
1811.6 136.3 102.7 166.3 -309.4 -17.5
2884.4 -2.4 118.9 38 35.5 -42.3
230.3 331.5 240.6
644.3 105.2 29.9 -68.5 89.7 -13.3
1875.7 106.8 187.2 158.9 -291.4 -49.3
2932.4 -19.3 196.4 27.5 31.1 -60.3
244.6 327.8 227.6
656.9 66.7 38.2 -69.9 83.9 -18
1906.9 47.4 209.6 126.6 -286.4 -57.5
2967.3 -44.1 195.9 7.5 49.4 -68
267.8 334.1 244.2
676.4 54.5 49.8 -43.5 78.8 -6.4
1947.5 5.8 254.1 122.7 -284.3 -53.6
3005.8 -70 213.2 12.6 33.5 -68.7
265.8 334.2 237.9
682.1 79.6 64.5 -42.2 107.4 21
1991.5 -3.5 293.5 120.2 -269.8 -22.9
3044.3 -55.1 223.5 -4.5 57.5 -20.7
284.4 341.8 256.1
689.3 62.9 52.1 -21.8 97 22.6
2007.3 -19.1 299.8 144.7 -269.3 -12
3064.6 -94.4 224.2 59.1 38.9 8.2
283.1 342.1 254.6
703.4 92.6 84.4 12.8 134.8 53.2
2029.7 -4.4 335.9 172.7 -239.6 8.8
3092.6 -72.5 268.4 115.4 63.7 47.6
305.5 348.7 277.6
736.8 111.6 119.6 65.5 151.8 78.8
2059.9 9.6 375 200.2 -240.5 11.3
3148.3 -47.2 304 161 59.2 72.7
291.2 345.4 306.9
754 155.1 150.4 101.9 172.2 89.8
2067 52.1 389.8 237.1 -253.4 -0.8
3187.6 8.3 342 195.6 62.2 80.4
winner is: 1
