Regression analysis information for: andalusian_match_interrogative-total-yn_Maria-bebe-el-vino
number of formants: 3
number of coefficients: 5
87.8 258.2 254.2
438.1 85.6 -15 -48.1 -50.5 -14.8
1478.9 89.6 -329 0.8 -98.9 46
2213.2 -13 -177.6 91.1 -176.4 -54.6
80.3 307.3 293.4
435 75.7 -9.6 -47.3 -36.5 -0.9
1528.2 82.6 -319.4 12.2 -117.2 49.4
2267.2 -4.9 -127.9 123.4 -148.9 -43.3
70.6 341.2 308.1
432.8 62.9 -6 -37.9 -31.7 13.4
1545.2 62.8 -251.4 102.3 -139.6 66
2288.4 4.8 -40.3 235.1 -135.7 -109.6
69.5 344.4 299.6
429.1 57.3 -4.6 -32.7 -30.4 14.5
1556.5 31.4 -231.7 169.5 -141.6 56
2320.9 22.2 -10.4 240.2 -135.7 -111.2
69.8 291.7 283
431.3 62.2 -5.8 -35.3 -38.4 13.9
1538.6 -16.1 -239.4 234.4 -36.8 98.5
2341.9 35 4 241.5 -106.7 -122.9
70.8 283 300.3
436.6 63.3 -3.6 -39.5 -37.7 13.3
1595.8 0.5 -250.8 229.6 -50.7 79.6
2437.3 58.3 -75.8 173.3 -45 -59.2
85.3 296 240.7
452.5 85 13.3 -38.6 -38.7 4.7
1719.7 97.4 -260 161.2 -180 8.3
2600.1 137 -117.9 80.9 -42 4.7
96.4 264.2 206
462.7 91.1 24.6 -46.4 -31.9 -0.3
1815.6 121.4 -265.8 105.6 -254.5 -63
2676.9 134.7 -105 36 -77 -35.4
96.3 280.2 200.8
463.8 90.8 24.1 -57.6 -39.8 -13.9
1833.1 145.3 -235.1 37.5 -269.5 -92.8
2718.4 110.9 -85.4 18.3 -101.3 -44.7
99.7 291.6 199.6
465.1 95.5 28.4 -54.9 -37.1 -9.8
1859.5 135.3 -215.2 17.3 -269.2 -102.4
2779.1 47.4 -58.2 25.1 -141.3 -11.6
106.7 303.6 188
471.2 88.6 45.7 -60 -21.2 -14
1877 147.5 -199.2 -2.6 -227.3 -105.2
2842.1 -7.3 -4.1 -1.5 -134.2 13.2
109.7 315 201.6
472.8 85.1 52.3 -53.9 -18 -6.3
1897.2 132.4 -190.1 28.7 -258.7 -83.2
2885.2 -28.7 33.5 -3.2 -157.5 24.8
118 323.4 193.9
479.6 104 69.2 -29 -1.9 17.3
1931.8 130.8 -189.4 76.3 -237.9 -95
2894.2 -45 59.3 46.9 -64.4 25
120.9 332.3 196.6
480.2 107.8 75.3 -25.3 4.2 15.3
1948.3 124.7 -182.7 108.1 -232.6 -100.2
2911.9 -39.8 73.4 74.1 -59.8 26.5
122.6 347.8 216
494 140.8 107.1 2.3 32.6 35.1
1990.8 147.1 -127.9 131.5 -206.8 -115.2
2963.9 -5.2 123.7 97.6 -45.3 24.4
118.9 349 231.5
485.9 129.1 95.8 -11.7 22.2 26
1995.8 119.5 -136.4 126.7 -222.5 -131.2
2997.3 -17.8 137.2 77.7 -64.6 -6
127.8 350 245.5
496.3 145.2 121.4 -3.6 42.6 38.3
2041 121.3 -71.5 142.1 -197.1 -123.2
3062.2 -41.7 212.3 73.4 -44.9 -17.6
141.4 341.6 254.5
512.5 133.6 103 24.3 43.4 13.3
2081.6 87.4 -63.4 159.8 -203.5 -133.2
3120.9 -99 244.8 77.7 -41.5 -20.2
157 349.4 278.4
536.3 161.9 129 66.6 74.1 29.6
2123.2 93.9 -40.6 189.3 -174.7 -124.2
3169.2 -91.6 272.9 112.5 -18.2 -6.4
173.3 349.4 274.4
550.1 151.3 156 60.3 89.3 27.4
2178.6 64.4 11.2 171.3 -133.7 -113.7
3246.6 -147.2 358.6 88.4 20.1 4.5
winner is: 8
