Regression analysis information for: andalusian_match_declarative-broad-focus_Ana-lleva-el-abrigo
number of formants: 3
number of coefficients: 5
145.1 322 305.1
506.5 90.2 49.9 -14.8 -12.2 -112.4
1319.7 49.2 75.6 12.6 32.7 -23
2238.6 -94.7 131.7 94.3 -13.3 139.3
154.4 360.4 314.9
525.3 104.2 73.7 -9.7 -3.2 -103.7
1373.5 60 97.9 19.2 11.5 -15.7
2308.3 -79.7 170.6 98 -38.2 145.6
165.2 364.8 327.1
532.4 111.2 82 -9.5 2.5 -96.9
1394.7 76.3 126.7 7.7 -10.5 -20.4
2346.9 -60.8 199 81.9 -47.2 140.4
172.5 380.1 340.7
554.2 61.5 100 -43.3 9.5 -118.2
1467.1 -4.9 114.3 43.9 -58.4 -23.8
2430.4 -94.1 203.1 61.9 -44.1 130.3
170.2 376.4 305.9
562.2 77.1 102.5 -36.6 13 -128.9
1568.2 -20.8 26.3 124.8 -50.8 -19.8
2557.1 -99.4 112.4 109 23.6 96.2
172.5 373.3 259.5
575.3 62.6 92.5 -45.5 25.6 -140.4
1650.2 -34 -49.3 86.5 -2.4 -45.9
2651.6 -117.8 41.6 88.2 57.2 62.6
174.1 382.8 235.6
588.9 81.4 110 -30.2 44.2 -133.5
1699.8 0.5 -60.8 60.2 35.3 -16.6
2723.2 -70.5 59.5 92 54.9 45.7
169.6 382 218.7
615.7 106.7 149.1 -22.7 60 -126.3
1783.8 28 -18.3 13.5 19.8 8.5
2787.4 -13.1 119.3 96.5 67.4 50.6
161.3 389.9 219.6
620.7 110.3 172.8 -13 82.6 -130.6
1822.8 25 55.1 26.8 84.7 18.7
2843.3 -2.9 157.9 105.1 103.1 56.7
169.1 405.9 244.7
635.3 94.3 206.2 -32.9 104.1 -133.4
1844 3.9 105.4 26.8 137 22.2
2874.1 -45.7 216.8 107.4 182.3 62.9
170.7 410.5 240
628.5 84.3 205.8 -44.8 97.7 -140.8
1855.1 -15.9 127.1 -2.6 137.2 16
2902.4 -81.8 239.1 70.3 192.8 55
170.8 408.2 243.3
636.1 99.2 222.2 -36.1 102.4 -128.2
1891 -9.7 158.4 -43.9 127 25.9
2957.7 -58.9 261.5 24.8 165.4 58.7
177.3 404.2 250.1
629.2 62.2 210.3 -66.4 86.4 -140.6
1891.9 -5.9 160.3 -89.4 126.3 11.3
2975.7 -100.1 272.6 -18.8 155.8 60
187.8 400 250.3
641.9 71.4 226.7 -51.6 78.6 -115.7
1936.1 -16.3 194.3 -97 115.2 53.1
3015.9 -101.7 293.6 -36.9 123.2 73
191.1 397.1 244.4
656.2 73 253.6 -47.6 95.6 -105.1
1973.5 -5.4 226.7 -100.8 96.9 85.6
3059.4 -78.9 332.7 -40.5 107.1 91.1
185 381.1 226.1
659.4 66.1 260 -53.1 95.9 -110.1
1991.5 -15.3 241.2 -97.8 76.9 89.7
3078.7 -92.7 350.9 -52.4 94.6 74.2
176.6 374.8 221.3
650.1 53 232.9 -64.3 81.4 -116.4
2009.5 -23.7 221.3 -98.8 93.5 98.9
3116.1 -79 347.3 -51.3 108.5 94.5
185.1 373.5 219.2
659.7 77.1 241.4 -37.4 98.7 -85.1
2036.8 -26 208 -88.4 117.2 133.7
3157.6 -71.6 347 -53.7 143.6 145.3
191.7 360.7 218.4
665.6 96.5 238.5 -18.4 107.6 -67.1
2072.6 -33.4 208.4 -72.4 122.4 182.3
3197.9 -50 358.7 -42.1 163.4 185.9
206.6 358.3 237.2
673.1 85.8 243.8 -25.2 112.7 -74.8
2104.5 -37.8 218.1 -74.6 140.2 189.2
3235.3 -48 373.8 -55.1 188.6 197.6
winner is: 8
