Regression analysis information for: andalusian_mismatch_declarative-broad-focus_El-hombre-mira-la-luna
number of formants: 3
number of coefficients: 5
120.1 303.3 279.8
517.1 -30 108.9 46.2 99.8 -118
1316.3 96.7 133.8 -28.2 174.6 -93.7
2179.4 54.7 188.1 37.4 137.3 -60.3
126.5 306.6 293.3
539.4 -54.9 119.6 38.1 115.4 -127.8
1403 85.4 99.7 -31.2 216.6 -93
2269.1 -2.1 174.7 48.5 131.3 -58.1
132.5 319.8 295.2
551.9 -64.9 113.3 43.3 118.8 -140.5
1453.2 78 78.3 6.4 208.8 -145.5
2356.6 8.8 145.3 45.9 81.5 -100.6
143.7 282.6 261.4
563.4 -66.5 107.2 57.8 117.4 -138
1583.5 120.1 27 45.9 216.4 -192.1
2492.8 42.8 59 23.9 117.6 -73.5
148.8 259.7 213.5
578.8 -61.2 113.7 74.6 121.6 -134.3
1654.3 135.3 25.3 93.2 232.8 -223.3
2583.3 44.3 9.9 40.5 108.2 -92.7
149.3 248.1 198.1
589.9 -46.4 132.9 87.8 136.4 -128.4
1688.6 167.9 68.5 127.3 270.1 -212.9
2629.5 62.3 21.8 46.4 121.3 -86.5
144 244.3 185.7
591.2 -63 140.3 73 145.1 -136
1694.9 127 86.2 101.1 279.7 -205.6
2671.4 33.4 35 46.1 115.9 -56.7
147.2 235.5 188.6
595.1 -42.9 154.1 81.5 148.2 -137.4
1708.3 133 109.5 115.7 309.8 -184.3
2713.2 38.7 64.9 72.7 138.4 -19.7
150.8 238.1 190.4
587.5 -32.1 150.2 85.1 143.3 -136.5
1710.9 126.8 108.7 133.2 325.6 -179.1
2745 23.3 79 82.6 130.2 -7.2
157 258.2 222.6
581.3 -36.9 148.7 82.3 129.5 -127
1710.4 87 143.6 115.6 285.6 -141.6
2735.9 3.5 143.5 21 50.2 49.9
157.7 276.6 242.3
571.3 -19.2 139.5 91.7 115.7 -120
1723.5 120.1 168.7 108.9 280 -169.6
2757 13.5 196.5 -5.4 51.6 49.1
166.2 277.7 238.3
594.7 15.6 181.1 106.9 142 -128.8
1767.2 158.4 166.9 126 325.9 -209
2805.8 44.4 229 22 75.7 6.8
166.8 259.5 228.7
600.7 -2.8 193.1 92.2 141.3 -134.7
1802.6 159.4 212.9 116.6 314.9 -230.3
2850.5 21.4 226.8 17.9 88.3 -39.4
170 248.2 215.2
612.5 -4.4 205.6 97.1 148.1 -133.5
1848.3 177.6 235.7 113.4 284.9 -256
2926 53.9 221.3 38.9 117.8 -70
174.8 251.9 215.6
621.5 -32.4 214.7 83 140.9 -131.2
1881.5 127.9 286.3 80.3 243.6 -250.3
2959.8 19 241.8 -0.8 104.6 -69
186.2 268.9 208.3
632.6 -25.4 221.6 88.5 128.9 -110.4
1929.5 122.4 283.7 75.6 230.9 -199.3
3012 15.6 240.6 4.2 104.3 -35.3
195.1 284.9 220.1
640.5 -27.1 220.8 87.5 120.2 -91.9
1963.4 108.5 284.3 75.7 204.5 -145.7
3043.3 16.8 237.1 9.6 99 -7.3
198.4 296.6 225.5
643.8 -31.4 216.1 81 114.5 -80.1
1995.2 99.1 285.9 84 193 -97.5
3069.8 18.7 233.1 5.5 102.4 23.6
194.3 319.1 222.2
633.2 -35.4 203.7 93.1 100.8 -71.9
2029.1 92.1 269 98.9 177.4 -40.8
3092.4 9.5 257.8 28.7 100 37
201 339.8 252.2
647.7 -58.2 200.5 92.7 84.2 -46.4
2065.8 54.3 262.3 120.4 144.2 -3.1
3120.9 4.1 239.7 26.9 86.1 69
winner is: 8
