Regression analysis information for: andalusian_mismatch_declarative-broad-focus_El-bebe-comia-muy-bien
number of formants: 3
number of coefficients: 5
64.6 322.5 230.6
447.5 65.6 18.5 37.4 21.4 46.7
1523.1 -117.2 302.8 -68.3 -246 250.4
2326.5 -34.1 157.2 -13.8 25.7 73.5
66.4 312.2 241.4
446.5 64.8 14.6 37.4 21.5 45.9
1505.8 -136.4 351.5 -37.2 -241.7 226.2
2356.4 -59.1 163.8 -5.1 7.6 91.6
68.3 300.3 260.3
446.2 64.8 3.7 33.6 17.7 47
1521.3 -73.4 349.9 -133.8 -269.7 254.1
2392.8 -41 128.7 -23.9 -8.8 89.2
67.8 303.3 267.4
443.7 64.1 3.4 33.3 19.8 49.2
1596.1 7.9 377.7 -132.4 -279.4 221.1
2451.4 -6 130.1 4.6 -28.2 51.4
69.6 307.8 228.8
448.8 65.3 -1.3 37.6 13.1 43.3
1764.6 3.2 268.9 -37.4 -311.7 143.7
2549.7 18.4 65.7 0.4 -70.7 62.4
73.9 301.9 180.7
456.2 69.7 -2.1 46.3 16.3 45.5
1815 65.1 274.8 17.5 -311.1 135.4
2614.4 57.2 39 30.9 -99.3 42.9
78.5 323.2 146.1
460.3 68.9 -8.4 51 20 44.7
1881.3 17.7 224.8 54.3 -244.4 44
2685.8 50.5 18.1 68 -51.3 28.1
96.5 321.3 132.9
475.2 43.4 15.6 27.9 49.7 21.4
1914.5 -13.1 248.9 29.3 -201 27.2
2724.1 35.4 19.7 57.2 -22.3 20.4
88.2 314 126.6
467.7 51.7 4.2 35.3 43.7 28.4
1928.1 -60.1 256.1 11.6 -172.4 32
2734.3 0.2 6.3 47.5 -18.3 18.9
82.2 315.2 124.5
463.3 56.4 2.6 38.5 47.1 32.8
1951.4 -97.3 289.8 -15.8 -125 9.9
2762.7 -28.4 29.4 26.5 26.1 5.9
81.6 310.3 121.6
460.9 59.5 7.6 38 52.6 32.5
1969.1 -105.1 313.5 -24.2 -98.1 -5.5
2785.6 -42.8 66.4 18.2 58.3 -7.9
86.1 312.8 120.8
461.7 60.6 20.6 35.4 61.8 32.1
1977.7 -98.6 343.7 -24.5 -101.3 -10.7
2804.6 -40.4 89.3 27.5 74.4 -15.7
82.7 312.4 119.2
454.8 59.9 14.9 31.9 53.4 30.3
1969.9 -94.2 370.9 -28.5 -120.6 -9.4
2807.5 -33.2 101.5 34 83.7 -16.9
90.7 310.6 125
457.3 55.6 22.7 25 60.6 29.4
1988.6 -92.5 369.1 -43.3 -81 -6.5
2827.7 -23.5 143.4 27.6 134.5 -15.1
87 301.5 118.1
452.9 53.2 10.3 24.1 50.9 23.1
1996.3 -85.6 343.6 -27 -78.7 -36.2
2842.6 -47.1 156.5 6.7 155.8 -45.5
105.7 307.6 146.8
472.6 64 21.1 39.6 76.7 36.6
2045.3 -66.1 319.2 25.9 -19.4 -34.9
2892 -32.6 170.8 36.5 215.2 -25
111.2 311.9 159.4
475.7 65.6 13.4 44.2 78 42
2071.9 -69.4 296 31.1 -15.7 -16.8
2921.9 -31.9 158 43.6 229 2.1
140.2 301.1 208.5
503.4 80.4 37.9 53.9 114.9 51.4
2152.2 -62.8 214.4 19.8 64.1 32.8
2987.5 -23.3 148.5 55.6 284.5 36.8
159 275.7 263.4
536.3 83 36.9 50.9 154.4 61
2251.2 -60.3 114.4 -10.5 165.4 103.2
3067.2 -12 131.2 64.1 355.4 80.4
160.3 247.6 252.1
536.7 88.9 27.8 65.8 151.7 59.1
2265.3 -61 133.3 8.5 123.5 100.3
3093.9 -17.4 140 96.9 343.6 76.6
winner is: 15
