Regression analysis information for: andalusian_match_interrogative-total-yn_Ana-lleva-el-abrigo
number of formants: 3
number of coefficients: 5
116 322.2 276.2
501.3 114.7 69.4 11.7 18.6 -29.2
1254.7 94.3 76.6 73 -208 125.9
2111.7 10.4 67.4 88.4 -123.1 153.3
112.1 348.5 291.3
492.5 87.3 54.2 -2.5 22.3 -25.9
1265.6 31.5 66.1 92.4 -232.7 109.6
2153.1 -81.7 96.4 99.6 -147.7 159.4
127.9 360.5 312.7
507 85.8 71 -11.5 26.4 -34.5
1303.4 44.7 22.5 66.4 -146.2 90.4
2258.6 -144 72.7 84.6 -118.3 171
136.6 381.4 327.6
541 126.1 98.4 14.7 59.1 -36.3
1387.9 111.3 20.6 100.7 -103.2 66.7
2401.8 -107 58.6 116.8 -73.1 169.7
141.7 335.8 289.5
554.4 136.5 102.3 20.6 55.9 -59.2
1498.4 107.8 -103.1 142.3 -113.3 -6
2507.9 -75.3 5.6 182.2 -29.4 94.3
148.9 315.1 263.9
576.7 158.7 107.3 29 74.9 -61.9
1596 155.8 -174.2 159.7 -73.9 4.5
2599.2 -6 -53.8 154.2 26.8 119
147.8 333.7 258.2
554.4 145.1 76.3 36.2 67.7 -43.3
1619.6 138 -215.7 198.6 -69.9 62.4
2609.8 0.7 -57.3 178.1 55.1 176.6
146.1 325.8 235.1
558.5 152.4 82.2 36.6 66.1 -44.1
1652.8 157 -211.2 240.6 -79.4 58.5
2664.2 16.5 -22.4 173.1 19.3 184
148.4 327.4 226.5
575.4 185.8 109.7 54 69 -40.2
1691.3 201.7 -167.2 250.9 -92.3 41.7
2743.7 31.9 66.2 171.4 -19.8 179.1
145.6 365 261.2
603 179.7 162 44.4 95.2 -50.5
1738.8 146.2 -56.7 226.1 -28 14.9
2820.1 -17.1 203.4 103.9 10.3 131.4
155.4 365.8 259.6
619.6 169.2 177.5 32.5 81.1 -55.8
1792.4 136.9 -28.5 185.6 -50.9 -5.3
2891 -29.6 239.5 48 5.6 88.4
154.7 358.1 240.7
623.3 148.9 180.6 21.9 75.1 -54.2
1809.1 125.5 -37.4 157.4 -25.9 -20.4
2921.8 -49.6 242.9 19.7 53.4 61.3
158.2 372.7 250.1
622.3 140.9 177.8 16.5 70.9 -54.3
1836.6 116.3 -22.9 148 -38.5 0
2947.3 -64.6 251.7 17.7 27.4 74.5
151.6 391.8 247.6
629.9 128.9 193.9 3.9 88 -60.6
1872.4 125 -15.5 96.5 -40 0.1
2991.3 -48.5 267.2 -25.1 50.3 83.6
154.4 405.3 263.5
633.6 129.6 200.2 10.8 93.1 -48
1884.9 115.5 1.9 49.7 -19.9 11.8
3025.5 -67.8 296.5 -51.8 74.8 110.4
154.2 407.5 282.1
627.2 129.7 196.4 16.9 95.5 -39.6
1895.8 101.8 3.5 43.6 -35.2 32.7
3054.4 -98.7 315.2 -83.2 72.2 129.7
158 415.2 285.6
629.7 124.7 207.3 32.8 98.2 -21
1925.7 55.2 34.2 37.8 -56.4 68.3
3087.7 -135.9 339.9 -85.7 58.1 149.7
164.3 412.9 287.6
628 116.6 202.7 39.5 90.7 -9.8
1941.1 52 30.3 51.9 -81.7 100.9
3116.4 -154.7 349.8 -89 54.9 170.7
172.5 424.3 313.7
637.2 141.9 218.5 59.7 103 2.3
1961.8 73.8 32.5 71 -70.9 110.6
3147.8 -118.1 346.8 -66.7 55.3 195.7
173 432.7 330.3
649.4 154.9 238 70.5 115.7 9.9
2005.6 82.5 52.3 96 -45.7 122.8
3180.1 -95.2 353.7 -37.9 65.5 212.9
winner is: 9
