Regression analysis information for: andalusian_mismatch_interrogative-partial-wh_Cuando-lavaba-el-plato
number of formants: 3
number of coefficients: 5
102.9 219 333.8
529 16 4.7 29.9 -2.8 106.8
1139.4 30.4 123.4 -40.7 -4.3 51.7
1973.8 -21.4 185.6 -66.9 71.1 91.2
108.5 237.8 373.3
546.3 12.2 -6 46.3 3.8 109.4
1188.1 47.2 122.5 -27.9 -14 66.7
2075.7 24.6 136.4 -50.3 123.3 87.1
113.6 259.8 378.9
566.6 11.7 -14.1 59.3 18.1 111.4
1252.4 25.7 84 23.1 22.1 64.7
2197.1 19.1 55.3 -31.5 205.7 84.6
113.4 262.3 342.9
582.5 -16.4 -32.9 60.7 28.7 93.1
1301.9 -54.4 36.9 47.4 30.7 65.5
2303.5 -127 -5.5 -5.5 234.6 114.6
117.4 225 291.9
604.7 0.5 -16.5 74.9 28 93.8
1397.6 -74.3 48.3 148.6 -12.8 57
2459.3 -71.6 81 102.2 147.6 66.8
116.9 202.7 234.8
607.1 10.6 -15.9 82.5 11.6 102.7
1441.9 -72.1 55.4 159.8 -50.8 55.3
2553.8 -24.4 71.5 97.1 120.4 56
120.6 202.5 217.5
611 13.3 6.2 76.4 -2.7 86.4
1463.9 -61.4 79.5 155.2 -77.3 22.6
2600.8 2.9 87.6 97.5 100.1 7.3
121.6 208 163.2
606 14.8 5.7 69.8 -13.4 81.5
1480.1 -43.9 75.1 134.5 -110.1 22.3
2675.1 76.8 74.3 43.1 19.7 -25.2
125.9 230.5 155.5
610.4 21.5 25.6 68.2 -5.1 81.9
1493.2 -27.9 109.3 137.8 -89.5 18.3
2709.6 101.5 98 41.9 19.2 -46.4
134.3 243.2 153.5
621.6 20.1 18.9 95.3 -6.4 67.9
1510 -17.7 128.5 163.8 -84 18.2
2733.4 105.9 91.6 64.4 8.3 -68
134.7 267.5 172.2
627.8 7.2 43.9 81.3 12.7 69.5
1541.8 -24 209.9 167 -41.3 36.7
2780.2 93.6 152.7 67.2 45 -75.1
138.7 270 187.2
627.1 -13.8 48.5 73.8 27.7 63.1
1537.5 -82.4 237.5 141.4 -24 5.6
2812.3 62.5 218.5 34.7 100 -101.9
138.7 276.2 199.3
623.7 -27 47.9 68.1 32.7 60.3
1534 -92.9 266 150.3 -7.2 13.5
2813.5 35.3 238 50.8 139.3 -77
137.9 281.6 215.8
623.6 -29.1 52.9 73.7 39.1 61.4
1528.9 -93.1 296.8 155.3 21.1 10.3
2805.7 20.9 241.2 70.6 183.1 -58.5
138.7 291.6 228.9
625.7 -40 62.9 68.3 41.2 63.3
1544.3 -135.6 307.3 128.2 23.5 5.2
2832.1 -11.1 270.4 58 186.8 -56.3
140.3 306.8 239.8
627.8 -38.9 78.2 60 50.1 69.4
1568.7 -138.1 343.4 112.1 49.7 1.6
2859.9 -20.2 298.8 52.6 198.8 -61.8
148.3 316.5 243.4
638.4 -37.3 83.2 66.5 54.6 68.2
1590.6 -151.1 363.7 90.1 51.1 -9.6
2909.8 -46.8 352 41.2 209.9 -72.8
147.4 328.2 234.2
633.9 -26.7 91.7 42.4 61.8 83.8
1603.6 -123.8 386.6 85.2 56.7 -15.6
2956.7 1.9 416.6 27.4 216.9 -85
156.9 346 244.9
640.1 -26.6 97.9 40.7 59.9 87.2
1651.8 -132.1 394.4 109.4 64.4 -56
3035.2 46.3 437.8 53.8 229.3 -147.3
163.3 384.4 328.9
660.2 -44.6 42.8 58.7 63 60.3
1795.6 -93.3 214.8 105.3 215.5 -20.8
3170.5 61.7 270.2 58.9 365.2 -123.9
winner is: 8
