Regression analysis information for: andalusian_match_declarative-broad-focus_Maria-bebe-el-vino
number of formants: 3
number of coefficients: 5
83 359.9 240.6
417.7 84.5 -35.6 -38.1 8.1 15
1362.5 50.6 -127.7 -78.4 89.1 30.3
2258.1 -24.8 -7.7 143 -236 40.7
88.2 375.7 257.3
419.4 85 -27.6 -31.3 3.3 16.5
1387.9 36.7 -79.4 -81.1 39.3 16.4
2297.5 -61 20.9 139.5 -232.7 35.3
89.3 399.1 279.7
420.3 77.5 -23.7 -34.4 -0.1 0.3
1420.7 -21.2 -39.3 -23.8 -62.4 -79.4
2331.8 -94.6 25.2 131.3 -220.9 -9.9
87.7 370 277.1
417 68.9 -21.4 -36.5 -1.1 -15.3
1454.4 -91.9 21.7 85.8 -152.5 -190.9
2361.9 -104 71.3 161.9 -218.3 -73.9
88.9 388.6 299.5
423.3 83.8 -29.7 -35.2 -1.6 -10
1502.8 -75.5 -25 104.3 -120 -155.3
2437.3 -66.7 37.5 144.9 -174.9 -45.9
101.9 347.6 294.2
438.5 87.6 -11.8 -45 0.2 -34
1578.1 -155.8 -108.5 175.4 -55 -119
2539.1 -115.3 2.8 119.5 -88.9 -50.8
107.7 320.6 247.6
448.5 95.2 -8 -46.1 18.4 -24.3
1710.4 -165.2 -196.9 187.7 -13.6 -31.5
2669.9 -124.5 -14 73.5 -14.9 -17.9
126.3 286.8 179.7
467.5 102.8 11.2 -57.6 32.7 -28.7
1811.9 -97.6 -180.1 157.6 -40.1 -26.7
2770.9 -76.6 29 41 -18.9 -7.5
125.1 283.8 149.2
470.6 118.9 16.3 -53.3 31.4 -24.8
1881 -19.2 -160.1 127.8 -127.9 -79.3
2820.9 -52.6 50 23.2 -49.5 -9.1
128 284.4 139.6
474.4 138.1 29.1 -40.1 38.6 -7.9
1926 13.7 -129 165.6 -139.7 -31.5
2849.7 -19.7 49.4 44.6 -36.2 34.9
124.8 283.7 149.5
470.8 145.1 28.1 -33.3 31 0.9
1952.7 -15.7 -100.7 163.4 -187.1 32.4
2857.5 -28.7 56.6 50.7 -33.6 46.9
118.4 293 153
462 142.4 22.8 -30.6 19.8 1.1
1973.2 -24.5 -104.8 168.4 -242.2 80.9
2867.3 -18.1 55.3 46 -62.8 55.2
118.7 298.5 168.3
462.6 147.5 36.9 -18.6 26 4
2026 54.7 -76.6 104.3 -310.9 50.5
2902.8 27.4 85 43.4 -70.4 45.1
119.6 302.1 182.3
462.3 153.3 45.9 -8.7 31.5 7.2
2037.3 55.8 -62.5 116.2 -310.4 52.1
2930.5 48.2 124.7 62.2 -52.6 64.7
127.2 310.3 194.9
466.7 145.9 59.7 -8.9 39 8.6
2064.8 18.3 -24.1 104.5 -301.6 51.3
2947.9 19.8 150.2 48.7 -50 57.7
159 331.9 212.6
491.2 82.8 110.3 -62.2 84.2 -31.4
2099.4 -25.6 33.9 100 -272 26.8
2977.3 -38.2 214.3 12.1 -0.9 19.1
141.2 335.6 227.4
480.4 86.5 93.5 -60.8 77.8 -36.1
2097.8 -20.9 20.7 101 -262.2 -17.2
3003.5 -64.2 253.5 16.1 22 -3.5
142.1 342.2 231
505.8 90.2 142.7 -55.8 118.9 -27.6
2136.5 30.7 45.2 153.3 -176.9 -61.5
3061.8 -60.2 311.4 55.9 96.4 10.1
146.6 340.1 223.3
515.4 68.6 161 -76.2 135.9 -44.2
2174.5 9.4 60 149.6 -150.7 -74.5
3097.1 -63.6 330.9 28.9 148.8 6.2
151 338.8 232.5
519.7 62.8 169.2 -80 140.1 -43.2
2211.6 -15.2 72.1 148.6 -129.2 -80.8
3128.9 -80.1 350.6 -5.5 190 -14.6
winner is: 10
