Regression analysis information for: andalusian_mismatch_interrogative-partial-wh_Por-que-desayuna-muy-bien
number of formants: 3
number of coefficients: 5
73.8 434.7 275.1
445.6 49.6 23.4 -33.9 30.9 38.4
1385.8 -8.5 -12.6 -111.5 64.6 118.5
2326.4 -143.6 -43.9 -84.5 34.7 164.8
80.8 428.7 272.8
452.9 58.8 28.2 -24.4 34 40.1
1482.7 -10.6 -95.6 -107.2 140.6 125.5
2384.7 -117.4 -59.4 -42.8 77.1 182.2
91.3 434 251.2
466.9 72.6 28.4 -22.2 28.7 28.9
1565.9 -25.9 -144.1 -98.9 148.5 118.7
2473 -46 -27.4 2.4 92.7 169.5
94.7 429.7 255.7
468.5 67.2 11.6 -29.2 27.5 26.9
1582.3 -43.1 -207.2 -45.5 180.1 151.7
2532.1 -88.6 -99.3 -3.7 65.9 173.6
97.6 405.4 230.6
468.7 71.7 14.5 -28.5 34.4 26.4
1566.2 -67.1 -203.7 12.8 247.5 127.1
2561.5 -100 -115.2 44.7 100.4 165.7
94 382.5 207.1
473.3 64.9 9.8 -33.4 24.1 26.7
1714.5 -39.5 -291.5 -91.1 114.2 141.8
2661.5 -66.5 -170 0.5 17.8 148.4
91.2 340.8 170.4
476 63.4 11.8 -34 17.7 28
1859.8 -90.7 -267.2 -161.4 -22.1 180.7
2748.6 -63.4 -156.6 3.9 -33.6 114.9
89.9 294.5 147.4
476.7 59.3 12.4 -39.9 6.9 23.5
1944.7 -160.3 -200.7 -200.6 -83.1 199.9
2799.9 -65.5 -114.4 15.4 -46.1 110.7
98.9 285.4 153.6
480.5 72.3 28.9 -32.3 19 40.3
1982.4 -178.8 -169.8 -220 -59.6 213.1
2838.6 -43.8 -102.6 17.4 -22.6 116.9
103.2 296.8 160.1
479.9 76.4 44.4 -35.5 34.9 40.9
2019.1 -219.8 -119.4 -251.2 -36.6 218.4
2858.3 -50.4 -66.5 15.3 -3.8 127.4
102.4 319.4 175.4
476.4 80.7 49.3 -34.4 40.5 40.7
2033.3 -201.6 -102.5 -278.6 3.9 224.5
2887.9 -28.7 -42 24.6 -19 147.7
105.3 326.6 188.5
475 73.2 55.2 -42.7 42.5 32.5
2022.6 -198.1 -80.5 -331.6 69.3 179.8
2935.2 -59 17.8 -32.6 39.5 88.5
106.5 329 203.1
470.3 84.9 58.5 -31.3 40.6 40.2
2001.5 -160.9 -53 -361.5 75.9 184.5
2915.5 -24.3 41.4 -54.1 14 106.6
116.1 328.1 209.5
475.6 100.7 44.9 -35.9 40.4 51.5
2012.5 -154.4 -49.8 -346.5 47.9 195.9
2922.3 27.9 -17.1 -10.2 -9.4 135.2
147.7 329.9 232.7
498.3 99 62.3 -45.8 71.2 56.8
2057.1 -161.8 -58.3 -337 67.1 198.1
3007.3 -22.5 29.9 -72.9 66.6 118.6
166 359.4 294.6
512 134.8 41.6 -22.6 76.3 106.7
2085.5 -152.7 -68.9 -286.7 39.4 252.6
3070.9 55.5 -73.9 -32 31.4 276
179.8 352.5 314.3
530 151.1 66.8 -11.7 107.9 126.2
2170.5 -172.7 -59.6 -169.4 8.8 298.5
3143.5 32.4 -39.5 -9.8 63 312.7
183 345.6 323.7
546 179 98.1 23.3 134.1 152.1
2221.3 -158.1 -47.9 -107.3 41.5 316
3204.7 37.3 11.7 -3 139.2 335.1
186.5 335.1 315.6
566.1 193.7 116.8 52 156.5 143.9
2277.2 -127.9 -24.1 -53.2 69.9 313.7
3278.3 32.4 27.4 7.8 208.4 337.1
197.7 338.2 327.8
580.3 208.4 104.6 58.6 155.4 137.4
2326.4 -91.1 -15.3 -68.5 106.7 333.4
3331 41 27.5 -19.2 237.7 377.1
winner is: 8
