Regression analysis information for: andalusian_mismatch_declarative-narrow-focus_El-hombre-mira-la-luna
number of formants: 3
number of coefficients: 5
119.4 282.6 296.3
502.9 -127.5 48.1 -13.5 42.3 -53.8
1384.6 3.7 198.9 -92.1 87.6 9.3
2256 -37.8 125.2 -18.6 160.2 53.3
126.2 292.8 271.6
513.2 -136.6 43.7 -7.7 38.6 -46.6
1481.2 -5.6 134.6 -105.5 103 18.1
2380.3 -61.1 32 -27.4 156.7 74.8
131.7 285 242.3
524 -142.2 24.7 -7.5 46.7 -50.3
1543.1 -11.6 104.2 -72.8 121.5 -33.6
2461.6 -70 -26.8 20.4 148.1 27.9
143.2 288.8 215.5
538.4 -149.3 41 -0.9 40.9 -24.1
1579.7 12.2 143.2 -53 112.3 -25.7
2521.4 -64.8 -11 20.4 112.5 16.7
152.2 288.6 187.4
546.9 -140.2 39.9 18.4 45.8 -13.5
1617.3 29.2 140.7 -2 125.3 -51.2
2578.7 -66 -34.9 51.9 101.9 -12.7
153.1 297.3 187.7
541.9 -131.2 46 16.1 44.7 -7.4
1619.1 31.3 146.3 -36.3 144.5 -12.3
2620.6 -23.4 -7.5 17 39.5 -26.1
163.9 283 172.8
548.3 -110.2 58.1 36.2 61.3 -2.2
1651.7 48.4 96.7 8 178.5 1.9
2676.1 16.2 -18.3 45.1 30.9 -81.7
180.8 269.8 185.5
560 -66.6 85.9 75.1 94.6 22.9
1682.6 93.5 63.5 32.5 245.1 54.7
2700.5 40.9 -15.3 81.8 81.5 -47.9
188.6 275.2 211.7
574.2 -35.7 132.6 103 119.6 53.3
1698.9 123.2 117.9 37.3 285.1 84.6
2706.5 80.7 35.3 88.6 85.3 11.2
186.8 267.8 222.2
572.5 -53.3 128.6 90.6 111.3 49.9
1739.1 115.8 118.3 0.7 328.9 108.4
2735.3 71 49 70.3 92.6 34
189.2 274.2 210.9
586.3 -21.8 160.4 115 141.5 67.8
1789.4 105.6 158.1 -23.9 370.9 79.1
2792.4 55.8 86.3 65.8 117.7 16.4
199.2 263.8 203.8
606.9 -9.7 180.3 130.3 166.8 87.8
1866.3 140.6 149.2 -19.9 440.1 61.2
2858.9 66.9 77.7 101 172.1 8.9
200.4 253.6 193.1
616.1 -15.9 185.1 127.8 176.4 91.6
1909.4 118.4 163.8 -50.8 474.2 50.9
2910.8 53.7 126.3 88.2 187.3 6
201.8 256.4 185.6
623.6 -28.8 188.4 128.7 163.9 100.3
1931.4 99.8 180.8 -59 465.8 43.4
2938 40.6 154.9 89.2 183.6 17.9
196.5 250.7 170.7
628.4 -32.5 195 131.2 160 105
1954.8 71.5 201 -76.5 470.6 40.5
2974.8 6.1 194.9 73.2 197.6 21.3
201.4 254 176.3
630.8 -5.1 212.6 149.3 172.5 114.6
1960.2 84.6 213.3 -77.2 486.4 33.4
3002.3 13.1 222.8 83.2 228.1 24.1
204.8 257.3 184.7
635.6 18.1 229.6 167.9 184.7 120.1
1977.7 75.2 228.1 -41.9 445.7 68.8
3022.5 7.8 256.5 85.1 236.9 38.7
205.4 253.2 199.2
642.5 44.3 240.8 180.8 194.4 126.2
2030.6 19.9 228 20.9 368.7 119.8
3056 9.6 262.9 90.5 251.1 44.9
208.2 245.3 209.5
649.9 38.8 250.3 186.3 187.5 131.4
2075 -0.9 255.3 63.2 330.6 172.1
3088.1 13 282.3 97.6 277.4 70.7
214.1 251.3 231.2
656.3 57.8 258.2 194.1 195.7 132.2
2116 -0.8 247.1 78.5 313.4 180.7
3118 40.2 280 96.6 313.4 74.4
winner is: 15
