Regression analysis information for: andalusian_match_interrogative-partial-wh_Cuando-vendia-el-carro
number of formants: 3
number of coefficients: 5
111.9 224.5 282.1
503.4 -45.3 -4.6 74.7 -74.9 10.6
1345.5 49.6 -259 -40.4 198.3 73.9
2139.9 16.8 -74.4 -39.8 308 26.2
116.8 243.5 299.9
520.9 -40.4 14.9 77.3 -72.2 1.9
1406.1 90.2 -253.3 -50.7 208.7 33.2
2235.5 71.7 -58.2 -68.6 326.1 -14.1
117.9 272.2 334.2
536.9 -36.2 29.3 98.9 -82.3 3.2
1440 85.9 -228.6 17.3 148.1 -17.4
2316.5 94 -73.8 -32.7 329.8 -37.9
120.6 286.7 344
533.9 -28.6 21.3 114.2 -95.6 11.8
1430 88.4 -198.7 53.6 108.3 -13
2341.4 99.3 -53.5 21.7 329.7 -69
126.9 270.9 331.7
541.2 -34.4 23.5 112.3 -90.8 1.5
1495.7 62.6 -257.3 58.6 164 -9.7
2427.4 87.4 -62.6 16.4 291.9 -96.2
140 241.8 282.1
555.9 -32.4 41.2 117.6 -81.4 1.7
1578.5 81.5 -295 81.3 197.2 -9.2
2545.8 115.8 -75 33.7 220.4 -86.3
146.9 239.3 196.6
557.7 -42.8 38.7 111.9 -88.2 -0.9
1612.3 96.1 -317.5 79.7 194.8 -21.8
2638.8 173 -80.8 -3.6 132.2 -113.8
152.3 263.1 198.7
573.5 -39 63.3 121.6 -79.5 8.2
1657.6 100.4 -270.6 88.2 247.7 3.5
2705.1 214.5 -32 2.2 161.6 -94.5
153.3 266.9 192.5
574 -43 75.5 125.8 -78.1 13.3
1687.8 92.2 -263.6 81.2 275 17
2767.8 215.2 -21.5 -25.5 190.9 -70.5
158.6 277.3 198.1
584 -54.5 100 117.4 -66.3 16.8
1730.1 70 -228.7 69.3 323 19.2
2825.4 203 21.9 -60.4 236 -70.3
158.3 281.7 198.9
596.2 -52.8 131.8 128.5 -46.5 29.7
1768.1 62 -165.2 82.5 372.8 40
2855.5 185.9 64.1 -49.2 289.6 -37.1
157.2 274.8 201.7
596.3 -72.8 142.4 114 -34.2 17.9
1791.1 25.5 -108.5 65.4 426.7 10
2870.3 144.1 101.6 -62.8 334.5 -48.6
154.8 267.7 190.8
594.1 -67.4 143.7 119.6 -29.6 23.1
1805.5 35.8 -106.1 62.9 452.4 14
2887.3 147.2 115.2 -74.2 345.9 -53
150.6 258.6 183.9
596.7 -70.2 154 120.3 -13.8 25.1
1836.6 29.4 -60 61.7 482.6 11.7
2926.1 146.3 171.4 -63.6 373.1 -40.1
144.5 255.5 194
598.8 -73.8 158.1 118.9 -15.4 25.8
1882.1 40.2 -6.7 73.5 506 26.6
2975.3 174.5 227.1 -44.7 390.7 -21.6
139.9 253.7 203.2
610.3 -75.1 178.8 116 -6.5 16.8
1921.4 51.4 28.3 72.7 525.1 25.4
3026.1 227.2 277.3 -31.8 395.7 -28
140.7 260.7 224.5
611.2 -80.9 180.3 109.5 -14.8 14
1939.8 49 35.3 71.6 526.3 22
3052.1 215.5 301.5 -27 384.6 -21
147.2 285.1 269.8
618.7 -98.3 165.9 120.2 -30.2 1.2
1953.3 19.8 49.8 89.6 513.9 -1.7
3088.7 195.3 336.4 8.6 367.7 -55.9
161.9 307.5 342.4
634 -109.4 137.8 162.1 -62.4 -0.5
1986.7 36.8 47.5 146.9 468.4 -23
3162.9 199.8 330.5 100 318.7 -75.2
169.2 315.4 408.4
628.5 -134.8 100.5 160.5 -95.2 -25.7
1999 43 13 151.2 419 -74.1
3216.7 194 295.5 118.5 286.7 -146
winner is: 7
