Regression analysis information for: andalusian_match_declarative-narrow-focus_Mariano-habla-del-tiempo
number of formants: 3
number of coefficients: 5
132.3 295.4 301.6
555.3 42.1 45.2 -23.7 132.6 82
1468.5 -4 89.2 128.4 170.7 -21.2
2299.9 -53.7 206.9 108 25.4 -64.6
142.7 293.4 292.4
567.8 32.7 45.3 -39.1 110.9 74.5
1544.7 12.1 86.8 97.5 101.9 -30
2379.4 -72 222.3 110.6 -7.6 -68.9
156.2 300 304.9
575.5 28.8 37.3 -56.5 88.5 68.7
1601.2 33.4 84.2 44.6 48.8 -58.2
2437.5 -59 203 88.8 -32.7 -108.8
155.1 291.5 286.4
566.6 25 13.9 -74.2 85.2 66
1623.8 51.2 115.7 21.5 7.7 -39.5
2480.8 -73.6 222.7 101.8 -87 -121.5
165 285.5 279.2
564 10.5 1 -67.1 69.3 75.6
1642.2 48.6 124.8 33 -13.3 -23.5
2534.9 -68.8 208.7 113.1 -65.3 -70.9
185 265.3 251.7
589.2 66.7 25.9 -54.1 62.2 63.4
1670.4 101.4 146.9 22.4 -2.7 -65.8
2605 -13.1 222.1 139.2 -70.9 -108
196 243.9 232.4
607.7 108.9 48.9 -21.1 91.2 86
1689.9 64 133.2 110.3 66.9 -67.6
2662.6 2.2 171.6 173.8 -14.5 -107.4
201 245.8 210.4
616.3 110.7 60.3 -23.5 98.7 95.7
1718.6 30.8 139.7 110.3 67.3 -62.3
2711.7 -8 136.9 127.8 8.8 -82.5
206.5 265.9 196.9
635.3 88.9 92.5 -47.1 128.5 82.5
1796.3 -25.1 159.1 118.2 60 -93.5
2776.4 -27.9 135.5 98.3 23.6 -85.1
208.8 286.6 213.3
639.1 87.5 94.4 -55.8 136 79.8
1843.9 -27.6 195.1 43 56.2 -108.2
2810.8 -24.4 149.8 50.3 19.9 -64
211.4 294.4 229.5
649.7 74.8 110.1 -60.5 142.2 76
1893.1 -1.4 211.6 -7.6 31.3 -132.2
2863.1 -32.1 175.2 31 36.8 -77.1
209.7 312.5 230.1
633.2 73.5 91.1 -59.8 132.3 81.3
1896 30.6 183.4 -2.6 14.5 -138.8
2881.9 -3.2 162.3 53.9 42.1 -96.5
215.7 339 244.6
627.2 59.7 87 -56.7 121.6 80.3
1891 22.6 172.1 26.8 7.5 -110.3
2890.8 -7.2 163.1 70.3 36.7 -100.5
230.5 344.5 272.7
632.9 59.9 119.3 -45.2 132.3 101.6
1918.3 -6.4 231.6 17 6.7 -73.2
2937.8 -52.7 233.5 52.5 56.3 -89.3
263 355.5 290.4
672.5 68.6 175.8 -10.6 158.7 112.7
1976.7 -52.6 288.1 44.4 -25.9 -18.7
3019.7 -100.1 297.4 71.4 62.1 -66.7
275.2 347.2 283.5
706.9 90 219.5 -1.9 185.4 132
2005.3 -54.8 322.1 40.3 -35.2 11.1
3062.7 -107.1 339.2 70.8 80.7 -52.3
275 326.4 270.2
725.8 105.2 247.8 10.7 197.1 125
2040.4 -82.8 371.9 29.4 -25.8 -2.9
3110.9 -121 391.9 60 111.9 -73.5
256.4 308.3 243.2
762.3 173.3 306.9 57.3 245.2 161.7
2094.6 -59.9 427.3 54.6 -25 3.4
3165.6 -92.8 436.6 78.7 136.1 -61.3
244.9 283.9 230.5
789.7 220.8 339.2 76.6 248.6 156.6
2146.2 -19.2 453.9 62.2 -66.7 -53.6
3232.7 -85.3 454.6 90.5 114.3 -67.4
234.8 278.1 233.2
798.3 241.1 333.5 90.1 249.1 166.4
2168.2 -12.1 458.5 82.7 -68 -65.4
3262.3 -90.6 449.6 93.6 119.4 -84.6
winner is: 8
