Regression analysis information for: andalusian_mismatch_interrogative-total-yn_Mi-tia-odia-la-lluvia
number of formants: 3
number of coefficients: 5
93.5 414.7 270.9
457.4 18.9 -8.5 -18.5 86.7 74.4
1397.8 68.3 180.2 119.8 -170.1 -12.2
2316.4 184.2 67.6 152.8 -211.2 -131.5
92.5 482.2 306.2
462.7 12.2 -8.5 -20.1 92.6 66.2
1435.7 84.6 157.6 142.1 -136.9 -112.4
2378.1 184.6 68.7 151.7 -151.7 -155.1
99 461.4 302.9
468 14 -0.3 -19.3 95.3 59.3
1447.2 107.2 112.5 196.4 -64.8 -265
2382.5 164.6 118 241.2 -149.7 -278.9
94.6 383.9 271.2
470.9 10.9 -2.7 -7.6 92.3 57.6
1568.9 164.3 132.2 208 -235.9 -390.4
2454.6 169.5 121.2 289.2 -204.9 -309.1
111.5 389 277.1
483.9 13 -4.8 -21.6 89.3 67.9
1651.4 112.5 98.8 187.2 -246.3 -372.3
2555.9 94.3 71.1 261.6 -171 -203.6
124.2 369.2 237.5
505.3 0.2 -9.8 -41.8 87.9 85.9
1780.4 92.7 43.4 111.9 -246.2 -336
2715.6 57.9 16.7 131.6 -111.4 -108.4
125.2 335.5 196.5
513.1 -4.4 -13.7 -57.3 85.8 94.9
1920.2 116.5 -18.6 35.6 -272.9 -271.1
2820.3 84.7 -43.8 50.2 -129.8 -54.8
126.3 337.9 164.1
515 1 -8.9 -54.7 91.5 100.4
1943.2 149.6 0.9 25.3 -267.9 -254.6
2874.2 125.1 -75.5 -6 -120 12.6
130.9 349.6 168.3
514.4 3.4 -10.5 -64.1 83.5 91.5
1963 135.2 -1.5 52 -263 -273.1
2913.8 134.9 -71.4 -9.5 -138.1 10.7
128.8 330.8 165.3
511.3 8.7 4 -49.8 103.1 97.8
2008.4 194.8 63 85 -236.5 -283.6
2972.7 191.8 -24 15.2 -115.3 25.7
133.9 329.3 160.1
512.1 -3.3 6.6 -77.1 99.2 70.4
2036.9 199.3 77.4 52.3 -239.4 -312.7
3020.6 189.1 -3.2 -1.8 -118.1 -2.9
126.1 336 176.4
506 -13.2 9.9 -78.8 110 68.3
2044 187.7 92.2 51.6 -228.9 -331
3048.3 158.2 38.1 -28.2 -90.4 -40
135.7 361.4 195.9
511.2 -18.2 16.8 -98 107.1 49.3
2034.4 148.2 88 43.5 -215.1 -343.2
3058.6 110.6 59.8 -81 -68.8 -90.7
135.7 333.9 200
509 -12.2 12.6 -99.5 98.3 46.5
2064.3 209.4 132.2 64.4 -202.9 -358.2
3065.9 149 73.6 -78.4 -66.6 -95.5
130.2 321.4 193.8
504.3 -20 14.5 -96.8 106.3 49.4
2076.1 248.4 143.8 57.5 -204.7 -369.6
3070.5 179.3 102.4 -96.4 -44.2 -84.5
144 314.4 198.1
514.5 -6.7 20.8 -107.4 90.7 35.1
2096.3 267.7 174.6 58.7 -204.6 -372
3109.8 176 163.5 -107.6 -19.9 -99.1
160.5 313.3 211.7
527.1 13 32.1 -109.8 80.4 28
2122.5 274.7 202.3 63 -212.6 -367.1
3158.7 169.8 212.4 -105.6 -19.7 -109.6
169.6 312.4 224.2
533 20.9 32.8 -116.3 67.7 18.2
2151.7 269.6 215.3 73.1 -246.6 -366
3192.5 152.2 231.7 -89 -31.5 -113
170 300.9 233.6
534.6 11.7 42.6 -112.1 79.7 25.2
2171.6 235 231.2 109 -241.1 -333.6
3223.3 130.6 238.7 -94.2 -30.8 -93
193.1 307.2 249.3
552.6 29 50.8 -119.4 77.1 26.7
2223.1 239.8 172.4 65.9 -252.9 -274.9
3272.3 133.9 216 -103.9 -37.1 -74.4
winner is: 11
