Regression analysis information for: andalusian_mismatch_declarative-broad-focus_La-nina-lava-el-plato
number of formants: 3
number of coefficients: 5
120.3 313.9 318.2
536.4 -16.7 -50.4 66.6 108.5 51.2
1390.9 298.6 68.8 -83.1 133.7 18.2
2254.2 346.9 121.3 -252.9 29.4 11.5
118.6 314.8 348.4
547.5 -22.5 -53.7 66.6 106.4 40.8
1470.3 317.2 56.2 -109.1 105.2 -32.2
2302.2 315.1 104.7 -211 41.3 -27.5
123.6 306.2 357.1
559.5 -28 -50.9 65.1 97.3 44.8
1576 305.5 38 -137.4 24.2 -10
2398.1 236 117.5 -219 25.3 24.1
123 304.6 344.7
569.2 -28.7 -52.9 74 100.3 45
1615.3 288.9 43.8 -91.9 -1.5 -56.9
2490.3 192.7 25.3 -172.2 67 21.1
125.6 283.9 265.4
576.6 -42.8 -53.2 86.8 85 47.8
1657.4 281 80.7 -40.8 -84.6 -96.5
2603.5 107.6 -15.1 -92.4 60.7 17
124.8 255.7 212.3
582.2 -59.6 -56.1 94.2 67.1 47.2
1693.8 312.9 95.4 -14.3 -133.9 -126
2659.1 67.7 -21.4 -20.2 41.1 -50.8
128.8 267 220.9
585.2 -66.2 -49.6 104.3 60.3 56.1
1733 334.6 99.1 -48.7 -167.7 -92.8
2693 91.4 13.3 -39.7 25.1 -22
129.9 313.1 221.6
580.5 -73.4 -43.4 101.8 72.3 73.2
1778.4 317.5 22.5 -148.2 -132.3 64.3
2740.3 145.9 -2.8 -130.9 43.4 52
131.9 383.7 235.6
575.8 -70.1 -36.7 110.9 82.7 84
1719.6 237.7 31.7 -56.1 -31.6 87
2739.2 131.7 -27.8 -110.6 95.3 59.2
134.5 385.3 215
574 -77.4 -34.2 95.9 88.6 83.8
1760.2 246.3 96.1 -79.8 -3 33.7
2797.9 145.7 18.4 -90.8 93.6 14.6
135.4 336.2 167.1
570.8 -66.4 -38 89.3 83.8 71.1
1815.7 316.1 118.2 -120.9 -52.8 -29.6
2864 175.2 34.3 -90.2 4.3 -19.7
151.2 310.1 157.4
583.9 -39.4 -26.5 99.5 71.5 54.9
1889.6 377.3 140.5 -198.4 -90 -72.6
2903.9 187.5 52 -125.5 4.7 -55.7
162.3 289.7 151.3
596.9 -58.8 -10.3 85.7 80.2 38.1
1922 387 148 -244.6 -105.2 -87.3
2935.1 151.4 84.6 -157.2 18.8 -79.9
167.7 297 159.3
599.5 -50.7 3.2 95.5 100.1 49.9
1926.5 379.3 148.6 -251.3 -98.6 -65.3
2962.9 130.8 116.6 -177.8 38.4 -66.6
176.5 307.2 180.1
612.2 -45.9 21.7 122.4 110 74.2
1954 353.8 175.9 -263.5 -92 -48.6
3008.7 105.2 159.2 -182.7 41.3 -42.7
183 313.3 206
621 -38.8 40.6 147.1 126.6 104
1984.1 337.1 199.5 -263.3 -109.3 -12.2
3049.7 94.4 197.1 -176.2 27.4 -0.2
192.5 317.5 231.7
627 -43.5 55.9 153.9 145.1 113.9
2004.8 328.6 224.7 -273.3 -106.5 -4.9
3081.4 68.2 236.2 -179.7 32.8 14.8
219.8 322.3 280.6
646.7 -46.8 93.2 155.3 181.6 111.7
2033.8 312.3 267 -260.4 -103 19.5
3132.1 24.9 295.9 -174.9 56 23.3
231.3 317.2 313.5
663.7 -22.3 124.8 174.9 206.1 128.5
2060.8 293.7 306.3 -243.5 -98.2 54.8
3180.1 6.2 337.9 -136.7 54.6 84.8
228.3 321.6 318.8
693.4 57 175.6 252 247.3 192.7
2063.2 306.5 373.3 -143.7 -35.1 66.8
3214.6 74.3 392.7 -31.8 99.6 144.2
winner is: 6
