Regression analysis information for: andalusian_match_interrogative-partial-wh_Por-que-abre-el-regalo
number of formants: 3
number of coefficients: 5
139.9 263 309.7
500.6 -9.8 -23.3 -14.7 -15.8 -29.2
1249.3 24.2 45.4 -43.1 97.3 26.2
2169.6 -15.1 93.2 -87.6 144.7 28.1
151.7 253.9 320.2
520.7 -26.7 -18.3 -2.9 -0.7 -48.8
1320.2 -47.5 -2.4 21.6 162.6 -39.7
2278.7 -29.6 67.3 -32.1 187 -39.6
167.7 238.8 286.3
549.4 -58.6 -12.1 9.3 -16.8 -52
1380.1 -78.1 -14.6 68 136.1 -18.3
2346.1 -9.5 107.6 22.2 130.4 -94.9
182.8 233.6 252.8
570.5 -53.5 2.4 20.3 -11 -45.1
1459.1 -93 -12.2 99.3 137.1 -39.6
2443.9 -26.5 126.8 45.9 119.6 -102.2
198.3 249.6 224.9
590.9 -40.9 8.1 25.8 -7 -35.1
1537.6 -70.7 -11.5 81.7 111.9 -53.9
2520.1 -30 147.5 55.7 121.8 -75
206 262.7 199.3
600.6 -39.3 6.7 29.8 -9.8 -30.7
1597.5 -48.5 -23.1 14 76.6 -50.6
2581.8 -33.4 168.1 43.8 116.3 -80.6
206.2 259.4 193.9
593.7 -34.7 -11 27.7 -29.9 -29.6
1613.3 -38.4 -55.7 -18.3 55.7 -32.9
2604.4 -40.4 138.2 9.8 109.9 -73.6
209.5 277.3 194.1
597.9 -23.7 -1.2 35.6 -21 -19.5
1648.5 -6.9 -48.3 -41.6 54.1 -25.2
2645.8 -8.6 164.5 4.2 122.3 -45.3
214.5 301.3 206.5
605.3 -18.1 20.4 34.6 -7.4 -23.8
1675.2 14 -44.8 -72.3 40 -43.4
2675.7 13.2 182.9 1 137.3 -42.2
210 312.4 219
606.4 -21.8 37.1 23.5 4.7 -26
1686.3 22.6 -19.9 -88.6 52.9 -47.6
2676.3 22 192.5 -25.3 157.1 -34.5
204.2 334.2 234.2
598.8 -12.6 53.9 31.4 10.7 -16.1
1684.2 51.6 26.5 -77.8 92.3 -62.4
2678.7 43 246.5 -9.9 202.5 -56.9
214.4 346.6 253.1
603.5 1.1 57 42.2 27.8 -9.3
1691.4 57.9 41.1 -68.1 100 -66.2
2678.8 81.9 271.6 -10.6 214.9 -65.6
217.9 355.9 255.1
607 11.6 59.9 38.3 33.4 -12.9
1706.5 87.1 71.4 -61.8 128.3 -40.2
2701.3 112.5 296.8 0.5 222.7 -53.4
222 366.6 247.9
619.5 -3.5 74 28 46.4 -12.4
1747.1 85 109.5 -82.5 161.7 -11.5
2761 78 347.3 -20.1 246.3 -29.7
225.5 357.3 217.4
635.2 -28.9 83 12.3 64.3 -26.5
1801.9 10.1 131.4 -117.1 204.9 -42.5
2847.8 -6.2 351.9 -35.5 292.6 -62.4
233.7 357.5 207.5
653.2 -27.3 105 17.3 72.5 -26.7
1851.9 3.9 148.8 -110.1 222 -30.4
2905.5 -31.4 378.2 -16.7 289.5 -44.8
245.3 354.1 212.5
684.7 -18.4 83 30 108.7 -10.2
1916 26.8 186.9 -72.4 273.5 17.2
2964.5 3.4 400.5 20.8 336.3 -10.4
243.3 338.6 221.7
688.8 -22.9 62.6 29.7 105.2 -24.5
1955.2 33.8 200.3 -56.5 275.7 38.7
2994.8 27.9 387.3 18.8 348.7 -12.6
242.8 353.3 227.1
682 -25.7 56.7 36.5 91.5 -27.2
1975.5 23.6 159.8 -46.6 256.3 42.3
3016.5 32.8 365.7 -15.2 326.1 -1.3
259.1 371.6 242.9
705.5 -8.3 37.3 76.1 139.4 -13.4
2005.8 41.3 164.6 1.4 270.5 50.4
3055.3 62.5 375.1 24.3 366.6 -12.6
winner is: 7
