Regression analysis information for: andalusian_mismatch_declarative-broad-focus_La-maestra-vive-en-Paris
number of formants: 3
number of coefficients: 5
142.9 389.2 272.7
532.5 -2.6 29.2 -61.5 -39 8.3
1452 -102.8 159.7 -73.6 48.5 29.1
2303.5 -93.3 69.8 15 81.2 115
143.4 409.2 293.3
532.9 12.1 30 -46.8 -23.5 26.5
1508.3 -97.1 146.5 -50.4 60.1 73.5
2354.1 -75.4 78.3 31.5 84.6 119.5
136.8 430.9 300.7
521.6 27.9 19.3 -30.6 -7.2 47.6
1536.7 -49.1 105.1 -49.6 70.7 95.7
2378.1 -39.5 29.2 53.3 101.2 163.4
143.2 390.3 265.9
535.5 6.3 22.4 -24.7 31.2 77.8
1633.1 -83.3 6.7 -27.5 216 168.3
2446.4 -71.7 -0.6 54.3 205.9 196.1
167.1 348.4 238.7
566.6 6.4 27.1 -35.6 1.6 66
1740.5 -157.7 19.3 1.1 106.8 201.1
2584.2 -106.2 6.3 57.5 121 193.7
170.7 307.2 199.9
586.5 15 29.6 -34 -21.1 63
1809 -135.3 36.1 -1.2 93.7 166
2664.1 -60.5 20.2 62.4 98.3 152.5
172.1 290.8 184.1
585.5 19.7 20 -45.6 -41.7 47.2
1853.4 -133.6 68.1 -17.6 48.1 126
2707.4 -40.3 43.5 51.2 64.2 124.8
173.6 257.4 160.1
586 27 21.7 -49.6 -38.4 51.4
1922.9 -118.2 100.6 -8 5.2 178
2748.5 5.7 61.2 66.9 45.7 145.5
170.1 267.1 177.7
577.7 78.8 32.7 -18.7 -22.8 45.3
1949.4 -145.8 101.3 -6.2 -50.2 232.1
2771 -5.9 59.4 48.4 39.9 179.3
169.1 277.7 183.3
578 101.7 47.2 -8.3 -14.9 41
1975 -135.2 145 -26.2 -25.3 228.4
2791.9 18.3 79.3 42.9 55.6 180.4
199.2 284 211.9
601.3 67.4 76.7 -16.6 -23.5 82.7
1993.8 -117.9 174 -68.3 -23.5 263.9
2848.1 5.3 116.7 6.6 48.6 225
241.7 284.6 249.8
631.5 27.2 114.4 -32.5 -13.5 121.2
2026.3 -104.1 244.1 -74.3 -18.4 260.5
2938.9 -53.1 231.2 -36.7 64.4 248
281.3 302.6 275.5
660.5 -12.1 159.9 -65.1 24 126.4
2043.2 -101 298.1 -93.6 17.6 279.1
2997.1 -109.3 291.9 -85.3 106.3 255.9
321.3 308 313
687.1 -80 196.9 -101.1 11.1 132.3
2055.5 -135.4 268.2 -157.1 26 285.9
3056.9 -179.1 334.9 -144.6 112.1 289.4
349.7 284.6 326.1
719.9 -82.5 191.4 -70.6 21.4 182.6
2122.9 -131.2 210.9 -128.2 86.5 338.2
3121.9 -194 326.1 -128.3 157.7 354.7
375.4 248.9 351.9
746.4 -139.6 221.8 -107.4 22.7 181.7
2173.6 -139.6 163.4 -188.6 160.3 395.6
3173.2 -247.7 353.2 -193.4 198.4 384.6
381.4 249.9 358.2
748.9 -103.5 222.9 -73.8 27.4 203.9
2208 -137 174.1 -137.7 172.9 402.7
3234.6 -278 413 -187.7 241.5 375.6
401.1 254 378
762.5 -105.3 219 -98.2 40.7 207.5
2237.6 -120.6 149.7 -140.2 202.4 382.6
3276.4 -262.4 439.2 -196.9 272.6 356.5
409.2 257.7 378.2
777.6 -131.1 239.6 -107.4 32.6 202.4
2273.6 -145.9 140.3 -124.2 178.8 373.1
3302.4 -300.6 436.9 -217.8 275.7 352.5
430.1 264.8 394.9
813.6 -129.7 281 -103.5 60.8 233.2
2325.3 -165 148.6 -111.6 205.4 392.2
3366.6 -291.8 470.2 -218 336 395
winner is: 8
