Regression analysis information for: andalusian_match_interrogative-partial-wh_Por-que-iba-a-Bolivia
number of formants: 3
number of coefficients: 5
94.4 323.5 304.7
474 -24.7 31.7 -61.2 5.2 29.3
1401.3 -25.2 -56.8 -48.8 -92.5 -35.8
2311.7 9.2 -68.9 12.3 -123.9 -65.5
104.8 342.9 309.1
479.1 -34.9 32.8 -80.1 -7.7 13.1
1446.9 -85.1 -49.7 -84 -104 -37
2345.2 -65.7 -80.1 -10 -94.7 -72.5
101.5 354.2 327
486.9 -49.4 58.5 -70 7.1 36.2
1478.4 -97.3 6.7 -87.7 -107.9 -3.3
2361.4 -92 -16.7 24.3 -102.5 -49.5
96.4 352.4 337.6
487.2 -57 73.3 -57 28.8 50.3
1510.5 -132.1 52.5 -45.2 -97.7 7.3
2356.1 -98.1 92.6 28.3 -134.3 -24.5
101.1 356.1 292.9
494.7 -60 79.8 -53.4 28.4 62.1
1568.1 -161.4 26.3 30.2 -150.1 0.9
2447.1 -102.1 75.9 36.6 -143 -38.9
121.8 369.3 243.1
511.8 -31.7 75.4 -66.8 11 51.1
1611 -149.5 6.8 51 -184.4 -6.6
2551 -51 55.7 62.5 -131.5 -39.6
128.9 380.8 174.5
518.1 -25.5 71.4 -72.2 2.1 48.4
1680.9 -158.9 -42.4 63.3 -245.3 1
2642.8 -30.1 -26.3 54.5 -85.5 -14.8
126.8 401.3 161.2
521.1 -26.2 70.5 -72.6 6.8 46.4
1786.8 -180.9 -91.5 73.7 -290.8 -26.4
2716.7 7.4 -3.7 80 -76.2 -17.8
125 414.1 165.7
520.1 -22.1 69.2 -75.4 10.6 37.7
1832.8 -176.8 -100.5 61.1 -291 -22.2
2741.8 25.1 3.2 75.6 -78.9 -21.9
124 428.8 170.9
520.3 -9.1 75.8 -64.5 17.9 35.6
1868.5 -187.8 -77.7 92.5 -294.6 -13.2
2773.9 62.7 37.5 107.2 -68.3 -19.3
117.4 419.8 162.8
511.9 -14.2 75 -68.1 10.8 26.5
1897.1 -214.8 -59.8 85.3 -295.1 -34.6
2767.8 26.4 18.4 88.5 -78.4 -40.9
126.4 442.2 185
518.4 -0.1 82.2 -70.3 3.9 19.6
1924.7 -201.7 -52.3 62.1 -292.4 -23.4
2798.5 50.2 60.8 87 -59.1 -45.7
134.4 461.8 203.2
522.5 10.7 89.7 -71.7 2.8 21.6
1943.2 -146.6 -34.7 90.4 -257 3.5
2817.4 87 96.9 104.7 -31.4 -35.3
146.8 460.1 192.2
529.3 17.7 92 -85.2 -10 14.2
1951.4 -126.8 -40.7 84.8 -275.3 4.1
2817.2 114.6 85.2 107.7 -60 -37.7
161.1 467.5 203.1
540.4 8 104.4 -93.3 -16.7 21.6
1982 -128.2 -3.9 76.3 -271.6 -1.5
2856.9 84.5 129.9 92.3 -60.3 -33.8
160.7 461.5 219.3
543.7 -12.5 111.3 -103.5 -11.6 26.1
2010.6 -174.4 51.7 61.5 -239.4 3.9
2901.7 37.2 191.1 67.4 -27.7 -36.2
155.8 449.5 209.4
543 -27.4 119.2 -98.9 3.2 40.4
2035.9 -217.1 101.1 49.7 -214.3 2.8
2958.3 -56.1 280.9 11.8 16.3 -53
155.1 447.1 213.3
546.3 -35.4 118.7 -97.8 17.3 45.4
2063.9 -206.4 116 55.8 -187.4 19.3
2999 -58.7 299 2.7 53.9 -44.4
166.2 448.2 226.4
557.5 -30.3 122.9 -99.7 20.9 40.2
2092.1 -191.3 114.5 51.2 -159.5 21
3045.9 -65.1 301.6 -16.4 100.3 -37.2
177.9 445.7 234.5
571.3 -12.9 114.5 -106.8 15 28.1
2130.9 -175.2 120.4 41.4 -146.3 27.9
3106.6 -64.8 322.5 -48.6 121.5 -45
winner is: 7
