Regression analysis information for: andalusian_match_declarative-narrow-focus_Manuela-vende-el-carro
number of formants: 3
number of coefficients: 5
152.1 272.6 206.5
532.4 -2.2 1.9 49.8 -30.8 33.3
1369.3 -68.8 84.8 65.2 161.9 96.3
2146.5 -173.4 149.7 22.1 201.4 136.4
145.7 290 236.3
528.8 -4.3 5.6 31.7 -29.9 29.1
1404.4 -40.7 67.2 34 154.6 74.1
2195.5 -173.1 138 -3.5 215.7 97.1
144 305.9 269.8
528.9 15.5 8.3 29.1 -26.7 26.7
1424.9 5.4 76 8.2 115.6 47.3
2236.8 -129.1 127.8 -23.8 207.5 86.1
163.1 328.2 310.1
553 15 5.9 61.7 -41.3 16
1479.4 -1.8 88 44.8 94.4 13.5
2309.7 -100.7 151.1 3.6 183.1 62
178.6 299.8 299.5
571.6 38.7 7.5 78.6 -48.1 -23.8
1517.8 21 99.8 103.2 99.6 -88.1
2375.3 -59.8 147.4 53.8 160.3 -40.4
207.9 303.3 292.5
615.1 64.7 47.5 127 -16.8 -10.1
1575.4 22.9 127.1 142.7 126.4 -103.2
2476.3 -33.3 161.9 99.7 175.2 -70.5
216.4 295.1 280.6
630.4 84.9 62.3 135.8 -8.2 -9.9
1632.1 79.4 130.6 108.4 119.6 -86.8
2570.2 48.6 135.2 36.7 152.6 -59.3
207.7 301 288.5
656.2 81.7 82.7 146.1 -13.7 21.2
1698.5 36 141.7 84.6 147 -13.1
2638.2 12.5 140.2 35.4 173.9 -11.7
211.3 268 256.7
667.7 68.1 92.2 145.2 -7.6 46.2
1785 -13 103.2 1.3 240.3 85.8
2709.9 -2.3 118.4 -32.8 226.4 59.2
211.7 232.1 236.3
678.3 43 107.6 130 0.7 48.7
1852.9 -78.3 120 -58.7 278.8 115.1
2774.8 -45.5 145.6 -78.7 245.5 77.4
216.7 232.2 237.8
681.1 33 122.8 118.3 10.2 45.2
1893.3 -68.7 129.6 -54.5 272.5 134.8
2847.2 -38.4 149.2 -78.2 232.4 70.1
219.8 232 249.7
677.8 12.8 120.1 105.2 2.7 41.1
1914.4 -85.6 128.3 -76.4 272.9 120.9
2875 -58.5 170.8 -105.7 229.3 74.1
222.1 239.5 249.9
692.6 5.7 139.1 124.1 -3.1 41.7
1940.5 -95.3 154 -71.8 274.7 113.9
2915.1 -65.2 200.4 -98.2 219.9 67.1
219.8 236.5 238.4
703.4 15.7 142.2 164.8 -18.6 58.7
1982.1 -113 165.1 -26.6 259.8 134.7
2965.8 -75.8 224.8 -63 207.8 77.9
230.2 242 231.5
707.9 60.8 174.5 172.2 16.7 52.8
2000.6 -113 170.4 -8 280.5 159.9
2990.6 -50.5 259.6 -75 239.9 73.1
233.1 245 241.7
713.7 62.7 181.4 183.8 7.5 54.2
2017.7 -148.3 202.9 6.3 278.9 176.4
3020.7 -77.4 285.2 -66.1 238.4 93.7
246.3 245.7 239.2
720.5 53.2 203.2 182.4 32.9 52.8
2029.6 -180.9 214 16.2 301.1 173.9
3056.1 -89.5 292.7 -58.7 279 98
268.7 271.3 261.9
745 47.6 206.1 202.1 72.1 38.6
2036.9 -189.3 237.2 45.6 299.3 122
3100.1 -105.8 303.4 -19.7 321.3 58.7
274.3 268.6 259.7
755 50.5 215.7 215.1 77 45.1
2058.2 -199.3 253.3 32.5 307 114.9
3146 -148.6 334.5 -23.8 344.3 54.5
285.5 276.8 276.4
762.2 47.6 233.4 198.7 96.9 29.7
2072.7 -203.1 278.4 2.7 323.3 92.2
3170.6 -188.9 342.3 -55.1 360.2 38.5
winner is: 1
