Regression analysis information for: andalusian_mismatch_declarative-broad-focus_Mi-madre-come-la-fruta
number of formants: 3
number of coefficients: 5
159.4 296.5 362.6
541.8 -54 4.3 -62.7 2.8 -14.7
1357.1 52.8 113.7 67.9 -72.8 -65.6
2144.5 44.9 192.1 132.1 40.5 -42.1
151 303.1 369.3
539.6 -76 12.3 -63.5 28.3 -4.4
1409.3 9.2 115.7 82 -52.7 -50.3
2239.6 0.2 153.2 130.2 83.4 14
152 281.9 329.8
555.4 -91.4 18.2 -52.2 34 -5.4
1490.3 -15.1 142.9 119.4 -3.2 -69.5
2347.5 -11.1 146 176.5 133.8 22.5
151.6 265.1 263.2
562.7 -98.4 16.2 -44.7 38.2 -8
1541.7 -42 147 120.4 1.4 -55
2447.2 -73.7 140.3 221.4 147.9 60.9
158.7 272.1 226.5
573 -98.6 15.9 -50.1 20.5 -17.5
1579.5 -28.7 120.3 77.3 -11.4 -37.5
2533.5 -102.3 101.8 205.7 121 98.7
172.9 259.9 213.7
586.4 -84.9 17.1 -61.1 -3.1 -34.4
1632.5 20.9 137.5 50.8 -47.3 -62.8
2626.9 -33.1 111.8 164.6 47.4 37.8
177 268.7 196.6
583.5 -79.4 12.2 -57.2 -7.7 -31.3
1643.6 43.7 139.2 65.4 -51.8 -48.2
2651.7 -4.2 107.4 180.2 54.7 47.9
175 275.6 202.3
575.5 -58.2 -2.1 -42.2 -14.4 -30
1650.3 61.2 120.8 57.4 -70.3 -41.1
2667.4 10.4 94.8 168.9 24.6 40.1
181.1 280.9 183.5
583.2 -55.1 -3.7 -26.4 -25 -22.9
1673.3 84.5 127.7 59.7 -77.3 -27.9
2723.3 46 94.6 139.3 -7.4 47.5
181.9 282.8 148.2
583.3 -53.1 -1.8 -29.6 -23.9 -17.4
1680.6 92.7 127.9 43.1 -78 -16.6
2765.5 73.6 67.5 87.7 -31.2 92.7
196.8 300.2 153.6
594.5 -65.7 -11.5 -8.3 -40 -16.6
1712.8 110 141.9 62.4 -120 -47.7
2793 74.1 75 106.1 -41.9 92.7
211 314.2 161.6
604.3 -88.7 -20.2 -1.7 -54 -16.2
1727.8 97.9 158.1 70.4 -120.7 -23.3
2827 50.2 88.9 122.5 -52.9 132.1
226.6 333.9 182.9
621.1 -121.3 -13.9 7.6 -68.7 -10.3
1744.9 61.4 167.9 83.1 -128.3 -9.3
2863.3 21.6 109.3 131.7 -71.8 156.1
230.7 336.2 194.8
626.7 -143.2 -11.2 13.6 -82.6 -6.6
1779.2 93.3 207.1 97.4 -149.5 -44.1
2881.7 11.9 110.7 139 -92 144.8
234.9 335.7 199
632.3 -145.4 7.2 5.9 -70.3 -4.3
1804.7 90.3 248 82.8 -131.3 -56.1
2920.2 0.3 150.6 132.9 -73.9 149.9
236.5 334.3 207.9
638.2 -138.2 24.9 6.5 -58.3 3.5
1838.4 106.3 291.6 100 -105.8 -49.1
2951.9 -0.7 180.9 136.1 -55.4 145.4
235.5 338.1 241.3
639.2 -144.2 29.5 -0.6 -52.7 -1.9
1869.5 120.4 316.7 112.7 -77.2 -52.8
2995.1 -14.6 196.8 142 -33.4 130.1
239.5 347.1 261.6
645.9 -152.6 18.9 -1.1 -44.2 -2.3
1917.2 135.4 315.2 128.5 -25.5 -28.9
3038.9 -29.8 177.6 138.4 3.9 129.1
264.2 369.2 311.9
674.2 -158.7 58.2 -0.2 -10.9 32.9
1980.1 122.1 336.3 128.5 22.1 8.4
3116.9 -65.2 225 119.3 70.3 160.5
282.8 393.5 372.9
694.6 -172.5 52.8 23.6 -11.9 44
2032.9 96.1 313.1 160.8 41.7 29.2
3194.6 -97.1 227.7 151.9 89.6 177.8
winner is: 10
