Regression analysis information for: andalusian_match_declarative-broad-focus_Emilio-ama-la-marcha
number of formants: 3
number of coefficients: 5
131.5 210.7 206.5
571.8 -163.5 41.3 -74.1 29.5 19.7
1413.8 0.8 321.7 -4.7 -0.4 52.9
2163.3 83.1 461.1 -63.3 -126.9 -117.6
129.9 254.5 226
580.2 -191.5 54.4 -94.7 39.8 12.6
1433.3 -66.6 339.8 -50.6 -27.9 4.3
2177.7 59.1 492.9 -75.9 -97.5 -136.4
121.6 281.8 239.1
594.5 -215.7 68.4 -103.8 60.2 -4.1
1476.8 -99.1 354.3 -81.1 -30.8 -64.6
2218.7 8.6 528.2 -113.1 -54.6 -153.8
118.3 334.6 316.3
621.3 -225.7 31.7 -100.1 102.9 -16.2
1541.5 -115.8 320.5 -50.2 -17.1 -123
2314.5 -12.8 455.4 -58.6 3.7 -171.9
130.7 342.2 343.7
633 -234.1 21.7 -84.9 103.2 -11
1642.4 -49 359.6 20.6 -1.2 -45.6
2430.9 11.7 413.4 -41.9 -16.7 -116.9
129.7 315.4 329.5
659.1 -230.2 -9.9 -83.9 115.8 4.5
1720.9 3.3 364.3 34.9 -16.5 -48.1
2543.1 9.3 299.4 -37 -6.3 -97.3
120.6 293.3 257.7
680.9 -223.5 -46.8 -85.9 129.6 23.5
1762.3 25.9 374.8 62.7 -22.6 -53.3
2671.3 -38.5 213.3 19.5 2.9 -86.6
129.1 287.9 242.1
677.2 -218.5 -43.3 -91.4 128.5 15.2
1793.1 67.3 386.3 69.1 -41.3 -66.8
2710.8 -5.7 173.7 5 -0.1 -75.4
132.2 249.5 217.6
680.9 -219.8 -50.4 -100.4 125.9 24.9
1837.4 134.3 414.9 31.5 -113.5 -145.8
2748.8 -1.9 173.5 -23.2 -50.9 -44.5
148.2 263 228.3
666.4 -207.6 -58 -98.6 110.8 23.8
1835.5 163.5 424.4 35.7 -148.7 -122.9
2750.9 32.5 177.4 -83.5 -50.7 -6.7
152.9 259 231.6
672.8 -229.5 -43 -105.2 102.1 39.4
1859.7 160.1 445.6 7.8 -165 -146.2
2803.1 -18.2 197.9 -124.6 -50.7 26.7
154.7 308.4 244.3
666.1 -228.1 -45.9 -110.6 95.7 68.4
1847.2 133.9 389.1 -26.1 -232.7 -140.8
2830.8 -20.6 135.3 -124.7 -66.3 78.9
158 326.7 248.6
683.3 -257.6 -30.7 -125.8 97 89.8
1902.1 78.5 424.1 -75 -221.9 -153.3
2908.5 -101.3 182.7 -160.3 -15.3 73.6
164 350.8 272
691.8 -273.4 -27.9 -115.2 83.5 99.8
1924 55.3 408.2 -75.8 -243 -136.3
2955.8 -156.6 173.1 -142.7 -53.8 113.9
167.2 333.6 277.3
690.2 -292.5 0.2 -107.8 73.2 83.1
1958.2 88.9 478 -29.4 -226.6 -122.1
2997.9 -163.9 229.3 -112.1 -43.8 143.8
170.8 337.8 296.4
706 -336.7 30.9 -85.9 35.5 99.4
1980.4 85.1 505.7 20.3 -271.7 -95.6
3041.4 -231.5 241.5 -54.4 -135.7 207.2
161.7 321 288.2
704.5 -340.8 35.1 -82.2 33.5 91.3
1999.9 93.3 520.1 27.7 -260.2 -100.5
3066.3 -253.2 255.9 -45.7 -136.6 197.6
163.8 315.4 292.3
701.4 -341.7 39.6 -87.5 38 80.9
2002.4 117.6 523.3 37.9 -260.3 -96
3087.1 -257.1 267.1 -30.5 -136 202.6
171.9 317.6 292.3
708.3 -343.4 42.8 -77.7 35 91.6
2014.7 88.6 530.2 39.7 -252.7 -67.5
3126.5 -297.6 305.6 -10.7 -109.4 219.3
201.2 353.9 311.7
752.3 -372.5 80.8 -40.5 23 151
2032.7 4 518.1 49.8 -276.1 -0.3
3181.9 -387.2 335.1 39.3 -121.2 302.1
winner is: 1
