Regression analysis information for: andalusian_match_declarative-narrow-focus_Daniel-iba-a-Bolivia
number of formants: 3
number of coefficients: 5
144.5 322.8 291.3
546.2 30 115.4 25.1 109.8 24.4
1507 -31 141.7 129.4 -55.2 285.3
2267.5 25.4 231.2 -14.1 -177.1 288
152.2 367.2 315.3
555.6 25.9 123.1 5.8 101.8 11.9
1562.9 3.6 164.2 74.1 -67.1 242.8
2354.2 -15.7 252.5 -32.8 -165.4 254.4
159.6 410.5 343.5
556.3 19.3 112.5 -21.4 83 -10.6
1607.1 38.4 148.6 32 -109.2 203.6
2397.2 -9.9 272.6 -49.9 -146.8 250
163.8 444 348
564.6 10.9 119.2 -26.3 93.1 -10.5
1619.4 38.4 163.6 14 -85.9 207
2426.5 -10 303.5 -92.4 -159.5 273.2
164 417 347.1
580.2 17.7 136.5 -27.3 93.5 -12.6
1669.3 21.7 240.4 26.2 -144.5 235.7
2508.4 -41.5 304.7 -51.1 -153.2 175.2
165.7 381.2 313.1
597.2 58.3 156.6 7.7 116.7 6.4
1737.4 20.2 275.7 70.2 -202.1 267.3
2608.2 -21.6 247.3 -18.2 -98 113.7
156.3 345.1 249.7
604.3 66.2 169.5 22 137.6 15.9
1782.9 -1.9 342.2 87.9 -223.1 213.8
2684.8 -8.6 224.1 -25.2 -51.5 50.9
161.9 334 194
614.7 78.4 180 30.6 154.9 21.8
1825.4 -11.2 341 144.1 -210.9 207.2
2756.9 -6.9 170.5 13.2 30 10.4
170.2 321.5 167
612.4 76.7 173.4 23.6 153.2 8.3
1911.8 32.6 282.5 75.8 -239.5 227.6
2822.6 22 144.5 2.5 51 -14.5
171.5 334.5 166.7
608.8 84.2 165.1 20.9 149.9 4.1
1974.1 91.2 186.2 -17.7 -194.3 280.2
2859.3 42.7 148.1 -19.3 59.1 -11.5
176.8 348.3 166.3
610.3 100.7 172.4 32.5 156.9 12.1
1999.4 121.4 171.9 -29.9 -204.5 258.2
2889 68.3 152.2 -34.3 44.2 -24.9
190.4 348.3 182.4
631.2 133.5 211.6 48.4 178.2 16.7
2043 115.1 193.5 -37.9 -200.7 291.8
2922.3 87.3 183.8 -45.9 72 -13.6
191.9 341.9 185.8
628.6 153 221.4 74.3 189.3 39.7
2048.7 138.5 198.6 -29.1 -216.6 296
2933 124.9 192.3 -36.5 64.1 -14
188.3 333.4 191.8
622.6 178.1 225 106 188.8 59
2060.1 138.5 195.5 1.8 -248.5 320.3
2930.4 114.7 190.1 -38 73.2 14.1
187.1 331.4 205.6
611.9 171.6 216.2 109.9 181.2 60.2
2060.9 123.6 187.2 53.4 -287 339.8
2929.6 114.3 200.4 -13.9 64.4 14.6
188.8 318.9 205.2
627.6 177.5 251.4 120.4 211.3 73.6
2087.2 130.9 234 65.6 -274 329.3
2966.6 115.7 261.8 -2.9 73.9 10.5
204.3 317.1 207.8
638.4 169.6 266.7 112.3 213.7 70
2111.5 109 267.3 47.4 -270.7 320
2992.3 134.8 287.6 0.8 72.3 3.7
210.3 300.6 180.1
659.8 166.4 304.9 120 241.9 82.1
2147.3 112.8 306.4 44 -267.2 316.4
3038.5 163.9 342.7 -4.3 87.4 -29.6
208.1 292.3 166.3
662.5 152.4 305.9 110.4 243.4 73.6
2167.4 98.7 319.5 26.7 -271.7 302.4
3063.9 186.1 354.5 -2 89.9 -49.9
209.2 281.7 157.8
690.9 164.2 351.8 120.3 275.2 74.2
2195.7 92.6 358 -1 -227 311.2
3103.2 187.7 394.5 -16.8 125.1 -65.9
winner is: 20
