Regression analysis information for: andalusian_match_interrogative-total-yn_Daniel-iba-a-Bolivia
number of formants: 3
number of coefficients: 5
131.3 342.4 326.9
497 18.7 93.7 -10.7 106.3 70.9
1358.6 213 126.2 -182.4 145.5 320.1
2285.3 44.4 18.3 -12 -43.5 78.1
135.6 338.7 316.7
506.1 15 112.4 -18.8 112 61.8
1408.4 237.5 151.8 -248.4 173 312.3
2345 27.1 40.5 -21.2 9.6 59.8
142.6 317.1 278.5
512 12.4 100.9 -20.7 119.4 61.1
1419.7 274.3 185.3 -295 178.4 338.9
2415.6 77.1 -5.2 -58.2 72.7 93.2
153.7 340.8 258.2
511.4 8 98.1 -15.2 117.7 74.9
1455.8 262.1 171.1 -293.3 179 317.5
2489.2 86.7 -21.9 -67.3 111.7 108.6
158 444.5 282.1
519.4 3.7 105.5 -11.8 119.7 75.3
1561.3 106.7 175.1 -54.2 68.1 164.3
2575.7 23.9 20.8 -18.6 60.5 89.2
159.8 404.1 262.2
513.9 21.3 93.3 19 110.1 91.4
1630.2 -4.3 141.6 198.5 -29.7 124.2
2623.7 -17.2 21.2 49.4 64 45.3
164.4 412.9 236.9
532.8 41.5 108.7 15.6 88.3 89.5
1752.6 100.8 89.4 106.9 -108.4 168.8
2713.7 32.1 22 26.9 -9.6 38.1
164.5 395 205.4
533.2 34.2 105.1 8.6 83.3 89.1
1834.9 93.2 39.6 81.8 -166.1 202.5
2761.4 12.6 -18.7 18 -2.2 45.8
171.4 388.8 182.9
539.4 9.4 126.2 -16.9 102 64.3
1906.2 92.1 50.9 29.1 -167 169.4
2836.3 12.9 48.3 -35.6 2.4 -11.5
166.9 380.7 160.1
550.7 4 149.2 -28.7 113.4 61
1970.2 78.5 58.9 9 -193.5 137
2888 8.1 97.3 -48.7 13.5 -18.1
168.5 391.5 147.4
555 6.3 163.9 -30.2 113.3 59
1996.3 55.9 72.1 -2.6 -180.3 137
2932 -25.2 150.1 -61.2 18.2 -16.5
173.9 408.1 156.1
570.1 31.3 198.5 -16.1 129.7 57.6
1995.5 112.4 120.3 -54.9 -128.3 147.1
2963.9 18.9 201.4 -45.4 41.3 -7.2
170.1 386.6 158.1
570 19.9 204.9 -24.4 131.8 43.6
1969.3 167 187.4 -118.5 -124.2 152.6
2980.5 40.1 245.8 -69.6 38.5 -22.2
177.4 409.9 173.9
561.6 10.6 193.2 -31.6 125.9 33
2019 150 149.6 -63.7 -178.1 107.3
3000.7 40.6 251.3 -86.9 21.2 -52.3
181.3 424.7 183.8
563.1 51.4 195 0.2 124.8 52.6
2047.2 173.8 171.5 -48.6 -188.6 64.1
3023.6 43.6 271.1 -81.2 12.5 -79.9
185.3 408.7 211.1
564.7 77.1 193 11.4 117.2 46.1
2092.3 156.1 142.3 40.5 -257.8 74.7
3062.1 61.2 273.7 -38.2 -23.4 -96.4
201.5 426.5 226.1
586.8 95.6 236.7 27 160.3 53.6
2104.4 167.7 174.7 26.9 -234.9 66.1
3097.1 80.4 330.4 -42.1 23.6 -98.7
208.1 448.5 239
603.4 117.9 255 32.4 164.5 49.9
2130.4 150.1 180.9 7.6 -226.9 43.9
3146.1 101.4 354.9 -48.6 34.8 -112.7
205.5 453.8 264.3
613.3 99 263.8 26.5 172.3 59.4
2185.9 123.5 158.6 -19.7 -169.6 67.8
3213.4 85 369.5 -81 100.2 -78
216.5 461.2 274.8
636.4 112.2 289.9 33.1 186.2 55.7
2221 113.6 185.3 -25.2 -146.5 75.9
3264.5 78.5 407.6 -74.2 120.1 -66.3
winner is: 11
