Regression analysis information for: andalusian_mismatch_interrogative-partial-wh_Por-que-odiaba-la-lluvia
number of formants: 3
number of coefficients: 5
111.4 376.9 322.7
521.8 -10.2 30.4 -21.6 91.5 -4.9
1327.3 -131.7 152.5 95.5 23.8 -82.3
2200.2 -163.5 116.1 117.5 61.7 -30.3
107.3 410.2 343.3
521.6 -0.7 35.3 -16.3 92.4 -3.1
1366.1 -154.6 127.9 100.5 -27.1 -77.7
2253 -130.4 110.8 135 32.4 -65.8
112.2 444.1 386.1
526.6 0.6 33.6 -26.2 92.9 -1.9
1407.6 -100.9 109.3 79.9 -91.6 -142.2
2322.3 -146.2 56 74.9 -19.9 -52.9
123.5 418.1 331.9
553.9 3.2 18 -5.5 123.2 -1.2
1472.2 -106.4 92.4 176.1 -9.4 -209.4
2441.9 -119.8 -6.4 124.2 32.9 -57.3
120.4 394.1 319.2
552.3 3.6 -3.3 -15.8 125.5 -7
1597.9 -93.2 -57.6 91.2 -5.2 -125.6
2527.5 -86.5 -81.2 58.5 32.1 -27.7
116.7 337.8 259.6
565.1 5.9 2.9 -10.8 124.3 10
1717 -136.7 -79.7 45.7 -64.5 51.1
2617.9 -53 -79.5 19.4 -16.3 56.1
122 324.4 205.1
567.5 12.5 9.9 -5.9 123.4 8.5
1750.4 -140.3 -58.4 85.8 -70.6 58.8
2674.7 -8.4 -39 73.8 -23.7 51.2
121.5 324.9 169.3
566.4 10.6 4.7 -11.2 111.8 -0.9
1758.8 -148.4 -55.5 85.9 -105.2 65.2
2722.5 14.9 -21.1 85.8 -71.5 59.8
125.2 354 177.9
568.4 25.9 19.7 3.1 118.6 3.5
1759.9 -122.5 -38.3 106.1 -108.8 62.8
2744.5 36.5 -6.3 114.7 -65.1 76.6
119.9 379.6 191.1
566.1 32.7 27.2 8.1 125.6 8
1764 -113.5 -27.1 115 -99.6 67
2771.7 85.4 25.7 143.3 -63.9 75.2
118.5 392.8 184.5
561.7 29.2 29.3 2.5 127 9.1
1756.8 -125.1 -9.8 101 -107 65.5
2782.6 91.8 33.3 136 -75 57.6
121.7 410.1 200.7
561.5 30.8 36.2 0.1 130.9 8.1
1763.1 -137.2 35.2 86.6 -88.5 61.8
2810.3 89.7 72.7 117.6 -56.8 32.5
124.9 418.1 203.5
565.9 35 40.2 0.5 142.9 11.7
1801.8 -124 38.7 86.5 -24.5 87.3
2847.9 114.7 72 120.5 -16.7 41.8
127.6 428.2 204.2
572 45.4 52.5 9.2 159.2 20.8
1820.4 -117.3 83.1 98 -3.6 98.2
2863.6 132.4 111.2 136 -7.7 52.9
129.5 424 204.8
574 41.6 50.5 5.6 163.1 20.1
1848.4 -169.1 100.4 85.3 19.7 78.6
2880.4 105.1 147 122 7.4 44.5
130.6 427.5 215.8
582.5 57.1 69.4 17.3 172 28.2
1884.9 -165.9 135.4 109.6 45.4 91.5
2922.9 101.9 164 156.5 5.5 62.6
131.3 405.5 225.4
590.1 65 71.7 18.1 174.2 21.3
1941.6 -194.3 128.2 93.8 109.6 76.1
2987.6 62.7 192 146 42.7 52
134.6 398.6 227.5
586.7 51.5 59.8 -4.8 154.2 -2.8
1971.6 -212.4 168.7 79 141.4 40
3031.7 28 258 108 77.7 7.5
141.2 383.8 232
598.7 67.1 74.9 -1.6 157.2 -6.8
2007.4 -165.3 217.6 109.6 174.3 20.1
3078 41.7 303.2 92 121.6 -21.3
154.4 395.5 250.4
603.9 72.3 69.7 -17.7 130.8 -29.8
2039.5 -127 221.1 105 154.2 -17.2
3112.5 56.7 287.4 84.1 88.1 -44.3
winner is: 8
