Regression analysis information for: andalusian_mismatch_declarative-broad-focus_Mi-tia-odia-la-lluvia
number of formants: 3
number of coefficients: 5
126 396.1 278.3
497.5 -49.7 17.3 -65.9 60 19.9
1522.3 38.6 261.7 87.9 -168.3 -32.1
2356.7 65.9 178.9 166.7 -163.3 -158.3
129.4 404.4 297.1
505.9 -46.9 23.6 -75.3 57.9 1.3
1624 85.7 299.6 120.4 -273.7 -103.6
2397.1 56 244.6 230.5 -178 -224.8
135.8 436.2 291.6
514 -61.8 38.1 -88.7 61.9 -8
1585.7 -7.9 325 180.8 -224.3 -52.7
2426.8 -11.7 267.7 250.6 -197.1 -240.5
136.5 408.1 252.9
530 -95.4 65.1 -104.8 79.5 -14.1
1664.6 -31.3 329.9 123.6 -286 -133.1
2524.3 -50.5 246.9 224 -217.5 -218.8
138.9 397.1 247.3
537.7 -95.2 59.5 -117.2 75.4 -18.2
1716.5 -23.8 332.6 84.7 -300.7 -158.8
2606.1 4.3 205.3 127.2 -204.9 -114.8
140.3 389.4 212.2
540.9 -97 57.5 -125.9 76.7 -15.5
1794.3 16.6 315.7 76.6 -261.4 -189.2
2690.1 43.5 138.8 37.8 -186.4 -77.1
146.1 316 160.1
546.6 -87.8 46.4 -122.6 72.5 -23.6
1922 89.7 209.7 114.4 -233.9 -303.1
2790.6 74.8 27.8 31.6 -122.3 -85.6
148.4 310.3 135.4
545.7 -76.8 44.4 -111.4 82.8 -9.8
1975.3 148.9 140.3 97.4 -228.6 -298.8
2826.3 87.7 1.8 26 -105.9 -84.2
152.6 322.9 135.3
545.4 -63.3 47 -107.1 84.6 -15.2
1985.1 172.8 134.4 115.6 -216.2 -303.1
2845 99.6 7.6 32.3 -91.3 -94.2
152.2 334.7 137.4
539 -52.8 45.4 -97.9 83.7 -11.4
1989.2 192.1 140.4 124.2 -203.4 -309.5
2859.1 131.8 13.4 48.2 -78.8 -97.9
153.5 357.4 148.9
532 -52.5 43.6 -89.8 89.4 0.7
1981.8 179.4 154.9 132.9 -160.1 -288.6
2865 149.2 22.3 57.4 -66.9 -92.6
151.6 370.6 173
540.3 -70.8 65.9 -107.7 107.1 -17.4
1993 127.3 175.8 93.1 -133.4 -318.7
2887.6 102.7 70 15.6 -23.2 -125.4
149.7 350.6 178.1
543.9 -83.2 78.2 -116.2 114 -20.8
2016 106.1 210 72.4 -130.8 -343.3
2910.4 73.9 113.4 -12.7 5.6 -140
149.6 331 176.8
544 -88.2 83.8 -117.8 117.8 -19.1
2045.1 136.4 268.5 88 -114.4 -344.1
2935 85.5 145 -8.5 10.5 -151
150.7 313.7 173
542.5 -85.6 80.6 -117.5 108 -19.4
2072 125.3 298.2 102.9 -123.2 -350.9
2956.9 69 173 -6.9 10.2 -155.2
157.8 300.4 184
547.2 -99 91.3 -127.5 114 -23.3
2093.9 96 335.8 107.7 -122.6 -350.4
2981.6 18.8 190.4 -12.1 25 -189.5
157.4 285.4 196.1
541.5 -87.7 79.5 -114.5 100.9 -4.6
2120.7 112.1 345.8 129.8 -151.7 -341
3010.3 36.3 173.9 26.8 -6.4 -197.2
154.4 284.5 199.5
541.1 -91.9 76.2 -119.5 98.7 -6.9
2139.4 90.7 357.1 131.7 -145.3 -344.8
3030.4 5.1 183.5 11.2 3.6 -213.2
159.4 289.2 215.1
545.1 -79.6 72.3 -122.9 82.6 -18
2149.3 93.6 357.8 131.9 -145.4 -360.1
3055.6 32.4 197.6 13.8 7.4 -221.1
174.5 319.9 271.2
559.6 -82.7 87.6 -137.6 94.2 -25.9
2201.1 100.6 305 92.6 -104.4 -316.2
3124.1 61.8 165.4 -11.7 82.5 -159
winner is: 8
