Regression analysis information for: andalusian_match_interrogative-partial-wh_Cuando-bebia-el-vino
number of formants: 3
number of coefficients: 5
98.1 304.3 299.7
435.6 69.6 2.7 -8.3 11 -34.5
1325.5 -71.4 -137.1 -9.3 62.5 10
2252.2 -210 -85.2 147.3 108.7 -17.4
96.5 318.3 309.4
438.9 78.6 4.1 -12.6 4.3 -40.4
1366.5 -47.6 -156.9 -27.6 51.3 -30.6
2315.3 -166.3 -108.6 129.6 91.7 -47.9
99.8 349.7 330.2
446.8 74.1 17.6 -17.9 6.5 -39.3
1398.2 -59 -130.9 -36.1 38.8 16.1
2373.2 -158.7 -103.3 129.1 98.1 -0.1
110.6 357.6 341.5
450.9 67.4 29 -15.8 20.1 -33
1451.5 -91.3 -141.7 13.1 7.4 46.5
2426.2 -179.3 -68.8 158 67.6 27.6
111.3 376.6 337.9
465.1 94.2 56.2 15.1 43.9 -15.1
1561.8 -69.4 -115.7 157.5 47.6 115.5
2516.9 -147.3 -10.5 210.6 92 90.8
135.5 358.5 299.6
485 51.7 97.2 -8.7 79.6 -22.4
1669.1 -150.3 -146.2 199.7 104.6 56.6
2627.1 -136.9 -5 187.2 133.3 36.3
147.2 362.4 271.2
518.9 14.3 148.8 -34.1 110.7 -33.9
1728.7 -196.7 -86.8 198 113 32.6
2700.7 -115.6 69.5 161 118.5 -11.1
157.5 360.2 238.6
540.1 -32.8 186.1 -77.2 131.8 -65
1797.9 -229.3 -68.7 152.8 157.1 -4.8
2784.6 -90.9 88.5 65.7 94.3 -50.6
157.2 360.3 200.6
540.9 -32.4 188.3 -87.9 143.6 -79.6
1822.6 -218.5 -92.4 107.6 260.7 -56.1
2838.5 -72.7 85.4 -3.6 93.6 -43.8
156.3 373 190.2
531.3 -9.2 178.2 -81.5 149.9 -90.1
1813.7 -207.7 -90.2 112.6 263 -77.3
2851.5 -66 87.6 -11 91.2 -49.8
159.3 376.9 181.1
531.8 0.4 183.4 -76.9 151.1 -86.3
1835 -214.8 -77.3 119.7 263.2 -75.1
2889.9 -54.2 99.9 -21.6 107 -23.4
161.1 371.2 196.5
542.2 -2.8 208.1 -75.7 166.3 -83.9
1881.8 -232 -29.9 150.3 272.2 -49.3
2953.6 -60.2 154.1 27.6 113.2 20.3
159 356.5 198.3
546.7 -15.3 222 -82.2 177 -83.6
1914.3 -265.9 -10.3 162.1 284.2 -47.2
2996 -84.3 192.1 35.4 133.8 17.9
156.8 336.3 191.2
568.7 -62.6 259.3 -100.1 183.3 -67.5
1958.4 -339.3 19.3 168.4 274.1 -32.4
3028 -162.3 212.5 27.1 119.1 27.1
153.2 316.7 189.5
584.2 -85.3 284.9 -105.3 191.8 -54.2
2006.3 -380.4 27.2 190.3 276.2 -25.3
3068.3 -198.5 252.1 29.2 121.7 44.9
158.7 315.3 200.2
575.3 -72.7 272.2 -93.3 189.5 -42.8
2015.8 -378.1 6.8 207.3 283.3 -37.6
3086.4 -194.5 256.7 47.4 126.6 43.7
162.6 320.6 211.9
568.1 -60.2 258.4 -84.2 175.8 -40.2
2031.3 -344.2 19.3 233.7 299.8 -31.8
3113 -174 279.9 90.6 133 56.8
163.3 312.4 230.6
567.7 -80.5 257.7 -97.9 175.5 -45.4
2038.8 -355.6 14.1 235.4 306.9 -32.3
3130.2 -186.9 293.5 110.9 134.9 54.1
171.8 311.6 244.2
568.6 -60.6 260.9 -81.9 182.8 -37.5
2058.4 -329.2 29.7 241.4 328.3 -50.4
3157.8 -165.9 319.5 125 150.7 22.7
180.9 311.1 267.6
581.1 -26.8 267.6 -76.9 163.1 -49.7
2120.7 -244.7 86.4 268.3 330.3 -87.3
3220.3 -82.2 389.2 147.1 148.4 -6.1
winner is: 15
