Regression analysis information for: andalusian_match_interrogative-total-yn_Emilio-ama-la-marcha
number of formants: 3
number of coefficients: 5
153.3 284.8 214.5
535.7 -98.3 67.8 14.3 30.1 101.9
1421.6 172.1 244 -51.8 -149.9 -46.1
2177.9 150 372.6 -89.6 -270.6 -67.5
168.3 300.4 241.5
562 -138.8 31.1 43.5 21.8 57.7
1498.9 120.5 259.8 -14.1 -189.3 -101
2269.3 74.2 368.9 -36.8 -297.7 -101.1
170.9 319.7 276.1
579.8 -158.9 6.4 50.8 18.8 58.4
1508.3 57.7 239.2 28.8 -205.1 -83.2
2326 49 293 34.6 -302.5 -135.1
170.2 286.9 297.5
620.5 -196.9 -18 56.1 26.5 85.5
1572.6 -47.2 210.6 43.3 -155.3 -13.8
2455 -19.3 199.5 41.5 -202.8 -107.6
178.6 282.5 295.7
663.7 -188.5 6.4 85.6 57.9 130.1
1674.2 -13.8 261.3 37 -187.7 -0.8
2554.7 -36.1 189.9 75.6 -137 -73.7
178 261 261
687.8 -185.7 14.2 95.7 73 155.2
1790.3 56.9 290.9 -7.8 -206.1 -15.5
2688.8 -16 171.6 48.4 -60.5 -62.1
181.7 259.2 222.6
687.9 -157.7 2.4 108.7 74 186.8
1829.2 130.1 290.5 -13.9 -216.8 -12.4
2754.1 17.4 141.6 -12.4 -13.3 -12.1
189.2 242 189.3
697.1 -117.9 31.5 123.6 90.2 202.1
1865.8 192.3 301.4 -44.2 -239.3 -21.2
2808.3 48.1 102.2 -40.2 8 22.2
199.1 250.2 185.2
697.4 -114.8 52.4 121.6 108.6 193.9
1874 197.5 323.8 -58.6 -216.2 -28.5
2835 50.6 106.7 -46.7 41.2 14.2
209.7 254.9 195.6
689.2 -130.5 61.7 108.4 101.4 184.4
1886.4 194.2 336.9 -51.7 -220.2 -34.3
2866.3 56.3 142 -29 64.2 13.5
213.8 265.4 203
683.9 -160.3 70.7 95.7 72.5 168.1
1897.2 157.7 358.3 -82.3 -236.3 -51.7
2882.7 23.7 158.2 -58.5 58.3 10.9
214.3 275.3 219.9
678.6 -166.3 81.6 96.6 67.2 176.2
1913.6 123 392.1 -91.4 -236.1 -54.7
2911.5 -27.1 190.5 -48 54.1 30.1
214.9 282.7 242
684.9 -193.2 89.6 103.4 52.8 177.2
1933.2 87.4 404.7 -69.2 -255.1 -42.3
2959.9 -101.2 226.1 -22.4 42.1 32.5
227.7 291.3 276.5
695.3 -191.8 105.1 123 47.4 185
1956.8 68 406.4 -33.3 -278.3 -24.3
3007.3 -130.9 245.9 32.7 16.3 52
246.8 290.7 296.2
724.9 -179.3 128.1 155.6 35.9 199.2
2000.2 94.8 431 -20.1 -294.4 -41.8
3065.2 -120.2 268.1 74.1 10.3 49.9
249 283 303.3
725.7 -181.4 121.1 182.9 42.3 208.2
2034.7 92.8 444.6 -9.6 -301.1 -64.6
3119.1 -126.6 261.4 105 3.9 8
256.7 274.7 329.1
735.5 -170 112 191.6 65.4 206.6
2077.8 151.5 440.4 -0.3 -291.2 -113.8
3171.3 -88 246.5 118.4 36.1 -37.3
248.8 282.5 337.7
731.6 -132.1 66.8 203.6 56.4 219.4
2092.6 185.6 398.5 9.7 -288.8 -99.6
3204.2 -64.7 210.1 110.6 44 -28.2
260.6 282.2 336.6
750.6 -149.3 78.5 197.3 78.2 211.4
2132.2 164.4 422.9 -5.4 -265.7 -107.1
3251.3 -64.1 234 95.6 80.1 -38.2
272.6 299.6 346
771.4 -124.8 80.2 203.8 87.1 232
2148 201 408.5 2.6 -249.4 -94.6
3300.7 -41.2 242.4 106.4 77.6 -12.8
winner is: 8
