Regression analysis information for: andalusian_match_declarative-narrow-focus_David-leia-el-libro
number of formants: 3
number of coefficients: 5
104.6 324.4 233.8
479.9 74.6 87.4 29.5 42.4 78.7
1469.4 82.7 138.9 0.4 -15.3 142.1
2424.4 -9 -122.6 -41.9 153.1 82.1
106 346.8 228.9
479.7 83.4 88.9 39.4 42.7 78.4
1512.6 116.3 156.2 23.3 -4.6 130.2
2473.1 15.2 -89.2 -17.6 155.4 84.1
115.1 392.6 207.5
471.5 75.2 79.9 35.2 46 70.7
1516.5 65.8 161.3 55 8.3 117.7
2547.3 7.8 -71.8 27.2 98 96.9
125.2 430.6 211.7
467.9 64.6 81.7 30.9 45.3 60
1511 12.8 139.7 73.9 42.5 79.1
2576.9 -19.8 -57.7 30.4 88.8 81.7
120.7 458.7 215.9
462.5 82.2 79.9 38.7 54.3 53.5
1481.1 29.5 169 93.5 45.1 57.8
2597.6 -21.3 -52.1 39.9 98.8 69.1
112.3 467.3 211.5
459.5 116.6 80.9 51.7 57 40.9
1545.7 100.3 179.7 95.7 14.1 -2.2
2647.3 52.8 -49.6 25.6 75.9 56.1
131.3 485.3 189.9
486 93.2 115.8 39.4 53.7 48.2
1691.2 117 178 31.4 -23.5 -52.8
2730.1 107.4 -11.9 -11.7 34.3 7.5
155.8 488.3 180.1
514.6 60.9 159.9 20.9 59.8 49.6
1867.1 118.6 60.3 18.7 59.2 -97.2
2803.6 113.7 7.8 -30.4 66.7 -6.2
151.4 366.8 180.9
531.1 23.4 168.8 -3 50.3 61.5
2057.9 149.5 -96.6 -168.4 121.7 133.9
2868.4 102.6 -0.8 -63.5 79.2 60.5
142 331 162.4
529.2 11.2 160.9 -10.4 41.8 58.8
2108.7 111.2 -50.8 -214.3 133.7 154.1
2902.7 73 47.1 -85.2 112.1 43.6
144.5 303.9 156.8
533.8 -6.2 164.9 -18.5 44.9 56.9
2157.2 79.3 -75.7 -219.2 188.9 126
2933.7 30.6 80.4 -106.5 122.4 29
148.8 295.4 184.7
523.2 1.9 145.3 0.5 27.2 70.3
2188.2 61.4 -112.8 -204.9 210 113.4
2966.6 0.9 85 -91.4 83.4 61.9
166.2 283.2 206.9
533.6 -39.6 155.5 -16.5 32.2 61.5
2234.3 -13.3 -153 -216.7 270.2 99.8
3000.4 -60.8 105.1 -123.1 94.1 70.9
168.9 275.6 203.5
523 -27 148.8 -22 37.9 47.3
2239.7 11.9 -141.6 -214.8 300.4 72.6
3005.3 -33.7 113 -134.5 135.5 42.4
211.4 300.8 246
546 -45.6 165.6 -0.5 4.3 84.9
2242 2.4 -121.5 -178.2 246.6 125.4
3041.8 -92.2 140.3 -125.2 104.8 80.2
210.2 298.8 274.7
549.1 -62.6 167.9 -5.3 -0.6 82.8
2269.3 -53 -88.9 -143.8 189.9 157.9
3084.9 -152.8 179.8 -123.8 53.4 131.4
219.2 291.6 281
558.8 -55 184.6 11.6 9.1 94.7
2298.9 -87.9 -71.4 -130.2 188.5 169.3
3113.7 -163 198.6 -112.7 55.8 157
226.5 278.8 281.2
566.6 -47.4 207.5 5.8 33 88
2328.8 -86.4 -65.4 -129.7 222.5 160.8
3163.7 -179.2 234.9 -85.4 63.4 192.1
258.5 281.1 320.4
598.3 -49.4 263 24.4 64.9 135.1
2363.1 -83.1 -40.1 -109.5 226.6 140.3
3260.4 -201.7 302.8 -25.8 88.3 172.2
278.3 292.6 366.6
638.4 14.4 327.9 78.9 115.3 144.9
2421.1 -77.9 -4.9 -65.7 199.2 137.6
3340.2 -202.3 381.4 54.8 89.4 153.1
winner is: 11
