Regression analysis information for: andalusian_mismatch_interrogative-total-yn_Mi-novio-viene-del-lago
number of formants: 3
number of coefficients: 5
95.7 341.6 274.1
502.3 -39.6 -5.1 18.2 38.3 5.3
1173.8 52.9 122.4 155 55.1 -57.1
2124.7 154.8 114 161.2 153.7 -210.3
102.2 351.2 295.1
509.8 -46.1 -4.6 22.2 38 2.9
1261.6 122.2 129.7 184.8 -15.9 -188.6
2190.5 160.1 125.4 158.8 130.4 -243.2
107.5 372.2 349.7
520.9 -55.3 -3.3 21.3 19 10.3
1402.5 227.2 87.1 156.7 -28.4 -224.6
2301.5 154.6 71.3 104.8 123.9 -129.5
107 348.6 354.9
529 -62.1 -14.2 14 3.6 11.8
1504 276.7 41.8 176.1 11.8 -234.1
2401.4 136.5 36 104.9 125.9 -92.2
109.4 356.1 322.1
535.1 -62.8 -21.7 14.4 -2.5 19.5
1550.6 308.5 21.7 140.6 35.4 -166
2487.1 124.4 -5.4 62.3 106.1 -80.2
109.8 353 291.9
541.6 -74.9 -24.6 7.1 -7 16.3
1596.4 311.3 2.6 104.9 32.8 -187.5
2582.9 97.4 8 5.1 60.4 -68.1
110.8 351.3 243
544.7 -71.8 -27.4 2.1 -7.2 15.3
1633.4 340.9 -17 76.2 34 -186.7
2645.2 133.3 10.6 -75.1 8.1 -60.2
126.1 351.8 220.9
552.6 -66.1 -9.5 6 4.7 28.7
1674.2 378.3 17.6 52.8 69.1 -174
2735.8 103.1 75.2 -88 -18.3 -26.5
137.3 327.3 210.6
565.1 -78.8 -1.5 19.4 7 36.3
1706.6 380.2 26.2 51.9 132 -159.1
2787.5 92.4 108.5 -92.3 -3.1 -28.1
144.5 324.7 218
567.5 -81.5 16.2 20.9 29.1 32.3
1749.4 391.5 61.6 47.4 177.7 -185.7
2835 94.2 158.9 -111.4 63.7 -61.8
148.8 347.6 193.5
572.9 -101.3 32.9 22.8 42.2 26.3
1800 323.8 100.4 71.2 221.2 -246.7
2903.5 98.7 220.4 -92.5 98.6 -91
149.5 349.6 182.4
572.3 -104.7 39.8 27.4 47 22.6
1824.7 287.2 109.2 158.9 208.5 -285.2
2941.4 97.8 254.4 -68.2 113.8 -95
147.2 308.4 137.1
571.4 -107.5 42.9 28.4 45.6 18.7
1866.1 304.1 135.5 242.8 182.1 -363.4
3003.7 107.8 283.1 11.2 133.7 -131.5
144.2 321.1 143.6
566.3 -108.3 38.9 24.8 38.5 11.6
1869.8 283.8 125.2 232.8 147.6 -399.1
3019.3 71.4 291 20 130.8 -136.8
141.3 333 152.2
567.1 -104.7 46.5 26.3 32.8 19
1898.9 310.1 131.3 223.8 136.6 -385
3039.4 61.1 316.3 12 136.7 -129
142.6 363.2 165.6
570.4 -100 54.9 28.1 32.6 36.3
1925.7 324.6 144.3 210.5 135.1 -342.1
3074.6 82.7 341.4 9.3 134.4 -110.3
139.2 390 163.5
565.6 -105.1 46.6 20.3 23.3 40.6
1969.2 357.1 61.3 156.4 168.9 -259.5
3090.4 90 353.5 11.3 126 -108.6
138.8 387.3 168.1
566 -106.4 54 15 30.3 45.6
1978.5 344.4 105.1 125.9 207.4 -267.5
3126.2 101.8 392.6 6.8 165 -106.3
142 375.7 178.1
562.5 -104 54.5 11.5 35.1 43.7
1975.6 350.6 130 129.8 239.4 -281.2
3168.7 136.3 428.9 10 186.3 -99.8
144.2 393.4 209.6
563.9 -112.9 60.6 5 37.6 42
1986.9 286.6 160.8 99.7 279.9 -278.3
3213.8 137 477.3 -5.6 226.1 -105.9
winner is: 13
