Regression analysis information for: andalusian_match_declarative-broad-focus_Daniel-iba-a-Bolivia
number of formants: 3
number of coefficients: 5
174.2 309.7 292.2
537.9 53.7 47.5 5 91.6 -48.4
1427.5 159.7 40.2 -262.8 226.1 137.3
2375.7 77.2 98.7 -181.1 106.7 209.7
180.9 331 288.1
545.8 71.7 58.7 2.9 92.6 -49.6
1493.6 200.6 19.7 -335 229.5 213.7
2373.9 124.4 133.9 -265.2 146 230.2
186 352 267
554.6 87.2 78.1 15.9 101.3 -43.9
1522.6 276.9 50.2 -330.7 213.7 247.9
2425.2 196.3 179.1 -321.6 184 260.2
193.5 373.8 287.8
560.4 89 77.3 31 87 -64.2
1583.6 233.3 102.6 -322.4 174.4 271.1
2525.6 152 129.1 -247.7 102 255.7
194.1 385.7 256.2
579 106 85.1 55.5 79.9 -81.7
1674 184.3 149.1 -270.3 203.9 251.2
2686.4 81 7.1 -31.4 100.9 116.2
196.7 401.6 235.4
582.7 101.5 69.1 61.9 68.1 -98
1749.9 89.6 247.9 -262.3 67.2 251.5
2735.5 42.3 13.2 33 82.8 91.1
199.6 400.9 207.4
584.4 116.8 88.1 76.8 58.8 -107
1805.2 69 263.7 -207.7 53.2 261.6
2790.6 57.7 15 62.3 76.2 84.8
195.2 368.9 180.5
597.5 132.6 86 79.6 69.6 -106.4
1915.4 82.7 155.2 -213.2 126.2 325.3
2861.7 85.2 -4.8 55.7 66.6 96.1
193.7 344.6 164.6
585.2 125.3 68.3 74.6 64.9 -96
1963.6 103.6 98.2 -278.8 141.2 385.5
2904.1 109.3 -43.3 -5.5 32.6 93.1
198.6 346.9 169.9
590.2 151.8 69.4 70.8 52.6 -91
1982.6 122.5 113.8 -265.2 156.5 402.5
2934.1 149.6 -13.5 2.5 34.7 100.2
192.6 354.2 179.4
581.8 148.6 57.5 59.7 36.8 -103.9
1993 112.7 71.1 -303.7 152.4 396.2
2949.9 135.6 -50.6 -42.1 -6 59.9
190.4 358.8 186.5
580.3 158.3 60 59.2 29.8 -106.7
2030.9 154.5 60.7 -326.6 153.9 390.9
2992 171.4 -22.4 -34.6 -7.9 68.1
200.2 370.1 210.9
594.4 179.8 92.1 69.2 36.3 -119.2
2041 210.7 90.1 -332.1 177.2 348.7
2989.7 178.2 -10.3 -47 8.9 9
204.5 364.4 200.8
607.7 218.8 121.6 99.9 49.1 -102.1
2064.8 258.7 132.1 -313.4 203.1 360.5
3028.1 239.7 16.3 -52.9 37.7 -6.2
212.6 351.8 206.6
624.3 219.9 149.5 92.5 64.8 -119.7
2113.5 277.7 200.3 -329.2 171.4 342.7
3072.5 242.9 78.2 -64.3 33.7 -36.2
232.4 340.8 218.7
635.8 162.8 176.4 45.7 94 -153.3
2133.3 255 240.4 -351.5 220.6 329.7
3122.9 215.3 154.2 -93.5 70.5 -59.5
240.2 339.1 228
636.9 138 180 24.6 108 -173.4
2153.2 233.1 245.7 -354.6 217.5 327.4
3164.8 194.8 176 -83.8 76.6 -50.9
248.4 340.6 233.3
643.7 135.5 188.3 30.9 121.4 -171.1
2158.2 211.1 239.2 -338.8 236.2 364.2
3190.7 181.9 180.4 -50.3 92.5 -31.9
265 376.9 267.6
654.9 146.7 201.9 48.3 130.9 -161.7
2208.2 229.2 237.5 -302.9 219.8 340.1
3260.7 230.2 206 17.5 51.6 -32.4
285.1 398.8 297
664.7 150.2 211 44 122.9 -176
2251.8 222.3 215.8 -275.7 205.2 320.5
3309.9 219.5 185.1 35 47 -55.8
winner is: 9
