Regression analysis information for: andalusian_mismatch_declarative-narrow-focus_El-nino-oye-el-rio
number of formants: 3
number of coefficients: 5
73 354.7 244.4
458.5 -57.5 37.2 21.9 65.6 39.3
1366.8 -70.2 9.6 47.3 49.2 -59.8
2293.8 73.3 63.8 38.5 22.6 -192.4
73.4 401.1 264.4
459.3 -57.7 34.4 18.1 61.4 40.1
1429.2 -91.4 -28.2 90.5 80 21.9
2340.5 64.1 47.2 38.5 17.5 -153.9
78.7 406.1 263.5
463.9 -73.2 34.1 11.8 57.2 45.6
1557 -101.4 -88.8 114.6 24.2 89.6
2423.2 5.7 22.7 29.7 -31.5 -56.4
82.1 387.7 248.9
473 -83.4 32.9 9.8 59.1 46.2
1661.5 -101.9 -158 115.1 4 66.2
2484.9 -6.1 3.7 46.1 -45.2 -53.6
90.2 403.7 194.7
484.5 -81.4 44.1 16.2 71.2 56.1
1713.4 -153.6 -185.2 83.5 -1.1 37.9
2580 0 -32 31.8 -23.6 -25
90.1 396.8 183.8
478.7 -71.2 33.5 26 58.9 63.2
1754.4 -126.7 -224.6 64.1 -30.8 -10.4
2630.7 24.5 -52.1 -5.6 -25.3 -32.3
91.1 392 182.7
477.5 -71.3 31.6 23 53.5 62.3
1801.1 -71 -202.5 19.9 -36.7 -13.6
2663.2 65.2 -48.2 -52 -30.3 -14.9
88.9 410.8 195
476.3 -66 29.6 27.9 51 60
1814.7 -39.5 -182.1 -2.8 -33 -52.3
2686.1 72.2 -30.1 -76.8 -21 -31.6
83.2 405.1 205.8
476.7 -66.5 48.2 9.7 75.7 36.5
1898.4 51.8 -32 60.3 68.4 -69.7
2753.6 118.4 77.9 -47.2 48.2 -60.6
100.6 374.1 203.5
491.4 -84.3 40.2 22.4 92.2 -3.4
1960 104.9 25 66.8 73.6 -116.2
2799 128.4 92.1 -21 60.8 -110.6
97.9 305.3 182.6
487.3 -83.5 41.7 24.4 93.5 -4.4
2020.4 222.9 91.2 63 46.2 -166.7
2824.4 179.4 124 -14.6 53.7 -117.8
105.9 304.3 179.1
487.5 -88.3 25.4 32.1 87.1 -18.8
2030.5 227.8 78.8 51.5 11.4 -166.3
2836.2 180.4 114 -15.1 16.1 -154.1
125.5 338.3 191.5
499.1 -96.1 27.3 43.9 97 -22.2
2024.9 176.3 63.6 59.3 47.4 -126.5
2858.7 164.8 106.5 15.8 36.7 -148.2
140.2 352.9 218.6
510.8 -98.5 49.9 50.1 105.6 -0.5
2050 120.7 83.6 97.5 68.3 -109.9
2893.1 141.3 133.3 25.4 56 -125.9
149.3 321.2 226.5
522.5 -136.4 59.2 34.4 100 -3
2098.9 82.4 131.4 88.8 74.6 -138.4
2934.7 84.4 175.5 10.7 99.6 -143
153.6 278.6 234
527.6 -146.5 61 33.5 99.8 -4.6
2156 118 158 59.5 32.7 -193
3001.1 66.5 192.5 -6.4 99.4 -142
156 249.5 258.7
536.7 -160.9 58 45.5 80 12.9
2221.5 60.2 182.7 53.4 -11.5 -157
3074 -33.4 215.3 -45.7 88.7 -109.5
166.2 240.8 256.9
548.8 -152.8 57.3 57.3 98.7 27.9
2256 63.1 168.4 45.9 -7.8 -155.1
3129.9 -47.3 233.1 -70.4 112.3 -91.8
176.8 228 279.3
562.5 -173 66.9 56.7 97 28.4
2303.5 41.2 163.4 41.2 -37.5 -134.6
3190.6 -71.8 246 -89.8 106.5 -70.3
200.6 224.2 288.7
581.4 -172.2 31.1 72.4 115.4 10.3
2337 42.6 135.9 41.9 -39.3 -130.8
3220.9 -64.8 210.4 -73.1 146.4 -85.1
winner is: 11
