Regression analysis information for: argentine_mismatch_declarative-broad-focus_El-bebe-comia-muy-bien
number of formants: 3
number of coefficients: 5
82.4 259.4 214.2
474.8 23.5 1.7 -15.9 19.2 6.6
1597.2 -27 169.8 76 -103 40.8
2330.3 61.1 25.2 18.3 3 97.7
85.8 263 191.1
475.6 31.7 -3.7 -11.2 23.6 11.1
1630.7 -17.1 122.1 97.5 -59.4 35
2375.5 68.7 4.1 35.4 33.8 108.1
91.6 251.7 162.4
482.2 35.5 -0.2 -8.4 36.3 12.7
1676.7 -54.8 113.2 77.4 -6.9 12.4
2425.3 46.6 17.1 25.3 61.2 90.7
96.8 248.9 148.1
487.3 34.9 -0.5 -2.9 40.7 10.6
1704.2 -50.8 114.8 96.7 23 13.5
2464.9 38.5 46 20.7 93.4 80
102.3 239.6 127.8
492.7 35.5 -7.6 8.5 41.3 9.4
1722.5 -60 121 100 30.3 11.9
2506.9 22.2 48.2 11.4 126.5 67.2
113.5 238.2 129.9
510.4 26.1 -29.7 32.1 43.4 -13
1742.7 -68.4 115.4 114.7 37.2 0.6
2542.7 8.7 31.7 20.4 142.8 48.2
116.8 238.5 138.8
513 16.3 -35.9 35.7 40.8 -27.6
1750.7 -72.6 115.8 123.6 41.2 -7
2560 6.1 32.6 25.5 149.9 40.9
120.2 237.4 137.7
509.3 21.6 -45.1 44.8 32.9 -25.8
1748.1 -71 113.5 127.6 38.2 -6.2
2562.3 -0.4 23.9 40.6 149.2 34.6
130.2 231.2 143.5
516.8 12.9 -40.1 48.1 36.8 -37
1764.6 -83.5 109 151.4 36.6 -19
2583.8 -10.1 21.6 58.6 156.5 29.2
140.4 224.3 141.9
521 11.1 -46.9 65.2 31.8 -48.4
1764.3 -85.5 112.6 169.8 43 -22.1
2580.3 -24.8 20.1 89.2 182.4 27.7
142.4 205.4 146
521 2.2 -48.8 54.2 22.8 -54.1
1750.2 -91.1 136.4 158.2 14 -10.8
2572 -30.9 52.5 88.4 144.9 45.8
146.7 206.6 164.1
523.5 10 -52.1 63.5 19.7 -45.5
1765.4 -80.9 129.8 173.2 9.8 -6.9
2605.1 -10.7 55.3 106.8 121.7 65.4
154.7 227.1 203
534.7 11.8 -55.7 57 29.7 -37.5
1810.6 -72 99.7 175.6 22.9 -3.8
2679.7 21.1 37.1 80.6 96.9 88.3
168.9 251.9 228.1
547.8 0.9 -52.1 51.5 40.6 -52.2
1864.3 -71.8 61.3 151.2 54.1 2.8
2770.9 30.7 5.1 64.3 96.7 74.1
171.5 244.8 227.8
556 -6.8 -59.9 37 53 -53.1
1913.8 -66.1 19.2 104.4 81.7 36.2
2849.7 39 -27.7 39.2 115.6 83.8
187.1 235.6 233
566 -22.3 -54.8 26.5 61.2 -62.9
1949.5 -60.3 1.6 86.3 79.6 60.5
2917.3 39.3 -7.3 36.6 110.1 92.6
217.4 234.1 249.5
591.8 -37.4 -17 7.2 94.4 -77
2001.1 -53.9 10.9 42.5 115.7 93.1
3007.8 35.8 32.9 15.8 140 100.6
228.8 249.6 276.2
598.5 -58.8 13.7 -21.6 113.6 -67.4
2029.3 -77.2 17.6 40.4 132.2 70.7
3056.6 20.8 58.6 8.3 151.8 95.2
247.6 267.4 313.3
617.7 -83.4 35.2 -51.4 123.7 -53.2
2056.2 -92 23.5 11.9 124.4 77.4
3106.6 -3.9 56.9 -8.6 153.7 80.2
246.2 284.8 347.6
629.2 -113 73.4 -100 169 -79.2
2076.5 -110.8 60.6 -22.5 162 56.3
3151.8 -26.9 84.9 -54.5 203.2 58.5
winner is: 5
