Regression analysis information for: argentine_match_interrogative-total-yn_Marta-abre-el-regalo
number of formants: 3
number of coefficients: 5
113 195.4 199.5
534.3 15.8 -0.2 -39 -58.7 -14.1
1402.4 -17.6 -202.7 223 33.1 59.9
2272.3 -153.3 -102.1 88.1 134.6 27.1
117.1 185.2 162.7
550.6 25 20.1 -34 -38.4 -6.6
1445.8 0.3 -197.6 202.9 30.5 58.2
2357.4 -100.4 -45.7 34.7 120 -10.9
124.1 183.2 138.2
561.7 37.8 35.3 -27.4 -28.9 -5.2
1482.4 24.1 -206 202.2 27.3 68
2409.1 -52.5 -20.7 14.2 106.8 -12.6
132 198.7 146.8
580.5 76.1 65.5 -1.5 -12.6 7.8
1504.1 49.8 -186.6 230 38.9 92.5
2447 -17.2 10.2 26.3 124.3 3.3
131.8 205.2 144.2
581.3 84.8 63.3 -0.6 -19.7 7.5
1511.5 55.4 -189.7 234.9 29.4 99.2
2470.7 -5.9 10.8 16.4 103.7 -10.4
140.5 214.2 159
584.5 97.1 68 15.8 -10.4 11.1
1519.7 81 -182.5 264.2 34.8 109.2
2494.4 20.3 11.8 38.9 107.8 0.6
140.5 219.3 152.9
575.5 84.8 57.8 12.6 -12.1 13.4
1518.4 59.4 -187.9 260.4 46.2 104.4
2495.3 32.2 8 57.6 117.3 12.1
143.5 233.7 169.1
579.8 97.9 69.1 26.3 1 24.5
1526.8 65.8 -177 260.8 89.5 77.6
2509.1 59.1 24.5 83.5 153.5 22.7
153.1 242.8 199.1
598.1 122.1 81.5 47.4 22.9 26.2
1534.2 91.2 -153.5 278.2 116.6 60.4
2506.4 104.3 63 121.1 190 -2.4
150.3 257.4 207.9
622.3 154.8 119.9 66.2 40.5 29.7
1575 88.5 -108.3 273.8 156.4 57.3
2561.6 106.9 104.3 120.8 247.9 -3.4
140.3 272.5 204.7
649.4 189 162.5 86.2 57.3 32.7
1649 38.5 -25 239.9 205.9 41
2634.1 129.1 141.7 123.5 293.2 3.3
150 262.2 224.9
660.1 173.8 151.2 82.4 60.6 11.1
1699.2 -18.4 -12.2 228.8 208.9 41.9
2699.9 90 150.4 125.5 310.1 1.7
157.1 251.2 231.3
673.9 170 145.6 90.6 70.9 1.8
1737.9 -37.6 -39.4 258.7 209.1 39.6
2756.7 80.6 154.4 162.6 313.5 3.7
149.7 244.8 229.8
673 176.1 150.5 99 68.9 10.1
1786.4 -88 -12.6 255.5 209 50.3
2782.7 -3 131 124 286.5 -18.1
144.5 246.6 236.7
680 175 159.8 109.2 71.7 22.3
1810.7 -124.6 -17.5 267.1 205.4 66.5
2801.8 -57.6 130.7 133 269.4 12.3
131.8 254.7 258.4
696.9 202.1 182.4 137.5 90 48.3
1826.8 -88.9 -47 324.8 188.7 95.8
2870.4 -38 116.8 207.4 288.7 33.1
137.4 269.5 264.1
699.5 209.5 177.3 134.3 80.4 46.6
1840.2 -92.3 -46.9 315.6 193.1 84.5
2910.3 -27.5 144.4 218.6 279.4 53.3
149.9 296.6 292.5
704.9 217.9 170.1 112.6 54.5 34.8
1863.4 -73.5 -48.9 296.5 197.3 63.1
2957.7 -8 186.9 179.5 291.9 35.3
163.5 335.2 361
720.7 224.2 158.1 107.8 65.8 27
1894.7 -47.4 -67 258.8 176.6 34.4
3037.7 36.2 203.2 122.7 274.4 -19.7
165.5 349.3 375.3
721.9 232.4 169 104.2 59.4 33.3
1911.2 -15.9 -48.8 237.7 167.2 55.2
3076.9 51.2 236.9 115.6 267.7 -25
winner is: 3
