Regression analysis information for: argentine_mismatch_interrogative-partial-wh_Por-que-oia-el-rio
number of formants: 3
number of coefficients: 5
72.3 303.5 234.1
510.5 -17.4 85.5 -60.6 59.1 -47.3
1555.5 -178.6 -141.9 23.1 -169.3 100.9
2430 -69.3 -66.6 29.3 -3.3 169.5
73.9 314.8 185.7
512.9 -6.7 89 -55.7 63.6 -42
1614.7 -144.9 -200.5 25.1 -148.1 93.5
2512.9 -28.9 -81.9 50.2 36.3 128.5
76.5 311.7 164.5
511.3 3.4 88 -48.7 65.9 -35.6
1640.7 -115 -255.8 27.9 -120 123.2
2544.7 -13.7 -94 67.2 78.7 135.8
74.4 311.8 157.7
512.2 1.8 90.7 -51.4 71.4 -39.9
1650 -120.4 -255.9 26 -114.4 110.7
2569 -8.9 -92.5 57.6 85.3 130.6
74.9 318.1 143.2
509 2.3 85 -52.5 68.6 -44.3
1662.8 -136.5 -237.4 7.1 -105 85.4
2619.3 -5.3 -48.3 26.9 80 59.5
75 317.2 123.1
511.6 -3.9 90.7 -59.9 75.5 -53.2
1696.6 -170 -185.2 -27.9 -59.8 47.8
2673.5 -41.4 16.6 -30.2 121.8 -21.4
70.3 308.7 125.6
508.7 -12.1 84.2 -67.9 69.5 -62.4
1708.1 -189.7 -183 -41.4 -57.5 29.4
2685.3 -47.1 -1 -22.8 110.8 -39
73.4 305 128.4
510.7 -9.4 88.4 -64.1 73.4 -59.8
1722.5 -202.7 -182.6 -47.6 -56.2 16.2
2699.7 -47.6 -2.6 -22.5 106.5 -45.1
82.6 312.5 132.6
518 -4 91.9 -58 66.7 -63.9
1742.7 -203.7 -181.5 -37.4 -52.3 9.8
2724 -49.4 19.1 -8.7 122 -45.8
85.5 306.1 114.6
518.2 2.6 94.9 -59.3 62.8 -66.3
1734.3 -203.9 -148.7 -15.9 -70.7 -13.4
2723.8 -74.1 69.1 -2.2 137.5 -58.5
85.3 304.3 121.9
513 11.6 87.8 -56 55.3 -61.6
1709.6 -181.3 -161.4 13.4 -107.2 -0.9
2717.9 -54.6 81.9 18.3 119.2 -40
85 307.2 119.1
513.7 10.6 96 -41.2 75.7 -40.4
1733.2 -183.3 -171.8 13.6 -71.5 33.9
2748.8 -51.7 97.1 10.4 139.2 -21.1
82.7 324.6 142
514.4 12.7 92.4 -44.8 71.8 -41.8
1772.9 -165.3 -228 -12.7 -68.3 52.2
2807.6 -15 52.1 -32.9 136.1 5.3
102.3 330.5 172
536.6 -7 93.4 -27.5 56.9 -40.8
1826.6 -198.2 -238.7 -0.4 -106.4 56.7
2879.4 1.5 19.1 -68.9 113.3 20.9
126.3 328.9 190.7
561.4 -11.4 101.8 -33.3 37 -55
1879.1 -232.9 -254.2 4.4 -129.7 45.4
2957.1 -17.5 12.8 -76.5 96.4 31.1
134.6 324.5 218.7
579.3 8.1 120 -21.6 45.8 -51.2
1961.5 -166.4 -205 70.4 -74.1 77
3032.1 -7.3 4 -20.3 100.2 18.3
131.5 315 212.1
579.8 13.9 122 -20.7 55.9 -49.1
2037.9 -122.1 -204.8 135.4 -37.3 50.2
3072.5 -41.8 -37.6 30.1 98.6 -27.1
146.8 311.7 233.3
590.6 11.5 112.4 2 55.4 -62.3
2078.9 -89.7 -177 194.2 -0.8 63.5
3116.1 -47.5 -49.6 99.2 126 -44.3
159.7 323.7 228.7
599.5 5.9 103.1 21.4 49.9 -73.7
2121 -82.6 -119 212.1 26.2 54.4
3132.6 -54.9 -40.3 108.6 126.6 -33.1
160.7 344 247.2
599.7 5.4 104.2 24.9 56.9 -80.9
2145.3 -57.2 -83.8 251.9 49.2 52.4
3163.1 -56.5 -26.6 126 132.7 -44.1
winner is: 7
