Regression analysis information for: argentine_match_interrogative-total-yn_Mariano-habla-del-tiempo
number of formants: 3
number of coefficients: 5
107.8 247.6 266.9
549 91.5 54.4 16 99.5 22.2
1466.4 148.2 -118.6 226.3 -177.7 -251.7
2284 -90.2 -119.7 17 -129.1 -190
112.8 224.8 202.7
552.5 93 71.2 21.3 103.1 24.3
1534.5 165.8 -156.4 212.4 -113.3 -240.7
2406 -50.7 -114.1 -10.9 -13.1 -163.1
108.8 185.1 137
556.8 92.2 61.2 16.1 110 22.6
1586.4 197.2 -169.6 230.6 -79.6 -243.4
2500.6 4.4 -71.5 12.5 42.8 -157.7
110 192 129.8
557.6 93.1 61.4 15.4 112.6 23.6
1598.8 185.6 -173.3 225.9 -74.6 -240.6
2534.7 11.4 -60.7 33.7 64.5 -150.9
111.2 197.7 141.7
554.8 95.7 55.9 15 108.3 20.9
1603 193.1 -180.6 235.2 -80.7 -233
2544.2 33.6 -65.4 55.8 52.7 -130.3
113.3 202.6 147.7
551 92.4 50.9 8.3 103.5 14.3
1605.4 193.9 -195.9 239.7 -90.6 -232.7
2549.9 56.4 -68.2 71.9 47.3 -116.6
115.1 205.8 146.8
552.9 108.5 60 21.4 112.6 26.3
1617.1 196.5 -188.3 245.9 -75 -234.9
2568.8 64.3 -39.2 74.9 78.2 -120.8
114.9 210.2 158.2
553.6 112.2 72.6 24.8 123 33.6
1625.5 196.3 -171.6 247.2 -50 -246.1
2593.9 60 -13.8 89.1 104.7 -123.3
115.1 223.3 157
554 117.3 86.7 27.1 131.3 41.3
1629.9 184.9 -125.2 229.7 -31 -243.3
2620.6 42.2 45.8 78.6 164.9 -135.6
117.2 229.3 163
552.9 113.8 92.7 22.1 131 43.6
1628.2 177.3 -107.8 224.6 -29.2 -242.6
2648.2 9.9 79.3 79.6 192.3 -135.3
122.7 249.8 171.7
568.6 107.1 116.5 27.8 132.4 66.4
1649.8 146.1 -69.3 211.2 -38.5 -204.4
2692.4 -26.4 128.6 77.5 204.2 -95.7
124.4 260.5 186.6
584.2 104.4 139.9 31.7 140.8 82.5
1683.4 112.4 -30.4 196.9 -35.5 -175.4
2745.7 -52.2 166.4 74.5 208.8 -52.7
124.7 250.8 203.3
587.8 102.8 142.8 28.8 141.4 85.2
1712.7 83.7 -19.4 188.3 -46.8 -153.4
2775 -62.9 154.9 62.5 198.5 -47.2
125.4 256 221.2
592.8 112.5 150.2 32.5 145.5 93.9
1727.9 86 -14.1 185.3 -67.1 -120
2821 -46.1 151.8 73.8 183.4 -27.3
130.8 282.3 256.2
606.9 99.5 148.5 46.6 123.5 114.8
1762.6 70.3 -41.5 214.7 -92.5 -109.8
2892.5 -61 135.4 93.5 149.9 5
151.4 302.4 291
628.8 79.7 118.4 81.4 101.2 102
1796.7 89.4 -95.4 245.4 -117.7 -70.9
2968.7 -86.7 96.5 136.5 101.6 27.9
171.7 294.4 305.3
649.9 60.7 91.7 113.7 78.8 88.1
1828.1 72.2 -129 271.7 -138.8 -65.1
3023.5 -124.7 69.6 179.7 44.6 28.1
181.8 279.4 319.7
661.3 46.7 89.4 123.3 63 96.3
1867.5 27.5 -148.9 303.5 -178 -46
3112.7 -190.8 75.5 259.5 -26.6 85.2
180 283.4 329.9
658.3 49.5 77.6 123 65.6 73.9
1890 14.8 -199.2 338.5 -178.3 -91.2
3161.4 -224.5 56 298.4 -38 64
185.6 306.5 346.6
659.6 47 81.8 126.7 58.3 81
1907.5 2.5 -200.6 325.1 -153.2 -107.5
3211.7 -261.3 63.3 315.3 -21.9 49.5
winner is: 3
