Regression analysis information for: argentine_match_declarative-narrow-focus_Ana-lleva-el-abrigo
number of formants: 3
number of coefficients: 5
79.7 155.5 136.3
551 23.9 36.7 -25.8 85.7 -46.8
1543.8 -4.1 -43.2 38.6 -198.7 127.6
2383.3 -77.3 34.6 -38.8 -60.8 96
81.3 150.7 130.6
556.9 32.2 39.2 -31.2 83.3 -45.8
1558.8 9.6 -41.5 22.7 -219.4 116.9
2450.9 -6.8 38.7 -85 -119 48.7
84.6 159.4 135
558.3 43.2 31 -36.8 77.4 -40.6
1562 12 -44.4 17.3 -222.3 125.2
2462 -6.6 49.2 -92.7 -108.9 50.7
88.9 162.9 154.6
554 42.1 31.9 -32.9 87.7 -32.3
1560.2 21.5 -46.6 12.4 -224.1 134
2465 0 51.2 -96.2 -100.8 63.1
92.8 162.8 145.1
559.5 43.3 34.6 -39.2 84.7 -34.8
1569.4 30.2 -53.7 17.9 -233.1 128.5
2488.3 29.9 45.5 -107.5 -133 53.9
110 181.4 158.4
571.4 61.5 36.6 -46.9 84.7 -22.4
1588.1 55.5 -44.9 22.2 -223.1 142.4
2511.3 58 61.3 -96.2 -125.5 63.7
125 222.1 180.7
582.5 79.1 41 -50.7 91.3 -8.4
1621.8 59.5 -30.3 -11 -194.8 138
2538.5 64.4 83.3 -107.7 -108.4 56.9
132.7 244.4 216.2
584.4 76.6 40.6 -56.4 96.6 -4.1
1639.7 36.4 -18.6 -37.1 -166.9 127.9
2560.3 11.8 116.4 -144.1 -56 48.5
141.7 263.4 240.6
590.1 90.2 52.5 -40.6 111 11.6
1658.8 54.8 -10.4 -19.9 -139.3 144.3
2589.5 41.9 135.6 -130.5 -49 64.3
147.8 279.9 258.4
596.7 89.7 66.2 -37.7 120.8 12.6
1684 34.1 11.6 -29.7 -102.3 128.9
2609.7 25.4 162.5 -145.2 -22 57.9
183 310.4 275.5
621.5 107.8 69.1 -62.8 114.1 27.8
1733.1 21.7 29.6 -83.8 -92.5 131.2
2662.7 12.6 186.1 -199.6 -10.2 46.2
201.3 333.1 290.2
639.3 124.4 76.2 -75.1 103.8 23.9
1780.5 17.3 43.7 -132.8 -94.7 136.2
2706.7 39.3 179.1 -234.1 -27.9 41.6
207 340.3 297.6
653.1 127.7 85.9 -82 109.8 31.8
1819.8 17.1 55 -145.1 -85.3 156.6
2765.1 62.4 194.1 -242 -15.6 56
229.3 367.3 308.1
681.8 168.2 88.6 -101.4 90.1 32.9
1872 48.1 54.7 -169.7 -94.8 159.4
2839.7 114.9 198.9 -271.6 -48.2 50
237.5 362 314.3
702.1 187 87.2 -111.9 88.5 42.2
1918.7 22.4 59.2 -192 -86.7 183
2924.4 112.6 219.1 -306.7 -82.9 66.7
252.3 354.3 325.7
722.9 182.5 100.6 -117.1 68.8 32.1
1963.4 -4.2 55.7 -185.1 -91.6 192.4
2999.2 128.7 245.9 -291.5 -93.4 81.7
268.3 350.4 338.4
766.1 204.9 150.6 -80.1 62 63.4
2028.6 -33.9 79.4 -159.7 -102.3 188.9
3111.9 176.6 331.2 -256.4 -105.4 107.4
274.3 351.5 337.8
780.7 198.4 154.8 -84.7 43.3 61.7
2063.6 -47.5 62.4 -146.7 -107 171.2
3149.4 164.9 323.2 -269.4 -137 113.9
272.9 346.3 327.8
783.7 195.8 162.6 -77.1 54.1 59.4
2108.2 -54.9 106.2 -156.9 -75.8 164.4
3195.8 169.6 344.5 -262.5 -109.4 116.6
293.6 355.7 343.9
795.9 179.4 151.7 -101.1 37.1 82.2
2150.7 -67.5 108.9 -195.4 -106.6 184
3244.5 149.6 339.9 -285 -117.9 147.4
winner is: 2
