Regression analysis information for: argentine_match_declarative-narrow-focus_Maria-bebe-el-vino
number of formants: 3
number of coefficients: 5
101.5 203.9 219.9
485.6 -22.4 3.5 -88.1 76 -39.8
1710.1 -65.1 -78.9 -52.9 -238.1 21.6
2390.3 -70 -142.4 -82.2 -197.7 39.3
109.2 191 194.2
489.2 -4.8 9.2 -79.2 74.6 -37.5
1740.1 -27.5 -77.6 -67.1 -267 7.5
2449.4 -44.3 -81.5 -96.7 -180.7 9.5
111.6 185.2 166
486.8 -11.4 7.3 -86.9 74.3 -40.7
1751.2 -35.8 -71.2 -65.5 -277.4 20
2486.3 -3.8 -41.6 -98.3 -188.9 -35.3
117.2 181.9 162.7
504.7 -22.1 43.6 -105.4 102.8 -65.6
1779.2 -58.9 -28.5 -85 -253 1.4
2531.4 -33.9 25 -133.3 -148.3 -77.6
116.6 185.8 168.4
499.1 -11.8 39.1 -98.2 104.4 -58.6
1779 -55.4 -27.7 -85.8 -249.2 6.4
2550.4 -32.1 43.5 -128.8 -143.4 -62
121.4 192.6 170.2
506.1 -8.4 56.7 -92 121.5 -48.1
1784.4 -53.9 -12.6 -92.1 -233.6 7.4
2573.8 -42.1 74.8 -141.3 -123.5 -62.8
128.6 207.4 192.7
520.2 22.2 86.4 -64.3 149.9 -28.3
1795.7 -36.2 16.4 -89 -208.4 19.8
2588 -0.3 102 -124.4 -92.6 -50.1
131.2 214.6 203.9
522.1 47.1 100.6 -45 174.9 -16.4
1801.4 -21.5 34 -78.5 -195.5 23.3
2609.5 13.8 140.7 -117.3 -66.6 -43
139 218.6 204.7
542.7 53.4 137.5 -36.5 192 -10.9
1808.9 -7.6 63.8 -59.1 -183.1 21.1
2640.5 2.7 218.3 -115.7 -23.6 -60.4
133.5 214.2 197.9
569.8 108.4 186.6 6.8 222.7 9.2
1827.6 11.8 107.7 -19.3 -172 40.1
2670.8 30.2 305.1 -64.9 18.6 -45.6
120.9 203.4 188.2
585.2 140 211.6 30 236.3 17.9
1849 18.5 119 5.4 -171.4 52.9
2708.5 46.6 330.3 -18.2 25.5 -15.4
120.5 198.9 186.1
588.9 134.5 214 30 234.9 25.6
1864.6 16 105.8 9.3 -176.4 60.8
2747.8 31.2 333.5 -22.2 30.7 2.9
110.1 192.9 191.1
584.5 156.9 203.9 47.2 233.7 38.2
1878.7 18.1 75.2 13.6 -187.4 74.6
2778.6 50.7 307.6 -28.4 27.3 25.3
104.9 187.5 194
583.7 169.2 200.9 50.7 241.4 35.2
1901.3 25.9 54.4 11.8 -188.4 78.5
2818.5 77.1 278.7 -46 18.1 39.6
104.9 185.8 195
592.1 173.2 211 54.9 249.6 43.9
1923.6 27.3 41.1 6.3 -192.8 88.1
2866.4 91.2 267.4 -52.5 0.7 73.3
123.4 190.5 196.9
617.1 148 240.8 54.4 246.3 76
1952.9 20.3 41.2 5 -192.7 105.5
2924.2 72.6 276.9 -62.1 -18.8 117.3
151.1 198.9 202
645.2 119.3 276.1 52.2 244 108.5
1981.1 5.8 45.1 3.6 -192.7 119.5
2974 50.7 294.8 -68.4 -27.2 151.6
167.8 207.5 206.2
657.3 101.7 284.3 53.4 227.7 125.6
2011.5 -11.1 55.6 3.3 -186.8 117.7
3015 32.7 315.4 -71.3 -31 161.8
193.9 219.8 225.1
688.9 71 323.1 58.2 217.4 170.5
2038.9 -23.9 67.5 14.9 -179 127.4
3062 -2.2 355.2 -60.7 -39.8 201.2
194.8 224.7 246.2
694.8 78.7 330.8 63.8 223.7 172
2058.4 -17.9 60 27.7 -160.8 121.5
3098 15.5 373.5 -43.6 -15.7 216.9
winner is: 4
