Regression analysis information for: argentine_mismatch_declarative-broad-focus_Mi-tia-odia-la-lluvia
number of formants: 3
number of coefficients: 5
119.9 332.5 236.5
520.4 -36.1 -70.8 -65.5 15 42.3
1542.3 31.3 39.2 -144.2 -166 -265.9
2467.4 59.5 15.9 -24.2 -129.7 -10.2
118.1 313.2 196.5
520.4 -51.2 -73.6 -76.7 10.1 28.9
1598.1 59.6 49.6 -104.3 -123.1 -273.2
2524.9 6.9 12.1 -34.9 -88.3 -24
122.2 297.1 192
523.1 -51.5 -65.9 -76.7 10.8 27.1
1638.3 115.2 95.1 -69.2 -100 -270
2551.7 -9.5 34.5 -45 -77.8 -23.7
131.4 278 177.4
534.1 -35 -49.6 -59 21.7 35.5
1700.1 175.1 119.7 4.1 -55.1 -291.7
2598.9 5.9 32.1 1.6 -55.2 -46.2
142.3 279.1 164.4
542.7 -9.5 -35.6 -32.1 29.1 55.4
1723.5 195.3 126.5 36.8 -53.8 -295.6
2633.8 19.4 30.3 42 -48.1 -52
143.1 275.4 160.2
545.7 -4.3 -34.2 -20.1 21 60.7
1743 214.5 146.5 55.6 -64 -306.3
2658 26.4 37.4 62.1 -49.3 -62.1
147.9 275 163
551.9 -9.3 -35.3 -2.1 8.9 69.8
1758.1 226.7 161.7 72.8 -75.7 -305.1
2670.6 30 39.7 79.6 -64.1 -55.5
146.7 273.1 166.2
549.8 -14.2 -38 0.5 5.9 74.3
1765.6 235.2 168.9 78.6 -80.4 -311.2
2671.9 35.8 38.7 81.9 -64.1 -66.3
148 270.4 172.6
549.3 -18.8 -37.1 3.8 2.4 76.9
1781.8 251.3 187.8 91.1 -91.4 -325.3
2677.6 22.6 48.7 88.1 -67.4 -78.9
154.9 269.5 183.2
551.3 -17.4 -33.3 9.2 4.7 85.5
1795.2 275.3 209.3 105 -81.7 -321.9
2683.6 13.6 79.6 118 -26.9 -35
170.1 281.4 195.6
560.6 -32.5 -23.7 7.9 10.8 95.5
1771.4 197.9 172 75.8 -85.5 -310.2
2703.5 -3.2 115.5 118.6 -13.3 -6.6
184.5 305.1 217.4
574.2 -55.4 -17.7 -0.8 8.2 94.7
1813.7 166.3 187.2 94 -101.5 -286.2
2775.9 -0.4 149.5 107.3 -31 20.9
211.9 339.5 245.3
605.6 -42.7 14.6 12.6 35.7 116.1
1905.7 203.2 193.2 127.7 -74.8 -222.3
2860.8 28.7 192 117.8 -25.6 48.5
239.7 350.4 249.8
635.5 -71.6 17.5 41 7.9 132.8
1959.8 205.9 196.1 148.5 -70 -197.7
2918.3 11.7 197.1 145.2 -54.5 62
256.2 360.2 270.8
652.8 -55.7 29.8 45.8 6.2 134.6
2013.7 237.5 213.8 160.1 -49.3 -188.4
2977.2 24.5 232.3 149.8 -52 61.4
295.2 364.8 314.4
683.9 -61.6 59.9 31 1.9 98.3
2088.9 204.9 234.5 185.4 -60.9 -131
3068 -10.4 278.5 181.3 -64.9 78.3
312.5 359.8 337.7
700.5 -73.2 62.5 41.4 -16.1 99.6
2143.1 167.8 238.6 216.9 -91.6 -66.9
3116.8 -67.3 297.8 208.8 -100.7 110.3
305.1 350.7 352.1
698.1 -73.7 69.8 20.9 -5.8 91.3
2146 151.6 258.7 210.4 -93.6 -99.1
3135.2 -117.9 297.2 171.2 -86.1 83.8
305.5 343.1 384.8
700.1 -65.3 84.8 8.4 10.6 84.4
2156.8 146 283.2 208.6 -101.4 -102.1
3188 -94 336.8 174.2 -65.3 85.5
304.5 338.1 404.6
699.1 -83.2 82.5 9.4 10.7 94.6
2162.2 100.9 321.1 218.9 -146 -88.4
3219.4 -160.7 356.9 163.7 -79.6 112.2
winner is: 6
