Regression analysis information for: argentine_match_declarative-narrow-focus_Emilio-ama-la-marcha
number of formants: 3
number of coefficients: 5
89 203.2 218.1
550 -64.3 37.1 14.1 88.8 49.7
1566.8 236 153.5 -175.6 -126.4 -55
2313 59 93.5 -237.8 -54.9 -11.8
90.5 183.5 155.9
558.8 -59.3 32.1 4.6 108 42.1
1589.1 245.8 171.7 -175.6 -118.5 -72.8
2398.9 26.5 118.5 -221.9 3.2 -56.7
92.6 175.6 130.8
563.1 -59.2 29.3 4.4 114.9 36.5
1602.3 249 174.4 -173.6 -113.2 -78.8
2453.6 15.5 133.7 -195.9 48.5 -65
87.4 174.7 121.5
564.9 -53.4 12 6.7 131.7 38.8
1603.8 259.7 159.7 -176 -111.8 -89.6
2477.1 31.7 123.7 -176.8 75.5 -78.3
91.4 182.8 124.2
563.8 -57.6 2.8 8.9 137.1 44.2
1612.5 258.4 161.1 -176.7 -115.1 -90.3
2496.4 24.1 129.3 -173 75.5 -72.6
108.7 211.9 141.9
569.2 -83.5 24.2 -3.5 138.2 46.4
1624 231.6 181.2 -182.7 -106.5 -85.6
2515.5 7.1 144.9 -180.4 87.9 -64.7
127.7 251.9 173.6
576.9 -121 48.1 -9.9 128.1 46.3
1645.3 191.1 201.4 -199.3 -102.7 -74.8
2540.2 -42.4 170.2 -195.8 68.9 -59.4
137.2 267.8 199.7
575.6 -143.4 86.4 7 99.7 40
1654.5 175 220.5 -194.5 -120 -69.3
2560.6 -79 197.5 -190.4 46.3 -36.1
141.4 284.2 208.5
577.7 -149.1 87.9 7.6 104.4 35.9
1667.5 161.3 220 -191.1 -117.4 -68.8
2569.8 -103.8 215.7 -175.3 55.7 -37.1
145.4 288.1 233.4
591.7 -169.4 103 17.3 96.6 49
1681.6 131.3 240.5 -177.9 -126.8 -57.6
2601.4 -149.2 238.8 -154.8 48.4 -14.2
150.5 295.8 252.3
605.7 -182.4 96.9 28.5 95.4 48.2
1707.2 122 229.3 -177.2 -135.3 -62.7
2642.2 -171.2 235.4 -148.8 34.9 -24.6
160.4 318.7 262.1
624.5 -204.3 96.7 16.1 115 40.4
1748.5 102 226.4 -211.8 -97.1 -76.9
2682.9 -190.2 250.6 -179.9 67.3 -48.6
162.9 323.6 265.9
636.2 -214.9 78.9 -0.6 127 40
1791.8 110 213.6 -244.5 -80.5 -83
2736.7 -177.5 243.2 -213.7 52.6 -43.2
180.2 313.9 285.5
670.1 -202 113.5 4.3 151.7 40.4
1850.1 123.4 268.5 -252.8 -81.9 -121.7
2811.8 -178.8 280.9 -231.6 38.7 -37
191.3 315.2 318
701.1 -194.8 102.6 -4 158.7 47.6
1907.4 127 255 -260.9 -73.5 -105.3
2911.6 -182.3 264 -234.5 45.3 -13.2
214.2 318.2 337.4
728.9 -172.5 111.8 13.3 168.5 44.6
1946.5 128.9 253.7 -253.3 -54.7 -114.9
2997.3 -149.2 294 -194 53.9 -63.9
225.4 327.6 356
773.6 -156.4 123.5 44.8 190 68.4
2005.5 118.3 240.4 -229.9 -29.7 -98.1
3102.5 -135.6 289.6 -145.2 78.2 -42.9
243.9 344 350
800.3 -151.4 142.8 60.5 194.7 99.4
2029.8 107.6 263.8 -219.3 -24.6 -81.4
3168.2 -119.2 342 -112.7 72.9 -20
254.3 355.5 354.6
847.4 -135.3 196.3 93.9 237 122.3
2079.9 96.3 301.2 -216.3 18.1 -68
3247.3 -112 384.1 -65.6 130.6 23.6
252.2 354.6 351.3
867.8 -139.3 214 117.2 238.6 157.5
2113.6 64.1 318.1 -209.1 11.3 -8.6
3335.5 -135.8 356.3 -57.3 169.7 133
winner is: 4
