Regression analysis information for: argentine_mismatch_interrogative-partial-wh_Cuando-lavaba-el-plato
number of formants: 3
number of coefficients: 5
57.9 154.6 326.9
553.7 -31.9 -10.7 -26.8 43.3 30.1
1357 -57 -23.3 -26.1 -119.9 -80.4
2284.2 19.9 -11.8 -35.6 -33.6 -109.2
58.4 150.3 241.4
556.7 -33.2 -8.2 -28 48.7 25.2
1388.4 -65.4 -2 -31.5 -93.7 -84
2380.9 0.4 35.6 -120.3 57 -101.1
58.3 131.9 155.5
559.6 -33.7 -3.8 -25.6 49.9 27.1
1423.9 -72.2 20.7 4 -116.3 -45.3
2490 -35.5 93.9 -94.1 -15.1 -66.9
58.2 128.7 108.8
559.5 -33.5 -2.4 -24 49.2 27.5
1442.1 -64.1 40.9 22.4 -128.6 -37.4
2556.6 -24.9 152 -91 -41.7 -96.5
58.1 134.5 104.4
558.3 -33 -1.6 -23.1 48.3 29.1
1445.8 -66.5 52 26.1 -127.9 -33.4
2576.7 -13 167.9 -81 -37.2 -97.6
59.7 137.6 105.4
557.6 -34.1 0.8 -23.5 47.9 32.3
1444.3 -66 54.4 30.8 -128.4 -33.1
2589.2 -12.4 171.8 -71.4 -41.2 -93.7
61.9 140.3 106.8
554.8 -34.3 1.3 -24.3 49.1 36.3
1444.2 -68.7 57.1 33.1 -130.8 -27.2
2616.2 -33.1 193.8 -65.2 -50.3 -73.8
63.8 141.9 113.5
552.6 -35.2 1.6 -26.2 51.5 38.2
1442.5 -67.7 59 30.5 -128.1 -23.3
2631.6 -42.1 197.9 -63.4 -48.5 -81.9
68.8 146 110.5
554.6 -40.7 -2.6 -19.6 50.2 36.3
1443 -75 55.4 31.9 -127.2 -19.3
2637.1 -78 198.5 -85.6 -74.5 -83.7
71.7 151.1 116.8
555.6 -43.1 -5.1 -17.2 51.2 34.9
1446.2 -78.3 51.6 33.6 -122.6 -16.1
2656.7 -81.3 207.9 -74.3 -62.3 -78.4
73.2 158.5 130.6
557.3 -36.8 -1.6 -13.3 58.9 37.2
1453.4 -72 52.6 41.8 -112.5 -14.6
2673.5 -56.2 220.4 -47.1 -23.2 -82
75.3 166.5 150.7
562 -39.1 -3.3 -7.6 57.9 34.1
1465.5 -75.8 48.6 48.9 -116.6 -18.1
2703.3 -48.6 238.8 -23.7 -7.3 -70.6
77.3 184.4 166
568.2 -32.9 4.4 -2.3 66.6 39.1
1486.7 -79.7 44.4 64.2 -126.4 -16.6
2738.1 -27 251.7 -1.6 4.8 -68.7
81 212 193.5
576.3 -33.6 6.2 3.6 67 38.3
1541.7 -56.7 73.6 131.2 -121.9 14.3
2809 -0.7 275.7 57.5 -2.3 -53.2
82.1 219.3 191.9
583.8 -28.4 12.3 0.2 67.8 35
1583.9 -20.1 92 132.3 -133.4 2
2893.2 66.8 312.6 85.7 -25 -60.7
86 224.8 194.6
594 -22.7 19.7 -5.1 73.7 34.3
1635.1 11.9 91.1 131.1 -136.9 15.6
2969.2 98.5 320.4 74.8 -67.8 -34.7
96.6 250.5 237.8
609.7 -33.7 30.9 -12.1 82.6 40.1
1725.1 8.2 29.7 98.9 -81.6 52
3081.9 75.6 236.3 76.5 -54.2 10.7
100.6 252.7 234.4
617.3 -50 30.4 -21.5 81 38.5
1798.5 0.6 -50.7 48.2 -25.1 84.6
3169.1 48.7 158.1 66.5 -39.3 42.7
104.7 268.8 229.3
625.8 -58.7 31.4 -15.1 81.8 41.7
1835.5 -50.6 -86.3 -1.1 -14.6 88.1
3211.4 21.7 152.9 61.4 -30.6 66.6
103.9 261.8 216.8
624.1 -66 30.1 -23.5 82.9 39.6
1833.4 -88 -130.8 -23.6 -18.6 83.5
3234.9 -25.4 149.7 67.9 -36.9 82.7
winner is: 4
