Regression analysis information for: argentine_mismatch_declarative-narrow-focus_La-nina-lava-el-plato
number of formants: 3
number of coefficients: 5
86.5 254 229.5
520.5 -75.8 32.7 30.9 76.6 20.1
1413.9 14.7 10.2 101.3 151 257.5
2374.2 87.8 59.3 -45.1 69.4 112.9
88.7 254.6 212.4
520.2 -78.7 29.4 19.7 71.2 19.5
1462 57.2 3.9 49.4 98.1 258.2
2422.3 91.7 56.2 -57.6 46 115.6
89.1 259.4 193.2
529.7 -74.9 28.7 19.1 56.5 11.1
1536 114.8 -8.3 32.6 11.4 169.4
2483.6 101.2 51.6 -34.9 5.2 62.3
90.6 219.6 168.1
538.4 -75.9 29 20.9 40.7 7
1609.5 191.1 -2.7 -40.5 -111.8 92.3
2551.3 105.2 73.8 -31.4 -52.1 70.4
91.3 212.3 164
541.9 -74.7 33.4 18.9 35.4 2.5
1634.9 211.5 0.2 -63.2 -135.5 73.5
2583.6 110.1 100.6 -23.9 -39.2 71.8
91.8 204.9 163.9
543.6 -79.4 35.3 19.2 28.5 -2.3
1647 221.2 9.1 -76.8 -154.4 64.7
2609.6 116.9 116.4 -19.9 -50 74.3
93.2 205.4 172.1
540.9 -82 36.1 13.3 28.2 -7.7
1661.4 227.4 17.3 -90.6 -162.4 60.2
2631.5 115.6 116.1 -27.9 -60.3 71.2
91.1 209.3 184
534.4 -89.8 32.8 7.1 29.1 -12.2
1667.7 238.3 21.4 -124 -168.6 34.4
2640.5 138.4 116.2 -31.2 -86.6 57.5
90.8 215.7 199.3
527 -97.5 36.3 10.2 35.7 -13.8
1676.2 240 23.4 -141.1 -174.9 23.4
2675 85.6 162.7 -77.9 -60.8 10.5
91.8 232.4 203.4
524.6 -99.2 44.7 16 49.6 -9.8
1658.9 214.9 42.4 -100.6 -124.8 30.1
2649.8 40.2 214.5 -8 -36.7 -51.8
93.8 215.8 201.3
527 -95.7 49.5 22.5 56.2 -3
1687 246.1 18.2 -136.6 -147.3 51.5
2678 45.6 199.3 -13.1 -33.6 -37.9
100.4 220.6 208.1
534.1 -104.4 64 19.6 73.4 -4.2
1732.4 249.7 32.4 -201.1 -145.7 28.9
2727.6 47.9 176.7 -55.7 1.5 -11.8
107 240.5 215.1
541.3 -110.5 70 23.1 80.9 -1.9
1750.7 242.2 30.5 -188.7 -136.3 31.1
2780.2 57.4 130.8 -84.3 28.1 34.6
109.1 240.7 217.4
536.9 -116.2 59.8 15 77.1 -10.3
1755.2 219.1 34.1 -189.8 -127.8 15.5
2806.7 38 103.9 -85.5 32.8 39.3
147 280.7 257.5
573.4 -137.2 80.6 66.2 50.9 40.3
1807.7 194.1 68.1 -148 -135.3 51.2
2859.3 7.3 121 -31.2 23 94.4
151.1 309.3 259.6
580.2 -116.1 107.9 71.2 92.7 44.8
1835.9 202.1 113.7 -140.7 -97 63.2
2879.8 24.7 156.1 -26.3 81.5 107
163.4 353.3 286.9
615.6 -80.1 175.1 112.7 154.9 87.2
1884.1 211.6 193.8 -107.6 -29.9 92.8
2932.8 31 218.3 19.6 130.6 140.4
166 357.2 287
630.2 -62.2 201.4 133.2 174.6 103
1914.5 233.9 218.3 -80.2 -11.5 95.1
2962.2 40.1 247.1 43.1 141.3 141.4
163.6 343.2 288.1
630.4 -59.3 203.6 132.7 179.8 102.1
1925.7 224.9 219.6 -62.2 -9.9 115.7
2985.9 4.1 250.5 53.6 137 153.6
166.9 341 294.3
641.7 -63.4 212 140.6 181.5 107.6
1964.5 214 234.3 -61 -2.2 121.6
3066.5 -13.6 309.1 53.6 116.1 143.9
winner is: 6
