Regression analysis information for: argentine_match_declarative-narrow-focus_Manuela-vende-el-carro
number of formants: 3
number of coefficients: 5
106.8 208.4 240.6
573 0.7 75.6 24.9 37.3 76.6
1462.6 79.3 -57.7 27 -74.3 51.4
2250.3 -31.3 -97.5 12.5 -11.9 107.7
109.8 184.5 205.4
580.2 3.3 77 24.6 45.6 79
1509.3 61.5 -98.5 50.8 -33.7 15.5
2354 43.3 -90.2 -7 -38.3 26.5
115.2 183.7 193.7
582.9 0.4 72.7 22.7 46.5 75.9
1541.3 52.1 -98 60.5 -4.5 -3.7
2424.4 73.2 -36 2.9 -7.3 -19.4
119.7 188.1 196.5
588.3 4.4 82.4 25.6 57.4 78.3
1563.5 51.4 -91.7 66.7 26.2 -7.4
2463.7 72.1 5.5 -4.3 39.8 -31
123.6 190.7 193.4
588.2 2.8 82.8 23.4 57.5 77.1
1574.1 44 -95.5 68.7 31.8 -9.8
2479.7 70.1 -1.6 1.5 44.9 -31.5
128.3 192.8 202.4
584.8 3 80.8 24.7 51.5 80.9
1576.6 46.5 -107.3 75.2 33.5 -5.3
2489.5 75.3 -6.4 15.7 48.9 -13.5
131.6 202.4 203.5
590.3 16.8 94.4 38.4 54.8 86.2
1578.1 53.3 -82.6 79.1 45.6 -6.4
2518.5 70.4 10.8 34.5 54 -19.2
134 210.5 218.4
602.9 39.8 124.8 67.9 74.9 107.8
1582.5 63.9 -41.5 109.4 70.5 -3.2
2544.9 83 71.3 71.6 92.9 -20.9
133 201.6 219.5
606.7 30 137 66.2 73.4 108
1584.9 35.4 -5.5 119.5 73.7 -22.1
2545.3 72.1 111.6 108.2 88.2 -46
129.3 210.1 219.9
622.9 50.3 167.7 89.5 94.7 128.8
1611 54 19.3 130.8 90.3 -2.9
2584.2 73.6 173.7 121.5 135.3 -30.1
126.7 221.5 236.5
629 50.5 177.7 91 102.2 138.1
1640.8 63.3 14.4 115.7 87.4 21.6
2609.4 68.6 171.3 107.4 164.1 21.7
121.8 245.6 242.3
639.3 71 195 95.9 115 144.4
1678.5 91.6 18.3 94 91.3 74.4
2672.8 136.7 158.1 67.1 163.9 61.8
129.1 255.6 263
650.4 68.3 195.2 98.4 98.7 144.6
1716.3 94.8 2 82.4 71.7 78.1
2741 132.8 108 41.1 157.9 110.6
135.5 264.5 276.4
669.2 98.1 210.7 118.2 98.4 158.7
1761.7 129 -9.9 72.7 53.3 94.7
2844.4 198.2 89.2 27.7 127.5 103.9
145.4 271.3 295.9
681.6 115.8 215.3 125 85.8 153.7
1792.6 144.9 -22.1 65.3 37.3 87.1
2926.3 214.8 44.8 17 98 91.4
146.4 274.7 312.6
684.6 111.8 212.6 123.2 78.9 155.8
1804.1 138.5 -37.8 64.7 25 93.2
2974.5 181 27 24.4 45.4 86.7
148 274.2 321.9
691 124.2 218 127.9 74.5 156.2
1821.2 143.4 -34.9 83.2 14.1 99.3
3024.8 199.6 42.8 70 25.3 89.6
142.9 273.8 329.8
688.2 120.3 216.5 121.5 87.3 168.9
1830.1 130.7 -45.3 91.2 27.4 108.1
3058.9 201.6 43.8 100.8 45.1 96
143.3 281.1 349.5
691.5 103.9 218.3 138 89.1 186.4
1847.4 107.5 -45.5 121.4 30.4 136.5
3100 187.4 50.5 136.4 38.7 133.9
149.9 296.4 386
698.3 83.1 206.3 150.4 93.1 181.2
1862.7 73.6 -60.5 129 44.7 138.8
3157.6 152.9 24.4 166.2 55.9 155.6
winner is: 3
