Regression analysis information for: argentine_match_interrogative-partial-wh_Por-que-iba-a-Bolivia
number of formants: 3
number of coefficients: 5
53.9 208.2 145.9
508.3 8.1 38.7 -55.2 106.5 -3.2
1595.2 -182.8 22.5 32.6 -434.4 104.6
2411.9 -10.4 -125.4 85.2 -118.6 13.9
54.9 209.8 135.3
510.6 8.4 43.1 -60.6 106.9 -7.3
1605.1 -188.5 35.1 30.5 -427.7 98
2436.8 -30.8 -95.5 67.9 -100.3 -3.7
56.8 203.9 123.6
512.8 10.3 46 -69.3 100.8 -16.5
1620.6 -175.8 43.5 18.4 -451.5 70.7
2467.7 -23.9 -63.1 61.4 -83.7 -21.6
59.2 206.2 129.6
512.1 12.1 46.6 -75.2 95.4 -22
1625.3 -173.4 44.1 13.1 -464.5 66.2
2478.9 -26.7 -59.6 59.3 -78.6 -17.6
62.1 214.2 136
511.5 14.1 51 -75.7 97.2 -21.5
1630 -168.9 57.2 12 -465.7 70.2
2491.2 -29.5 -46.4 53.6 -70 -14.8
60.3 213.6 137.3
506.9 6.2 47.5 -82.4 94.3 -26.5
1630.6 -162.6 68.2 1.8 -471.6 71.6
2496.9 -33.3 -33.7 40.3 -72.5 -19.4
59.7 212.6 136.8
505.9 3.7 49.3 -82.9 96.8 -27.5
1631.3 -159.6 72.6 -12 -479.7 70.4
2505.9 -25.8 -20.7 37.3 -75.7 -22.9
61.4 218 142.7
507.5 4.5 56.1 -79.5 104.9 -24.8
1640.6 -150.4 82.7 -9.8 -476.1 65.9
2519.9 -13.3 1.8 46 -60.3 -29.5
61.1 211.4 130.1
508 0.7 60.2 -79.2 109.8 -27.4
1650.8 -138.4 99.3 1.5 -467.5 47.5
2517.4 -18.2 36.4 87.3 -11 -46.3
61.1 196.6 123.3
509.3 -2.3 61.6 -81.6 111.6 -29.8
1655.4 -136.6 112.3 23.4 -456.8 23.3
2531.6 -5.5 50 93.2 0.2 -53.8
63 216.3 127.6
514.9 0.6 68.7 -78 119.9 -26.4
1684.5 -129.6 97.4 28.2 -462.9 12.9
2562.5 11.7 62.6 97.5 12.9 -50.3
69.4 232.1 166.1
525.9 8.3 81.3 -73.7 131.8 -22.7
1739.7 -97.6 100.8 47.7 -479.5 -12.5
2650.2 71.8 73.6 83.9 0 -54.9
73.4 242.9 202
537.3 16.4 91.7 -67.5 147.6 -14.3
1773.1 -88.1 101 58.2 -480.7 1.7
2726.7 80.6 30.9 37.7 -16 -12.5
90.1 249.8 233.5
555.3 22.2 102.2 -79.2 152.3 -28.3
1806.1 -97.4 99.3 52.3 -477.6 3.5
2818.4 64.8 28.3 7.4 -40.4 27.6
107 255.1 246.6
571.6 21.4 112.3 -102.5 151 -51.1
1840.6 -106.8 82.3 43.2 -458.2 -2.2
2899.6 59.5 57.9 -6 -46.1 40.4
116.9 262 242.3
581.7 1.1 117.6 -115.1 153.8 -49.8
1873.4 -118.6 47.2 39.5 -427.2 -7.8
2949.9 32.4 78.8 -16 -55.6 48.4
128 260.1 251.3
597.1 3.1 141.1 -114.2 170.6 -39.7
1906.7 -87.2 52.4 39.9 -428.6 -26.6
3013.8 72.6 141.9 -6.7 -70.3 28.5
122.4 276.1 238.2
590.7 -21.3 136.9 -127.7 172.8 -39.9
1897.2 -122.2 32.6 38.5 -416.8 -16.6
3007.4 7.7 136.7 -7.1 -35.2 53.1
144.8 284 270.2
612.7 -37.5 137.7 -126.5 162.2 -74
1927.9 -119.5 96.1 8.4 -440.7 -66.9
3057.1 -9 175 -58.3 -56.2 -34
166.7 288.7 291.4
630.6 -58.9 109.2 -87.3 166.3 -96.3
1961.7 -90.5 125.9 25.1 -449 -93
3123 1.8 213.7 -68.1 -67.4 -92.6
winner is: 10
