Regression analysis information for: argentine_mismatch_declarative-narrow-focus_El-nino-oye-el-rio
number of formants: 3
number of coefficients: 5
61.1 274.5 165.1
480.4 -11.9 44.8 3.3 173.3 18.5
1519.1 -154.3 113.2 211.6 151.7 246.5
2477.1 18.5 44.6 39.2 -23.7 82.7
63.9 290.3 158
483.5 -7.1 39.5 0.6 173.6 17.9
1555.6 -153.9 95.7 168.9 169 260.6
2517.9 26.6 38.3 19.5 5 83.8
70.8 325.1 152.3
488.7 -9.2 37.6 4.2 161.3 17.7
1594.1 -121.9 81.9 119.1 127.1 261.1
2555.1 30.9 30.6 -0.7 -7.6 60.1
84.8 348.1 156.3
496.8 -5.7 23.9 3.8 163.3 2.8
1666.9 -27.7 99.6 63 16.8 151.6
2600.1 54.9 42.7 -14 -30.8 0.7
116.5 340.8 164.3
516.5 -10.2 -17.5 13.7 173.8 -16.6
1729.2 47.5 63.1 28.7 -71.2 83.7
2642.9 70.5 4.8 -12.4 -35.4 -16.8
137.4 348.5 191.9
530.8 -22.8 -46.7 18 180.6 -31.9
1759.9 39.9 69.2 36.3 -100.1 45.4
2665.5 57.6 7.9 -1.7 -53.2 -35.1
151.7 333.7 187.5
542 -30.2 -65.4 25.2 183 -35.5
1808.9 72 44.2 16 -148.4 26.6
2701.7 78.6 -16.7 -14.5 -67.8 -21.2
158.3 335.9 197.8
543.5 -41.3 -72.1 35.6 179.9 -33.3
1841.9 87.5 24 41.8 -205.5 14.2
2740 98.7 -49.5 3 -124.6 -10.8
163.1 375.1 231
537.3 -56 -79.8 49.6 193.5 -40.1
1812.9 25.2 22 121.3 -140.4 13.7
2737.2 91.1 -39.9 42.9 -144.3 -67.2
162.4 378.9 224.3
532 -63.8 -64.7 53.5 181.2 -32
1791.8 -41.8 22.3 170.9 -71.5 38.1
2736.3 44.2 -28.2 90.2 -98.2 -99.3
176.3 375.2 225.1
544.7 -69.9 -81.2 58 193.4 -35.7
1821.9 -49.4 0.5 152.3 -77.3 36
2775.9 33.1 -38.4 77.6 -69.8 -109.4
188 359.4 238.4
554.5 -69.9 -87.3 63 201.6 -27.8
1909.7 -0.8 -25.1 94 -183 -4
2843.9 35.1 -62.7 43.9 -69.3 -105.3
218.2 345.2 261.3
578.7 -50.8 -82.6 80.2 234.5 -18.9
1997.2 35.2 -44 40.9 -217 -25.9
2923.5 68.6 -104.1 28.4 -35.8 -51.7
248.2 346.3 293
609.4 -39.5 -111.9 99.7 283.4 -21.2
2050.3 49.7 -60.7 54.3 -201.5 -40.2
2999.8 82.9 -182.6 31.2 15.2 -19.2
268.7 335.7 282.5
634.4 -8.4 -84 132.3 312.7 -3.1
2106 41.6 -45.3 57.6 -164.8 -39.4
3084.5 88.7 -156.5 20.9 93 12.7
269.1 315.8 283.9
639.7 -21.2 -97.9 135.8 314.2 3.7
2149.6 46.6 -55.9 67.7 -195.8 -90.5
3124.4 90.6 -158.4 41 86.9 -1.8
283.9 328.3 292.3
651.9 -12.9 -77 169.4 317.7 13.2
2175.8 50.9 -52.9 94.8 -227 -76.1
3135 82.7 -133.6 83.8 107.9 17.7
283.8 344.9 318.5
648.4 -3.7 -73.1 169.7 332.9 10.1
2166.9 49 -24.9 154.9 -192.7 -75.4
3143 88.6 -102.8 148.4 152.3 13.2
282.2 347.1 325.8
647.3 5.4 -75.1 170.4 348.7 6.1
2149.4 47.8 -17.4 202.3 -175.6 -74.2
3151.6 93.7 -95.3 181.1 181 28.2
286.8 345.6 330
647.2 0.4 -81.6 172.3 344.3 -1.3
2154.5 31.1 -22.4 215.3 -170.9 -76.9
3170.6 91.2 -105.3 204.8 178.5 9.5
winner is: 1
