Regression analysis information for: argentine_mismatch_declarative-narrow-focus_Mi-tia-odia-la-lluvia
number of formants: 3
number of coefficients: 5
89.2 334.4 143.1
476.8 -44.6 -43.8 -36.8 26.2 -35.8
1630.2 48.6 -28.5 -70.6 88 -182.2
2521.4 -10.8 -107.6 41.7 -41.9 52.7
90.8 327.7 130
478 -49 -41.2 -42.2 26.9 -42.3
1656.7 87.3 -5.4 -84.9 55.2 -224.8
2551.7 -18.8 -69.9 5.7 -42.7 8.3
90.1 296.6 129.9
479.6 -46 -37 -44.2 26.5 -47.4
1713.1 177.4 64.1 -39 67 -254.9
2575.4 -5.6 -52.5 13.6 -40.6 -3.8
96.7 296.5 120.7
484.4 -45.7 -39.4 -34.4 20.7 -53.2
1724.2 182.8 66.2 -36.1 56.6 -275.5
2601.7 -1.4 -49.6 14.6 -54.7 -32.1
106.1 282.3 117.9
490.5 -45.8 -47.3 -19.3 9.2 -62.3
1749.5 211.2 80.6 -28.9 31.7 -314.1
2618.7 -3.6 -50.8 16.2 -65.3 -45.7
119.6 288.8 122.1
497 -55.8 -62.1 -0.1 -2.8 -72.6
1749.1 210.9 67.9 -21.5 30.3 -319.6
2631.1 -0.2 -58.4 23.9 -78.7 -50
137.8 275 124.2
503.3 -60.6 -70.7 7.4 -19.9 -89.6
1753.6 250.9 67.4 -8.8 28.4 -350.3
2641.1 15.8 -75.7 38.8 -83.8 -79.8
192.3 280.3 124.1
536.5 -21.7 -26.4 75.6 17.5 -38.9
1786.1 279.9 103.7 42.7 40.3 -321.5
2678.5 59.6 -38.1 103.3 -57.9 -37.2
197.4 276.9 152.4
533.4 -38.7 -34.9 79 13.7 -33.7
1794.4 280.8 115.3 48.8 22.4 -328.4
2666.8 48.6 8.9 69.7 -77.9 5.4
227.7 293.6 167.2
551.4 -58.4 -40.8 106.1 -10 -37.1
1820.5 257.9 120.7 83.4 -5.6 -333.4
2720.5 -9.5 5.8 126.2 -86.9 -50.3
234.3 301.6 179.1
555.5 -80.8 -46 110.6 -15.3 -34.6
1834.2 240.6 133.1 94.5 -6.4 -309.4
2732.2 -35.6 53.5 100.3 -81.3 -9
243.7 311.3 168.7
566.1 -88 -39.5 116.5 -12.4 -32.9
1876.9 212.2 160.1 115.6 -17.2 -273.7
2774 -51.9 65 108.3 -73 -2.9
272.5 327.3 197.7
592.8 -79.4 -26.5 135.2 -23.3 -38.7
1919.6 211 163.9 131.6 -35.9 -269.8
2847.9 -55.6 56.3 140.5 -93.8 -22.9
294.7 329.2 233
616.9 -42.5 -17.6 138 -50.4 -56.1
1947.7 242.8 161.5 121.5 -31.8 -283.2
2919.7 -22.9 37.1 132 -124.7 -47.6
318.7 341.8 301.6
635.8 -30.8 -13.1 158.1 -44.3 -45.6
2035 267.1 86.5 76.2 -22.9 -181.8
3023.6 -15.3 -35.8 126.4 -147.7 13.9
335.9 329.7 317.5
647.5 -30.9 -28.8 162.8 -53.8 -61.3
2082 272.3 35.4 54.4 -35.2 -162.8
3101 12.4 -81.3 87.8 -175.8 38
330.5 334 334.9
640.1 -76.1 -74.8 146.3 -94.5 -98.1
2121.2 240.5 2.4 77.8 -62.9 -143.5
3151.6 -12 -125 72.5 -241.6 27.2
345.7 341.8 356.4
655.2 -83.9 -87.4 141.8 -140.7 -119.8
2153.5 219.8 -13.8 98.1 -110.3 -125.2
3208.1 -21.7 -126.2 84.5 -294.7 48
370.5 327.8 380
693.7 -53.7 -83.9 136.1 -208.4 -183.1
2230.3 172 4.5 143.4 -229.8 -88.7
3288.8 -42.6 -120.7 117.4 -410.8 16.7
410.9 318.3 402
727.4 6.6 -34.4 146 -209.8 -160.5
2285.4 160.1 42.5 187.6 -286.1 -29.3
3332.1 -24 -58.8 154.3 -432.8 68
winner is: 5
