Regression analysis information for: argentine_match_declarative-narrow-focus_David-leia-el-libro
number of formants: 3
number of coefficients: 5
65 189.4 138.3
458.6 -5.6 70.1 -19 94.8 -17.3
1782.5 18.5 -285.7 14.5 -75.3 33.1
2457.3 -136 -247.2 -114.5 -137.7 -78.4
65.8 178.9 118.2
456.3 -2.5 72.8 -15.6 95.1 -15.4
1804 39.6 -279.7 17.8 -82.1 29.5
2505.1 -80.8 -196.5 -82.7 -106 -74.9
65.2 183.3 106.7
454.4 4.9 70.8 -10.3 97.5 -14.2
1808.8 31.6 -276.2 59.1 -42.8 36.9
2530.6 -58.6 -163.1 -39 -59.3 -57.9
65.4 177.8 103.2
454.4 11 73.2 -6.6 100.2 -10.4
1824 51.2 -271.1 71.4 -41.5 31.5
2550.4 -28.4 -126.3 10.2 -21.1 -29
63.3 182.2 92
454.9 18.3 78.4 -2.9 105.7 -3.5
1831.5 70.9 -270.1 67 -50.9 18.8
2570.6 -4.3 -123.8 10 -34.2 -31
66.1 187.1 95.2
456.9 12.9 84.2 -6.4 104.6 -0.1
1833.7 75 -265 57.1 -49.8 20.9
2575.8 2.4 -123.6 -1.2 -32.7 -32.8
69.3 177.2 92.9
456.1 1.8 84.2 -15.9 99 -2.7
1857.8 91.9 -276.5 23.6 -77.7 14
2586.5 4.2 -124.7 -12.2 -31.2 -37.5
78.3 177.4 97.9
462.4 -6.4 97.7 -18.1 101.9 5.7
1867.7 96.7 -276.2 23.1 -82.3 7.7
2599.3 2.7 -117.6 -11.2 -22.6 -36.3
78 177.9 93.2
460.4 -16.9 98.5 -26.1 100.9 0.3
1873.2 88.1 -282.5 23.1 -89.6 1.5
2611.7 -20.9 -117 -19.2 -34.3 -49.2
82.9 182.7 102.1
464.4 -23.9 107.6 -34.7 105.1 -8.1
1878.8 68 -267.2 12.6 -76.8 -0.6
2613.7 -48.2 -88.7 -27.9 -33.8 -52.9
95 192.5 106.7
475.1 -44.6 127.3 -48.5 117.9 -13.4
1895.1 26.3 -226.6 -11.3 -51.7 -12.2
2621 -76.2 -51.3 -51.1 -32.1 -43.8
108.7 200.9 117.1
488.9 -60.6 145.9 -68.4 123.5 -25.9
1911 4.8 -199.6 -25.4 -46.7 -19.1
2639.9 -90.3 -28.5 -67.4 -37.3 -42.9
109.1 198.2 111.6
495.7 -86.9 162.9 -79.1 141.3 -27.4
1942.2 -27.1 -170.1 -47.9 -37.2 -30.7
2669.6 -120.1 -18.2 -75.3 -12.3 -45.9
110.1 198.9 114.4
500.5 -75.4 171.8 -70.2 151.8 -21
1963.2 -19.2 -162.2 -49.1 -41.8 -27.1
2702.8 -85.9 -31.7 -63.3 -13 -45.3
118.3 206.3 141.9
514.8 -51.5 198 -46.4 175.9 2.8
1990.3 3.2 -156.9 -37.7 -49 -23.9
2749.8 -50.4 -16.6 -35 13.6 -29.4
125 205.6 166.8
521 -34 210.5 -32.6 190.7 13.2
2013.9 32.3 -170.8 -18.6 -77.1 -20.3
2795.7 -22.8 -10.1 -8.7 33.9 -25.2
135.7 221.7 217.8
535.6 -30.3 225.5 -16.2 200.5 22.2
2050.8 41.6 -157.8 -26.6 -90.6 -30.8
2878.8 -38.1 36.5 -5.8 80.6 -50.7
144.3 227.6 270.1
545 -18.3 222.9 14.1 204.4 21.1
2079.7 65.7 -166.3 -19.7 -115.3 -43.5
2955.2 14.2 55.4 11.9 96.8 -78.3
161.3 226.8 351.4
563.6 -15.1 230.5 13.2 189.5 12.6
2105.1 70.7 -173.2 -3.4 -126.2 -51.8
3048.3 99.3 61.7 -8.7 48.5 -96.3
193 233.8 389.2
585.6 -4 232.7 5.8 160 -6.3
2139.8 53 -168.3 -0.6 -125.7 -74.1
3110.7 121.2 79.4 -30.8 43.3 -136.7
winner is: 5
