Regression analysis information for: argentine_question_filler_Mi-vecino-habla-mucho
number of formants: 3
number of coefficients: 5
69.7 204.1 198.7
500.3 -43.1 -33.1 -32.1 33.8 4.2
1471.4 257 22.7 -30.1 -138.5 -50.8
2470.4 58.1 32.4 -52.3 -87.4 91.7
69.1 194.2 164.1
502.2 -39.7 -35.5 -29.3 37.4 2.4
1508.7 286.5 42.6 4.5 -112.5 -46.2
2530.5 43.6 44.2 -55.1 -83.1 50.9
70.5 194 163.1
504.1 -38.7 -35.6 -21.8 35.4 3.3
1546.4 346.4 61.3 56 -114.1 -18
2562.3 74.6 28.4 -43.4 -118 52.6
73.3 209.2 164.1
500.8 -35.5 -32.3 -22.5 37.8 2.7
1557.4 379.9 83.2 41.7 -94 -18.7
2595.6 77.6 51.9 -86.1 -114.1 41.5
104 241.8 177.1
509.2 -59.4 -12.4 1.7 -15.2 45.5
1536.3 414.2 125.5 31.1 -127.7 52
2562.2 133.6 112.3 -166.5 -152 125.7
130.2 265 177.1
525.9 -87.1 -11.6 29.5 -52.8 66.9
1569 375.6 124.5 51.9 -144.5 28.6
2606.6 112 118.8 -144.5 -158.5 92.9
126.4 261.7 175.6
517.7 -86.3 -10 21.6 -52.5 61.6
1556.6 372.4 113.9 49.8 -188.3 5.9
2612 128.3 131 -127.5 -193 65.5
137.8 275.7 184.1
529.1 -97.2 -8.4 37.1 -64.8 71.9
1599.6 354.3 166.8 55.4 -164.8 12.6
2674.9 93 149.6 -100.7 -183.2 56.8
141.7 286.7 193.6
531.4 -98.1 -5.9 39.6 -65 73.3
1623.9 347.7 189.7 49.2 -170.4 -7.7
2715.6 73.8 156.6 -69.5 -219.5 15.8
147.1 300.6 212.3
530.8 -95.6 -4.7 40.2 -59.8 75.8
1642.1 346.2 198.8 38.9 -184.9 -10.2
2764.1 84 183 -73.5 -241 -1.4
162.7 324.1 237
546.7 -90.9 -0.2 45.6 -72.8 74.8
1695.5 319 229 24.8 -204 -27.4
2834.3 40.1 223.2 -71.3 -261.4 -11.6
191.7 351.4 303
581.2 -72.6 8.5 26.9 -126.2 36.2
1770.1 267.8 246.3 49.5 -264.2 -13.1
2880.2 1.3 238.3 -91.4 -342.7 0
210.2 376 296.6
597.2 -70.9 -0.2 26.6 -131.5 25.1
1816.4 256.7 234.8 35.2 -270.9 -39
2940.3 -25.4 155.2 -41 -306 -73.2
183.6 373.5 277.6
587.1 -76.2 -10.4 26.9 -86 23.9
1870.9 205.6 243.3 0.4 -204.2 -50.4
3002.2 -49.2 132.6 -36.3 -250 -114.1
189.9 384.5 317.9
594.6 -85.7 -16.5 28.8 -96.3 34.3
1915.1 206.7 250.8 -22.6 -196.2 -29.6
3080.1 -50 136.4 -83.9 -246.9 -98.8
231.4 397.7 346.9
622.4 -59.5 -13.7 -3.4 -151.4 10.4
1940.1 254.3 263.3 -45 -236.3 -13
3179.6 -23 143.1 -74.3 -279.5 -111.8
247.7 398.2 332.3
633.5 -48.9 -22.8 -8.6 -165.5 4.4
1985.7 283.7 244.4 -34.4 -275.1 -38.8
3234.6 58 139.3 -5.6 -301.6 -115.1
271.5 427.6 346
655.2 -34 -18.1 -29.4 -202.6 -9.9
2043.3 268.7 324.6 -135.8 -277.4 -69.6
3307.6 31.3 238.8 -52.2 -256.7 -157.7
287 436 366.6
659.9 -22.6 -5.6 -38 -241.1 -19.3
2053 285 317.5 -123.8 -308.9 -78.1
3326.1 85.1 242.1 -9 -279.3 -130.4
287.2 434.1 384.5
654.1 -48.7 -9.9 -16.5 -247.7 -6.3
2081.4 231.1 363.6 -145.2 -319.7 -86.4
3372.6 34.7 274.3 -40.3 -312.5 -121
winner is: 2
