Regression analysis information for: argentine_mismatch_interrogative-partial-wh_Por-que-venia-del-lago
number of formants: 3
number of coefficients: 5
68.2 272.5 229.1
527.6 -33.7 27 -19.8 25.4 -13.9
1451.5 77.4 -247.8 -145.3 -67.9 151.3
2406.6 -110.6 70.5 -206.2 15.2 126.2
68 256.2 201.7
532.1 -29.8 23.5 -19.1 22 -24
1508.8 105 -287.9 -122 -62.9 55.1
2466.8 -93 12.2 -169.5 66.8 52.3
68.3 231.7 166.4
532.7 -26.6 21.3 -19.2 22.2 -31.9
1542.7 100.9 -339 -95.4 -46 1.9
2513.4 -95.1 -24.4 -141.9 104.7 7.1
67.9 221.3 135.5
528.9 -24.7 18.8 -19.3 23.7 -36.8
1555.1 103.3 -365.1 -68.5 -41.6 -25.7
2553.6 -101.6 -37.9 -117.4 115.8 -38.3
70.2 223.6 118.8
525 -18.6 17.8 -17.3 22.8 -39.7
1567.6 123.4 -379.5 -45.1 -38.9 -47.5
2588.1 -105.1 -66.3 -91.1 130.9 -80.7
71.2 231.2 132.5
519 -12.6 15.3 -11.6 21.6 -37.7
1566.1 149.8 -379.3 -31.1 -29.4 -53.2
2604.8 -82.9 -58.7 -74.3 141.9 -99.1
71.5 237.6 145.7
510.5 -1.4 8.3 2 11.4 -29.1
1565.6 155 -379.8 -38.3 -21.9 -54.4
2604.9 -54.9 -75.7 -62.9 130.8 -93.4
73 241.2 149.9
507.7 -0.6 13 6.3 8.7 -30.1
1567.2 159 -382.8 -40.4 -17.5 -48.7
2615.2 -36.2 -71.1 -55.6 133.8 -92.1
73.7 244.9 157.1
508.9 0.9 19.5 7.7 6 -33.2
1579.5 182.8 -380.2 -26.2 -16.8 -32.4
2637 -11.8 -45.9 -34.3 129.8 -86.1
76.1 266.9 159.2
513.5 -3.4 30 5.6 9.5 -35.3
1597.7 162.1 -338.6 -39 -3.9 -52.6
2658.5 -18.6 8.8 -10.2 165.7 -67.9
77.9 275.7 154.4
522 -9.6 46.9 2.4 20.8 -36.1
1604.1 139.1 -294.6 -54.2 3 -66.9
2681.2 -45.4 76.2 -13.3 181.8 -88
77.6 291.7 144.2
527.1 -15.9 55.2 -2.9 23.1 -38.7
1632.6 130 -257.6 -71.8 13.7 -79.7
2704.8 -29.8 99.9 -21.6 180.1 -66.5
84.9 306.2 175.8
538.9 -7.4 73.7 3.6 34.2 -31.8
1690.3 170.8 -195.7 -61 38.1 -72.4
2769 38.5 129.2 -62.2 132.7 -97.1
85.9 323.4 219.5
544.1 -3.2 76.9 2.2 32.7 -33.7
1752.3 148.5 -159.9 -97.2 34.9 -73.5
2861 53.6 157.6 -123.9 81.8 -120.1
87.3 331.9 221.1
554.8 1.9 86 3 35.7 -29.9
1850.5 33.5 -101.6 -170.1 47.6 -21.8
2957 60.7 141.1 -204.6 47.9 -99.7
92.8 343.4 207.4
566.6 3.8 94.2 1.8 38.5 -22.3
1937.4 -47 -37.2 -206.8 58.9 -10.4
3047.2 110.4 142.8 -218.2 27.5 -75.9
98.3 332.8 211.2
573.6 8.3 98.8 6.3 41.7 -15.3
1976.3 -91.8 -9.8 -218.3 72.6 -14.4
3091.1 91.7 142.3 -200.1 37 -87.2
99 341.2 216.1
573.1 8.1 96.8 12.4 42.2 -11.9
1995.6 -109.9 1 -219.5 77.6 -21.3
3135.3 66.5 169.2 -200.1 62.4 -123.6
102.9 371.7 215
571.5 13.2 94.9 21.2 40.5 -11.9
1994.9 -120.8 -19.7 -213.6 52.4 -29
3150.4 46.8 184.4 -186 80 -128.9
103.6 370.2 215.7
575.4 6.7 103.8 19.8 46.8 -17.9
2026.2 -133.7 21.9 -223.1 63.6 -58.5
3171.3 40.1 221.4 -189.5 105 -129.9
winner is: 5
