Regression analysis information for: argentine_match_interrogative-partial-wh_Por-que-abre-el-regalo
number of formants: 3
number of coefficients: 5
72.4 209.7 166.6
548.5 -14.8 20.8 -25.7 27.5 25.8
1512.1 -123.4 -88.9 -39.9 -112 77.6
2312.6 7.8 118.9 10 -76.8 -17.8
79.9 217.6 144.3
557.1 -3.8 21.2 -8.3 40.1 24
1536.7 -107.6 -93.5 -30.2 -93.4 82.1
2357.9 39.4 92.6 -1.7 -34.8 10.5
78.1 227.9 143.9
551.3 2.4 21.7 -11.7 36.8 27.9
1545.4 -97.1 -104.4 -26.5 -97.1 77.2
2380.1 46.7 69.7 4.7 -7.7 11.6
83.1 231 144.5
548.8 4 13 -8.1 34.4 21
1546 -96 -112.9 -32.2 -110.6 68.7
2404.3 40 24.8 22.4 9 -6.4
84.8 241.5 154.3
546.8 11.2 9 -1.1 34.7 20.8
1553.8 -74.1 -117.7 -10.8 -105.4 70
2420.3 56.8 13.7 48.7 16.8 -2.1
88.9 247.1 161.2
544.4 5.7 -3.6 -0.5 32.8 7.2
1556.1 -78.3 -125.8 -7.1 -102.2 60.1
2429.8 49.2 9.3 48.3 28.3 -20.8
90.2 248.6 164.1
543.8 9.6 -1.2 0.8 36.8 7.1
1560.6 -82 -124.7 -9.7 -89.4 46.9
2440.8 41.7 16.4 46 41.6 -32.3
93.8 257.6 178.9
546.4 19 11.1 4.8 46.4 12.8
1565.4 -68.4 -118.8 8.6 -57.9 29.2
2449.8 46.1 29.6 66.5 74.8 -51.6
91.7 266.2 196.1
548.3 19.5 17.7 2.3 45.6 17
1581.9 -78.5 -98 5.2 -37.8 14.7
2471.5 50.7 41.7 82.8 106.6 -63.4
102.7 297.3 221.4
561.3 17.8 30.4 9 53.6 22.1
1630.4 -79.4 -57.9 2.7 -17.6 13.9
2533.4 19 108.5 61.2 164.4 -90.6
101.1 305.4 230.5
560.1 10.9 22.9 -5.6 42.3 9.5
1666.7 -64.4 -52.7 -25.6 -47.9 3.5
2592.8 -10.8 146.8 33.3 142.8 -92
106.4 313.9 258.1
564.6 17.4 20.9 -8.5 45.9 -1.3
1704.3 -49.6 -48.3 -45.9 -60.9 -5
2652.3 13.8 140.5 4.3 111.8 -79.2
125.5 332.9 284.9
592.1 53.1 51.4 17.6 68.6 16.1
1760.4 -3.7 1.8 -20.1 -37.4 17.6
2728.7 71.2 185.6 5 116.7 -45.2
135.9 340.9 295.5
603.4 57.4 47.9 25.4 68.8 7.1
1790.5 -10.3 -6.1 -12.1 -36.2 0.4
2783.5 70.4 175.6 15.4 125.5 -60.1
137.4 357.4 297.1
605.7 56.9 45 30.7 72.6 8.7
1800 -19.8 -30.2 0.2 -28.5 -6
2821.8 62.5 169.9 25.4 131.9 -63.3
134.4 372.7 316.5
608.9 61.2 52.7 34.5 74.3 16.7
1832.8 -30.2 -0.6 20.5 -16.8 29.8
2868.9 35.4 189.4 43.7 145.5 -56.1
156.2 398.5 345.5
627.5 56.2 34.7 62.3 85.8 -7.3
1858.5 -24.1 -5.4 53.2 -2.7 22.8
2905.2 33.2 174.7 109.8 190.5 -73.1
162.4 410.4 357.6
637.9 44.9 30.5 66 81.6 -12.6
1878.8 -24.2 2.2 63.5 -0.8 24.6
2935.5 37.2 184.4 130.4 188.4 -73.9
167.1 423.2 383.6
646.3 47.5 38.2 75.2 78.6 0.5
1898.2 -22.8 4.8 78.6 -1.7 38.1
2975.7 62.6 198.8 167.2 182.2 -55.3
177.7 434.4 415.2
660 30.4 48.9 68.4 62.3 13.4
1912.2 -48.1 -9.1 55.6 -30.8 33.3
3024.4 48.3 203.8 152.7 137.6 -60.2
winner is: 2
