Regression analysis information for: argentine_match_interrogative-total-yn_Manuela-vende-el-carro
number of formants: 3
number of coefficients: 5
92.8 136.9 205.6
559.5 -23.7 21.2 13.9 -39 21.3
1436 158.5 -223.7 76.7 -9.3 -63
2332.2 -86.2 -127.3 -140.8 -56.3 -9.2
93.9 138.1 197.1
559.5 -27.8 16.5 8.4 -39.3 20.6
1444.1 165.1 -235.5 71.2 -5.3 -46.8
2374.5 -82.9 -114.1 -127.8 -36.3 3
96.4 121.5 183.1
558 -25.1 13.3 8.1 -40.2 16.8
1463.2 169.9 -266.3 75.3 16.8 -58.5
2431.1 -24.7 -80.5 -84.2 -1.6 0.6
99.1 127.8 185.3
558.1 -22.4 10.7 12.3 -40.4 15.3
1469.7 172.4 -261.5 69 19.9 -60.9
2456 13 -59.2 -60.7 5.3 3.3
102.5 123.9 186.8
557 -19.4 5.3 17.9 -40.2 15.8
1479.1 170.3 -275.5 72.3 34.1 -65.2
2479.1 -5.4 -73.2 -46.4 11.2 -14.6
107 129.2 189.9
558.3 -19.5 5.3 23.5 -40 13.8
1483.8 169.4 -273.7 78.5 41.7 -65.8
2500.9 -24 -71.4 -39.8 25 -31.4
110.9 134.4 191.1
555.7 -16 5.7 26.9 -39.1 15.8
1491.6 165 -263.9 75.4 56.9 -57.9
2522.1 -20.8 -58.6 -37.8 45.5 -39.3
117.4 130.1 193.2
559.4 -6.7 23.1 38.4 -25.3 28.2
1485 162.1 -262.6 100.2 80.7 -51.7
2536.8 -22.9 -39.6 -20 87.3 -36.6
122.8 142.3 193.9
561.7 -8.4 39.2 42.9 -18.3 32.7
1491 150.1 -228.5 108.5 94.2 -58
2552.7 -37.1 17.2 10.5 106.7 -59
125 154.8 196.5
569.2 5.4 59.6 57.7 -4.6 47.9
1496.5 161.7 -197.5 119.1 95.8 -48.1
2578.8 -41.3 65.8 25.1 127.2 -30.5
126.8 158.4 194.6
574.2 5.1 66.9 59.2 -3.4 50.3
1524.1 174 -176.1 99.7 84.3 -59.8
2619.8 -38.4 88.9 16.3 125.8 -28
131.3 182.4 204.5
597 24.4 104.1 77.9 19.9 74.8
1559 184.3 -154.1 91.2 89.7 -28.3
2676.3 17.3 130.1 21.3 130.5 -13
134.3 183.2 206.4
611 31.4 115 87.2 21.1 81.4
1599.1 217.3 -161.8 74.1 68 -42.8
2728.8 72.7 143.2 17.1 111.8 -33.2
136.8 215.1 217.4
622.1 24.4 119.7 88.8 14.4 80.9
1660.2 210 -152.4 16.3 57.3 -64.6
2799.2 117.1 153.7 -21.7 64.1 -77.8
149.5 236.6 232.9
633.5 26.4 112 101.3 21.2 72.2
1697.8 209.6 -180.7 15.4 60.6 -72.2
2861 152 144.1 -49.6 41.9 -85.9
153.1 266.1 241.9
638.9 21.3 95.9 113.6 10.9 66.1
1731.6 195.6 -214.7 54.5 38.2 -68.1
2907.8 157.7 108.5 -27.5 21.9 -99.6
164.6 309.9 274.2
649.5 10.2 81.8 125.7 13 49.9
1771.4 146.3 -217.5 63.1 50.6 -92.1
2974.6 117.3 90.9 10 36.9 -145.4
183.3 334.5 325.9
658.2 11.2 81.2 146.5 9.8 53.9
1792.2 116.3 -200.7 87.2 44.3 -94
3032.2 66.6 111.1 26.9 76.2 -182
192.1 346.1 357.9
676.7 -8.3 58.9 172.2 15.4 28.8
1817.6 90.9 -226.8 141.8 21.6 -67.4
3067.6 27.7 86.2 77.5 85.9 -188.2
216.9 378.7 382.6
703.3 -2.9 70.8 210.2 39.2 33
1864 38.6 -208.8 144.6 51.3 -90.1
3124.2 -21.3 90.8 114.4 107 -207.2
winner is: 3
