Regression analysis information for: argentine_mismatch_declarative-narrow-focus_Mi-madre-come-la-fruta
number of formants: 3
number of coefficients: 5
98.7 237.2 315.4
531.3 -46.9 2.6 -77.6 20.3 -99.1
1435.6 0.6 -70.9 -15.5 36.7 -42.9
2289.8 40.7 -109.5 12.9 16.7 77.4
106.4 228.2 273.3
543.4 -45.2 10.7 -73.4 36.9 -92.1
1510.1 55.4 26.3 49.2 95.5 -38.6
2399.2 -39.3 5 -19.8 70.6 32.7
102.5 217.5 200.1
541 -57.6 3.7 -82.2 26.5 -102.2
1528.1 60 27.4 41.6 66.2 -58.5
2471.3 -62.5 30 -47.2 -4.7 -26.4
103.8 220 165.6
543.6 -51.4 13.6 -76.5 24.8 -103.1
1539.1 68.6 34.6 42.2 59 -59.9
2534.3 -56.8 55.3 -48.4 -41.2 -72.7
106 229.3 168.8
538.3 -51.5 15.1 -74 21.7 -100.4
1544.4 60.3 37.1 39.1 49 -51.1
2559.9 -77.2 61.7 -45.6 -44 -65.9
113.8 238.9 179.2
536.9 -44.6 20.2 -62.4 19.9 -89.1
1545.4 68.1 43.6 49.3 41.2 -40
2578.9 -78.8 73.7 -25.4 -59.9 -48.3
130.2 252.6 192.9
544.1 -33.8 39 -42.9 32.3 -66.5
1546.4 78.1 54.4 70.9 62 -27.8
2595.8 -66.3 86.7 11.4 -52.9 -18.8
143 249.2 194
546.8 -23.5 38 -38.9 42.5 -54
1557.7 69.7 61.9 91.6 77.6 11.5
2631.8 -76.3 97.1 37.6 -45 36.1
158.6 249.3 213.1
557.5 -29.4 45.4 -26 40 -33.5
1566.2 76.9 74.6 103.5 75.9 20
2639 -68.1 129.5 57.8 -49.3 70.3
160.1 243.1 216.4
558.5 -33.9 35.2 -22.4 34 -37.3
1561.3 35.6 27.6 81.9 49.1 -3.9
2639.3 -109.7 115.7 36.1 -70.1 62
164.1 245.3 228.6
564 -37 33.2 -20.3 35 -37.2
1592.8 50.4 18.7 89.1 56.2 3.6
2682.6 -122.2 105.3 24.5 -61.7 59.8
170.8 244.2 244.7
570.8 -44.5 34.4 -22.7 37.3 -35.3
1631.5 60.6 6.2 87 60.8 14.3
2740.4 -131.7 81.9 -4.4 -51.8 55.4
183.5 248.3 271.4
589.4 -49.2 39.9 -33.3 35.7 -31.7
1691.7 103.4 -12.8 71.2 89.6 51.1
2820.1 -135.3 56 -44.7 -11.5 51.5
191.8 239.3 258.6
608.3 -47.9 47.4 -30.3 26.1 -46.3
1746.5 125.9 -8 99.7 111.7 70.5
2910.4 -107.3 52.6 -4.3 38.4 49.4
199.2 239.7 242.6
622.3 -42.2 50.9 -27.9 27.1 -66
1776.9 133.7 -6.7 113.8 111.6 57.9
2971.9 -71.4 58 40.8 55.9 1.4
214.3 272.5 254.3
641.8 -62.9 50.3 -7.6 10.4 -73.8
1803.2 97.1 6.2 153 75.4 40.7
3016.4 -76.9 77.6 77.2 26.4 -26.2
225.5 293.3 263.3
651 -61.1 66.2 -3.8 1.8 -77.3
1812.4 79.3 42.9 180.6 43.4 21.3
3027.6 -104.8 90.6 55.2 -3.6 -42.6
247.9 333.4 291
685.3 -99 111.3 -14.8 -3.5 -75.2
1853.1 42.2 86.6 175.3 41.4 24.6
3083.2 -143.1 157.3 44.4 -4.8 -27.9
250.5 352.9 315.5
696.2 -87.3 128.2 -20.7 -12 -82.2
1885.9 54.8 98.6 167.6 6.5 23.2
3129.8 -131.5 199.1 58.9 -28.7 -11.9
246.9 364.1 338.3
700.9 -79.5 127.8 -25.2 -13.1 -91
1941.2 49.6 94.6 123.8 -0.7 52.3
3173.4 -125.3 219.1 70.6 -37 -5.6
winner is: 4
