Regression analysis information for: argentine_mismatch_declarative-narrow-focus_Mi-novio-viene-del-lago
number of formants: 3
number of coefficients: 5
74.7 157.8 175
517.9 -83 21.8 -5.7 -14.4 -49.4
1533.1 294.6 -270.5 91.7 34.5 64.7
2354.9 110 -125 47.2 50.5 41.1
75.9 163.1 167.9
524 -93.7 35.7 -12.7 -4.1 -54.8
1551.5 265.6 -258.3 79.6 53 47.5
2405.8 43.1 -84.2 19.7 82.9 29.1
77.9 184.4 162.4
526 -101.4 43.1 -18.7 4.3 -59.6
1577.6 226.2 -220.2 40.4 91.8 10.5
2438.7 12.8 -64.4 -8.6 114.8 -1.1
80.3 198.2 159.2
523 -104.7 43.4 -21.8 7.3 -61.4
1591.2 206.1 -194.7 14.8 115.1 -9.2
2463.9 -2.9 -45.9 -27.5 128.9 -25.3
83.8 206.7 156.7
517.8 -105.2 39.7 -23.3 6.4 -63
1595.9 205.8 -188.1 4.5 127.4 -18.4
2491.3 -16.2 -32.3 -45.9 151 -61.4
89.3 218.2 150.7
522.8 -97.2 55.5 -16.9 23.6 -58
1612.6 204.5 -159.9 -7.6 163 -32.9
2518 -25.8 9 -75.8 201.4 -89.1
97.7 228.7 156.4
525.1 -88.6 66.4 -7.7 35.6 -48.1
1621.5 205.9 -144.6 -10.8 186.9 -31.2
2529.7 -18.4 42.3 -90.5 233.2 -101.4
111.1 217.5 164.7
530.6 -67.9 80.8 13.4 50.5 -27.8
1620.6 254.5 -163.4 33.3 183.3 -4.4
2539.9 48.3 24.5 -29.4 238.9 -75.2
110.5 224.8 169.5
525.1 -74.3 75.5 9.9 44.1 -30
1614.3 248 -140.4 40.9 175.8 -5.2
2552 38.6 28.6 -12.1 244.6 -78.5
112.8 220.1 166.1
531.4 -78.6 88.9 10.8 54.4 -26.2
1631 204.4 -94.5 39.1 206.3 -31.7
2574.6 -8.4 88.2 -11.2 278.8 -90.6
120.5 218.2 180.7
539.6 -69.2 106.1 23.7 66.3 -9.7
1641.7 193.6 -87.2 38.1 214.3 -24.2
2592.2 -33.7 112.2 -1.2 292.2 -35.6
120.5 220.7 172.4
546.7 -68.8 107.7 25.1 72.3 -4.2
1668.9 197.5 -85.7 27.3 222.1 -20.9
2645.4 -65.9 123 -2.1 319.6 -15.3
122.5 232.9 191.3
551.2 -69.9 111.9 27.1 71.3 3.1
1719.3 197.3 -63.9 -2.2 219.3 2.1
2715.6 -102.1 150.7 -24.7 325.4 24.2
125.1 231.2 255.7
562 -68.9 113.2 25.7 73.6 7.5
1797.6 181.1 -49.7 -55.3 224.7 35.7
2852.7 -49.2 129.7 -124.3 242.2 93.7
126.5 233.8 265.8
570.6 -61.6 122.6 32.4 75.4 17.5
1830.5 202.2 -44.9 -39.2 219.9 47
2986.1 45.2 98.4 -242.8 101 131.5
132 251.1 248.1
577.6 -56.1 120.6 37.5 78 22.9
1860.3 206.9 -46.6 -15.5 210.3 57.8
3044.9 80.1 130.2 -218 62.2 136.5
132.5 263 240.8
578.9 -53.9 120.3 40.8 74.9 22.9
1873.6 209.5 -62.4 12.3 186.4 63
3099.1 107.7 153.3 -211.2 12.7 101.9
136.9 275.5 243.7
577 -49.9 118.2 45.7 73.7 24
1873 243.7 -79 58.5 173.1 87.3
3122.5 114.2 155.5 -190.1 -5 100.8
140.6 277.2 250.3
584.2 -47.6 122.3 50 84.9 28.6
1881.9 225.3 -81.7 59.5 182.5 84.3
3136.3 121.6 151.2 -171.7 2.3 89.8
136.8 279.2 255.7
574.9 -59.8 106.4 40.5 72.8 19.5
1886.3 203 -81.9 57.6 188.3 83.9
3137.6 113.3 148.8 -152.5 5.6 67.5
winner is: 2
