Regression analysis information for: argentine_match_declarative-broad-focus_Marta-abre-el-regalo
number of formants: 3
number of coefficients: 5
109.8 177.1 205.3
591.4 75.8 40.8 -32.2 12.5 54.4
1462.9 -34.4 16.2 122.5 92.1 49.1
2296.7 54 -14.9 -4.9 133.8 -30.1
112.5 150.8 164.6
606.9 99.1 59.3 -12.4 28.8 54.7
1514.8 -30 11 129.7 76 61.3
2378.4 59.8 -15.7 -29.8 109.1 -36.6
111.9 133.8 133.2
612.6 109.3 67.4 0.6 38.5 59.8
1543 -60.5 -1.6 164.8 46.9 66.6
2432.4 47.2 -9.4 17.6 86.8 -29.2
117.4 135.9 118.6
616.5 110.2 59 10.8 38.4 45.1
1552.2 -63.9 -9.5 175.6 49.8 58.1
2467.5 40.8 -23.1 30.8 74.9 -50
128 148 126.4
614.2 110.5 56.6 12.8 37.8 44.3
1557.8 -41.6 -3.2 191.4 58.7 57.8
2484.9 58.8 -14.9 34.7 81.7 -52
129.8 154.9 140.2
619.2 122.4 65.4 21.6 37.7 37.7
1563.5 -10.5 9.4 212.6 67.9 57.7
2502.2 96.1 -1.9 53.4 90.1 -39.3
133.7 162.6 148.8
615.5 121 66.3 26.3 39.9 43.3
1562.5 8.8 5.1 246.8 68.2 55.6
2511.8 137.7 14.5 96.4 106 -20.4
134.8 162.5 163.2
601.3 107 63 9.6 33.2 51.9
1554.3 -12.8 15 240.4 64.9 47.1
2498.2 122.5 42.3 129.6 109.1 -40.4
145.2 163.8 178
606.9 102.9 62.6 22.5 43.2 55.7
1556.3 -22 18.6 251.1 66 51.9
2503.4 103.8 56.1 143.8 117.8 -53.4
154 172.1 182.8
622.8 112.8 68 36.4 48.3 35.7
1583 -16.9 35.2 251.2 87.3 34.8
2541.4 113.4 85.1 118.2 153 -67.3
159.4 183.2 191
651.7 130.4 104.3 46.6 66.3 30.4
1626.2 -0.2 61.6 259.2 112.3 27.3
2622.5 140.3 127.9 73.4 196.9 -59.8
153.5 197.1 187.5
673.2 162.3 124 65.9 72.1 23.1
1684 -3.9 106.3 259.4 132.1 26.1
2709.9 168 161.9 40.6 223.2 -59.6
150 207.8 191.2
685 158.7 136.5 63.1 79.3 25.1
1712 -29.3 108.9 247.1 136.9 30.4
2763.8 191.5 164.7 22.8 221.8 -38.3
153.3 209.1 199.1
695.8 155.6 136.3 64.9 82.8 10.9
1740.6 -47.8 90.2 252.9 141.7 10.5
2821.4 174.9 162.1 33.3 214.2 -45.8
159.4 216.9 221.6
698.6 158.7 129.9 68 74.8 6.9
1761.7 -60 73.8 277 144 2
2862 146.2 153.1 67.6 209.2 -51.7
157.4 235.1 238.1
733.2 197.5 174.9 98.6 104.7 33.4
1809.6 -53.5 99.4 292.1 173.1 -5.6
2920.5 169.9 180.8 91.4 227.4 -42.2
154.2 240.4 240.6
732 214.6 179.1 93.9 100.5 37.6
1826.8 -39.1 89.3 319.6 177.4 -9.8
2945.6 190.8 168.2 100.5 229.2 -45.5
172.6 257.2 260.3
738.1 214.9 161.2 103.5 92.7 23.4
1848.1 -18.1 93 344.7 187.2 -0.8
2986.4 212.5 160.9 120.3 249.9 -43.5
199.5 262.4 286.1
748.2 199.5 129.4 111.7 74.1 -5.7
1860.3 -14.3 53.3 326.9 145.7 -26.1
3032.3 247.1 134.9 124.2 229.7 -51.5
202.6 273.7 312.8
763.4 203.1 152.5 117.2 89.8 9.8
1883.2 -6.2 49.9 317.2 145.2 -17.9
3082.3 278.5 112.8 99.4 227.2 -35
winner is: 4
