Regression analysis information for: argentine_match_declarative-narrow-focus_Marta-abre-el-regalo
number of formants: 3
number of coefficients: 5
100.4 132.2 187.4
591.6 17.2 35 -74.6 -7.8 13.8
1452.3 -133.5 31.8 106.6 -43.2 32
2270.3 -169.8 -4.2 5.2 11.7 -60.5
105.5 125.6 131.8
602.7 29.9 40.3 -58.2 9.5 24.1
1484.1 -115.6 15.1 88.4 -35.4 45.5
2343.3 -120.1 -38.8 -10.2 26.5 -53.7
108.7 126.1 112.1
605.6 31.3 37.8 -54.9 11.1 21.5
1503.9 -111.6 5 90.8 -29.2 47.4
2387.1 -91.9 -40.3 -2 39.1 -62.1
110.3 130.9 114.6
603.3 30.4 37.5 -53.1 13 24.6
1508.5 -111.9 1 99.1 -32.5 54.8
2409.9 -70.3 -46.5 -3 34.1 -64.9
113.5 141.7 128
603.4 35.5 42.6 -43.1 19.9 32.3
1512.8 -103 3 118 -31.4 69.5
2430.3 -43.7 -20.4 26.6 60.7 -35.6
112.1 145.5 132.9
597.3 32 36.5 -46.2 12.4 27.9
1507.8 -104.2 4.2 125.9 -33.9 66.7
2429.9 -39.3 -7.4 42 59.6 -42.7
111.6 146.4 134.1
593.8 26.9 31.6 -50.3 8.1 23.3
1512 -106.8 1.2 123.5 -35.1 57.8
2446.4 -28.9 -10.9 30.8 53.9 -44.3
112.1 155.9 143
592.9 27.1 37.1 -49.8 10.4 22.8
1515.9 -112.4 14.1 129.2 -23.8 45.7
2448.9 -36.5 11 35.7 65.7 -56.5
113.2 170 163.4
594.8 34.9 51.3 -45.3 21.6 35.2
1522.5 -108.7 18.7 142.2 -9.6 45.2
2452.9 -38.3 24 49 98.7 -51.1
121.1 188.5 168.8
606.1 39.1 61.2 -36.2 33.4 30.2
1545.6 -108.3 34.5 145.5 16.7 38.5
2486 -16.8 41.3 38 123.3 -59.7
127.4 204.8 189.5
622.7 56.2 82.2 -27.8 43.1 28.2
1588.3 -117.1 70.6 142.9 46.7 33.5
2546.8 1.2 71.6 27.5 153.2 -74.6
136 215 202.4
642.6 68.8 112.3 -17.4 67.4 37.9
1628.4 -132.7 94.6 149.5 66.3 37.4
2610.2 42.7 102 32.6 158.6 -93.4
145.1 222.9 206.8
654.6 64.8 103.5 -7 69.8 27.4
1660.8 -164.6 100.8 148.7 73 33.8
2655 42.4 108.1 43.3 146.8 -114.3
157.8 241 214.9
691.3 90.9 123.6 36.1 104.2 27.3
1715.4 -196.9 129.9 144.7 113.1 6.1
2716.1 79.6 156.3 95.3 176.2 -101.9
144.4 240.3 213.3
693.6 99.6 137.6 28.1 101.7 42.9
1731.9 -208.6 131.5 142.8 104.7 9.4
2747 89.1 171.2 96.6 156 -95.4
169.7 261.1 240.9
716.6 97.7 119.5 49.8 105.1 18.2
1765 -218.9 120.8 147.7 97.8 -2.6
2810.3 115.6 181.2 118.9 154.5 -111.2
172.4 284.5 287.7
734.9 127.2 135.1 52.4 103.7 30.3
1794.3 -174.6 128.6 144.8 75.7 15.6
2877.2 177.4 204.6 94.7 115 -99.9
175.6 288.4 308.8
743.7 142.9 139.9 65.2 109.1 38.2
1812.4 -164.9 125 157.8 65.9 15.4
2910.9 176.1 198.4 120.4 115.3 -87.9
188.6 299.2 344.9
759.6 156.1 134.7 78.2 113.1 21.8
1852.8 -122.4 125.4 153.6 35 -13.5
2974.2 227.3 196.9 90 60 -126.3
207 312.5 393.2
782.2 156.3 128.2 89.9 120.8 8
1883.8 -107 106 171.4 27 -11.1
3041.6 244.1 182.4 67.4 21.2 -120.3
winner is: 3
