Regression analysis information for: argentine_mismatch_interrogative-partial-wh_Por-que-vivia-en-Paris
number of formants: 3
number of coefficients: 5
69.9 179.3 175
474.6 -28.7 54.4 -1.1 53.6 -68.4
1729.9 -83.4 -118.2 -222.8 -197.1 52.7
2437.2 -119.6 45.4 -82.8 -118.8 46.5
70.1 165.1 111.8
476.5 -25.5 55.2 0.6 55.2 -70.6
1761.3 -104.3 -92.3 -227.3 -206.5 63.9
2515.1 -159 62.3 -88.7 -82.9 31.5
70.3 166 105.3
474.7 -25.5 56.2 -1.4 56.4 -71.1
1767.3 -98.1 -87.7 -229.2 -204.4 59.2
2540.5 -163.2 73.4 -106.2 -63.1 15.5
71.3 171.1 116.1
469.4 -23.9 55.6 -1.2 57.9 -64.7
1772.4 -96.8 -91.5 -226.2 -204.4 57.1
2563.9 -149.9 92.7 -111.7 -45.3 10.8
71.8 173.2 111.2
462.7 -24.4 50.7 -3.8 56.9 -65.4
1789.5 -123.7 -90.1 -226.9 -212.2 57.7
2587.8 -179.1 95.6 -125.7 -51.3 9.5
94.2 190.9 130.1
479.3 -56.6 84.7 -24.6 64.8 -58.5
1817.8 -181.1 -69.4 -227.1 -230.8 84.3
2615.8 -225.4 127.4 -160.9 -45.3 27.4
103.8 197.6 136.8
482.2 -72 93.3 -31.6 73.2 -53.5
1832.6 -198.5 -53.4 -232.5 -232.9 94.2
2648.7 -263.1 141.4 -167 -55.7 36.1
117.1 204.7 149.5
491.4 -88.3 110.8 -41 78.6 -47
1848.1 -220.6 -33.2 -227.9 -251.9 104
2672.8 -278.3 156.1 -156.5 -81 48.4
136.8 222.6 180.4
505 -104.1 127.5 -36.9 75.7 -26.1
1871.5 -234.5 -0.2 -213.2 -237 136
2712.8 -287.4 226.7 -131.3 -51.4 99.2
168.5 242.8 196
534.2 -139.4 171.2 -54.4 88.7 -23.8
1915.3 -220.8 77.7 -172.1 -189.9 168.4
2759.2 -291.9 352 -56.7 33.9 109.5
198.9 250 197.7
564.7 -168.8 212.6 -72 96.7 -30.3
1939.9 -237.2 104.5 -171.8 -164.3 153.2
2804.7 -325.8 405 -55.1 76.6 77.6
228.1 267.3 221.1
582.1 -170 224.7 -60.4 72.6 -14
1976.2 -261.7 137.1 -178.9 -168.2 163
2863.9 -354.4 448.7 -72.3 67.7 84
233.4 257.8 248.9
579.1 -169.3 208.1 -49.1 42.6 1.6
1998 -249 121.6 -177.6 -206.6 157.3
2937 -324.9 454.7 -106.7 8.1 61
267.9 263.7 282.4
625.6 -240.8 277.2 -80.2 56.9 23.1
2051.2 -286.9 151.9 -201.5 -216.9 156.1
3076.8 -287.2 489.3 -226.8 -68.9 22.5
297.2 261 306.6
671.1 -287.2 332.6 -79 27.7 72.4
2116.7 -305.5 193.9 -188.4 -235.3 186.9
3213.6 -263.5 465.3 -281.3 -117.2 68.2
333.4 261.4 334.1
733.6 -328.2 343 -51.2 19.8 117.6
2175.1 -314.5 206.7 -161.6 -222 209.9
3325.4 -284.5 442.9 -301.9 -101.8 119.6
366.5 285.7 368.2
784.1 -350.2 318 -28.6 56 85.9
2251.1 -366.8 217 -163.5 -158.9 185.8
3425.2 -353.4 388.2 -313.3 -19.7 91.7
382.3 293.6 362.2
794.9 -357.2 308.9 -18.2 65.2 91.6
2295.8 -368.3 256.2 -140.5 -109.7 197.2
3489.3 -363.4 405.6 -304.9 51.2 104.4
384.7 289.6 346.6
756.3 -329 216.5 1.9 26.2 71.2
2270.2 -363.7 168.5 -122.1 -159.6 184.9
3489.2 -357.5 313.9 -281.4 42.8 91.6
400.7 312.8 373.8
820.3 -419.2 302.8 9.1 35.7 157.6
2354.6 -436.6 277.9 -123 -119.2 216.1
3579.1 -431.9 394.9 -271.5 83.8 124
winner is: 3
