Regression analysis information for: argentine_match_interrogative-partial-wh_Cuando-bebia-el-vino
number of formants: 3
number of coefficients: 5
85.5 207.5 216.9
492.9 43.7 89 -64.7 41.2 -51.5
1561 -278.7 -205.7 161.1 77.6 49.2
2331.1 -57.6 -54.9 106 -2.9 103
83.8 205.5 181.5
498.7 48.4 98.7 -61.1 53 -41.3
1586.7 -256.7 -201.6 152.5 78.8 70.7
2401.5 9.4 -38.9 43.5 -47.7 103.5
84.1 213.7 180.8
508.3 63.8 115.9 -51.8 66.7 -33.6
1599.4 -241.6 -193.2 172 86 80.6
2449 11.5 -4.9 50.6 -15.9 87.7
86.6 222.2 172.7
499.5 74.4 99.8 -46.9 53.9 -31.6
1592 -214.8 -221.3 192.7 53.8 98
2462.2 24.9 -11 62.3 -45.8 94.5
85.7 219.9 168.1
504.8 76.5 109.7 -51.8 61.1 -40.3
1628.2 -220.9 -175.9 158.4 64.4 59.4
2527.4 -1.3 43.6 26.9 -32.9 29
87.3 213.5 162.4
498.7 83.6 101.6 -50.2 59.7 -44.4
1634.6 -241.4 -170.6 135.6 59.7 39.5
2558.2 -29.5 64.2 9.6 -25.3 -3.4
90 213 153.9
494.2 87.9 97.4 -48.2 61.4 -46.2
1647.8 -248.4 -153.6 136.3 66.1 51.8
2565.9 -15.1 70.7 12.3 -2.7 -23.5
94.7 222.4 163.9
499.5 103.5 113 -38.4 83.5 -41.1
1673.5 -242.1 -107.3 157.9 97.6 76.5
2584.5 10.4 102.8 39.5 36.8 -4.7
95.1 213.7 159.6
498 99.4 115.1 -42 89.3 -45.1
1679.6 -270.2 -92.6 154.8 106.1 79.9
2592.7 -9.7 137.6 22.8 70.3 -11.6
96.2 199 148.1
494.3 99.4 110.8 -41.3 87.5 -45.2
1663.9 -243.7 -93.1 149.3 138 47.8
2618.4 -22.9 204.9 12.6 110.1 -16.4
94.1 192.9 136
491.8 90.2 106.2 -48 83.6 -48.5
1682.1 -249.7 -68.5 156.5 143.8 61.5
2649 -34 241.9 8 119.9 -22.4
97.1 203.7 133.6
506.5 87.2 130.2 -48.8 99.6 -43.3
1710.6 -245 -43.6 168.8 155.7 77.3
2681.4 -20.6 256.4 11.2 128.5 -27.1
99.5 222.1 140
512.6 97.5 136.7 -41.8 104.3 -36.9
1746.5 -231.7 -20.5 201 161.8 120
2723.4 11.6 263.8 31.5 144.8 -21.5
99.8 225.5 146.6
515.3 98.9 135.5 -44.8 100.9 -37.7
1764.9 -220.7 -26.6 203.7 164.4 132.8
2783 19.3 260.3 57.1 123.5 -3.3
96.8 216 148.5
514.1 106.9 124.9 -46.1 90.3 -41.5
1779.6 -206.9 -45.4 192.6 139.3 116.6
2822.7 22.2 231.9 46.9 86.7 -31.5
108.1 210.4 167.5
533.1 140.7 155.4 -21.1 114.9 -16.3
1837.3 -139.8 4.9 226 178 163.4
2903.6 107.1 293.8 108.2 145.6 23.9
109.2 206.5 185.8
531.3 129.6 141.3 -34.8 95.1 -19.5
1865 -120.6 -7.5 207.9 159.9 175.6
2943.3 109.8 284.3 86 130.6 26.8
138 213.1 199.1
564.1 75.2 178.9 -51.9 75.9 21.7
1906.7 -103.6 -0.1 197 141.4 207
2991 93.9 305.4 84.5 111.2 60.9
162 214.3 216.6
589.8 58.4 216.1 -48.1 78.7 58.6
1940.6 -81.1 34.7 225.1 177.2 246.2
3032 87.4 351.3 114.3 146.8 120.5
148.6 223.1 237.3
582.1 69.3 202 -52.1 81.7 39.3
1959.5 -97 39.1 223.1 175.8 243.1
3056.5 64.8 337.8 110.4 141.8 104.3
winner is: 11
