Regression analysis information for: argentine_mismatch_interrogative-partial-wh_Cuando-comia-la-fruta
number of formants: 3
number of coefficients: 5
77.9 163.7 273.4
555.3 3.3 46.4 -7.3 69.3 -69
1420.8 -149.5 -143.5 -12.2 132.1 29.4
2392.9 -155 24.7 -35.7 -35.2 79.8
81.4 152.2 184.8
557.8 3.9 41.7 -15.9 64.8 -69.4
1450.5 -148.1 -165.8 -13.6 141.9 23.3
2511.2 -191.3 54.6 -77.7 -20.1 32.9
83.8 147.7 156.2
558.8 7.6 40.2 -16.7 64 -70.9
1467.3 -135.5 -164.1 -12.3 142.4 21.8
2562.6 -155.1 71.2 -64.6 -21.4 22.4
85.3 150.4 145.1
557.3 8.8 39.6 -12 61.7 -75.6
1475.1 -124.1 -168.1 -7.1 141.1 11.8
2594.5 -133.4 75.2 -45.1 -27.8 16.5
84.9 156.9 137.1
560.4 16.1 44.9 -2 65.7 -72.8
1479.7 -113.7 -163.7 5.5 144.2 6.2
2620.4 -106.6 86.8 -24.2 -29.9 3
86 162.7 134.8
558.8 13.4 46.8 5.5 63.9 -78.8
1477.1 -115.3 -158.9 19.4 143.6 -5.6
2641 -95 97.1 -3.2 -26 -13.5
89 165.5 151.8
554.4 3.5 43.6 9.8 64.9 -79.9
1474.3 -120.8 -156.4 26.7 145.1 -5.8
2640.5 -113.4 94.8 3.7 -2.4 0.4
93.9 166.7 154.6
554.6 -5.3 37.7 11.6 61.9 -83.6
1477 -128.4 -158.4 30.2 143 -6.7
2656.6 -117.9 97.9 17.1 5.6 -7.9
98.1 165.8 165.6
553.9 -16.7 28.7 9.9 57.3 -88.2
1481 -147.1 -170.6 30.6 132.8 -10.1
2674.6 -148.6 77.3 30.8 -2.8 -17.4
103.8 161.4 194.7
559.1 -22.2 23.3 15.1 56.9 -94
1493.5 -163.7 -185 43.2 130.8 -19.2
2693.7 -197.3 38.4 55.8 1 -20.6
113 174.4 206.4
571 -23.7 23.4 26.5 59.1 -98.6
1503.7 -181.2 -180.3 58.1 131.2 -11.9
2745 -178.1 54.5 74.7 -8.3 -42.7
119.5 190.8 186.7
588.1 -8.6 42.1 42.6 69.2 -89
1535.3 -167.6 -163.7 86.5 142.4 -22.5
2795.6 -140.6 81.2 87.8 1 -63.1
133.6 207 191.7
605.9 -4.8 39.3 50.2 66 -80.1
1574.3 -163.9 -187.9 88.7 146.6 1.7
2873.6 -89 86 83.8 -11.4 -56.8
156 248.7 230.3
637.7 -11 40.9 56 38.5 -59.7
1653.5 -173.8 -206.4 115.8 97.6 53.8
2970.2 -41.9 99.8 82.1 -53.7 -30.2
169.1 272.4 264
676.6 -14.6 52 44.5 0.2 -25.1
1763.8 -142.9 -207.8 71.1 -7.6 97.2
3069.7 -6.3 112.6 64.9 -97.5 11
170.2 274.1 258.2
689.1 -11.6 48.1 29.6 -4.8 -20.6
1837.1 -162.2 -194 92.6 -46.8 181.9
3148.2 -7.1 91.3 53.7 -113.7 68.9
183.2 279.5 249
709.8 -31.6 51.8 42.1 -27.9 -19.3
1919.5 -202.5 -211.3 147 -102.7 206.2
3217.3 -32.2 50.9 77.1 -112 52.9
186.8 284.7 249.9
716.4 -45.2 49.2 40.8 -30.7 -29
1962.1 -204 -199.7 165.1 -109.2 235.3
3280 -29.7 25.6 84.7 -104 70.2
189 282.1 256.1
720 -47.3 58.9 43.4 -34 -38.8
1985.8 -244.2 -189.7 168 -138.3 248.8
3302.5 -67.1 19.1 98.7 -136 62.4
203.6 299.9 276.8
731.1 -52.9 44.4 35.9 -13.6 -58
2018.1 -268.9 -192.1 180.6 -138.4 235.4
3343.6 -101.9 7.5 113.7 -135.6 58.7
winner is: 5
