Regression analysis information for: argentine_match_interrogative-partial-wh_Cuando-leia-el-libro
number of formants: 3
number of coefficients: 5
74.8 197.8 198.1
492.3 26.4 91.7 -23.9 82.4 -34.8
1585 -246.1 -325.9 119.1 40 56.4
2389.3 -175.2 -162.2 59.3 -30.8 85.7
75.5 189.3 159.4
493.5 32.2 95.5 -23.4 85.2 -34.3
1607.9 -226.2 -325.5 129.9 44.7 59.8
2460.4 -121 -172.7 54.1 -41.1 26.1
75.8 180.1 154.7
491.5 42.3 93.2 -21.9 84.2 -35
1632.7 -190.7 -314.4 145.2 49 60.2
2487.9 -67.5 -149.9 61.7 -26.7 20.8
76 179.8 156.7
487 54.2 88.5 -16.9 78.7 -30
1657.4 -173.2 -321.6 133.1 68.9 74.8
2498.6 -56.4 -138.2 59.9 -27 28.6
75.6 171 123.7
488.2 58.5 91.8 -22.1 80.9 -30.8
1690.8 -173.9 -357.8 104.9 70.8 76.5
2541.7 -13.6 -134.1 46.7 -51.1 -27.6
78.8 170.8 140.8
486.5 52.4 95.2 -31.3 86.1 -33.2
1696.6 -186.8 -362.9 103.1 73.9 70.6
2565.8 -33.4 -107.7 61.6 -16.7 -11.4
81.7 176 153.5
489.2 47.4 105.1 -34.7 98.8 -32.4
1705.5 -188.4 -343.6 91.6 89.9 70.4
2581.2 -68.5 -97.9 61.7 0.8 -12.4
80.3 188.3 163.5
487.5 46.4 107 -35.8 101.6 -31.6
1719.1 -175 -309.8 97.7 114.7 88.1
2599 -54.2 -73.9 89.5 45.7 24.8
81.5 197.5 153.9
486.3 45.1 109.2 -37.2 103.6 -34.6
1723.9 -188.3 -300.3 80.5 129.3 70.4
2617.3 -58.7 -34 76.8 82.5 7.4
87.5 201.1 153.5
496.4 32.3 125.5 -42.9 105.2 -29.5
1736 -199.3 -271.1 82.6 141.2 63.1
2659.7 -27.2 50.9 58.9 73.1 -40.5
87.7 189.2 137
499 32.7 129.5 -42.6 106 -29.2
1743.6 -187.8 -272.5 90.4 142.6 64.9
2683.9 -14.7 94.8 53.7 70.9 -63.1
93 192.7 131.5
507.4 21 143.5 -51.8 113.7 -32.5
1761.5 -196.1 -254.6 91.2 150.9 74.6
2715.6 -0.8 118.6 55.8 69.4 -61.1
94.7 191.7 129.3
510.8 20.7 147 -53.4 113.9 -33.3
1782.2 -196.6 -257.1 97.1 142.2 91.2
2762.3 21.9 123.1 75.5 78.1 -44.3
96.5 193.7 132.5
516.9 20.3 153.5 -56.7 114.1 -36.1
1801.3 -207.4 -256.3 93.5 130.2 102.7
2822.6 63.5 149 109.4 101.9 -7.4
94.7 188.7 150.1
515.5 26.8 143.7 -60.8 97.5 -46.6
1830.5 -196.3 -256.8 103.5 97.9 129
2864.9 80.3 149.5 119.9 96.4 11.3
97.7 179.2 158.2
516.3 34.3 141.8 -61.2 94.5 -51.3
1872.7 -143.8 -219.1 116.7 104.4 152.8
2918.8 52.9 161.9 147.7 36.3 70.5
102.6 190.6 168.4
521.1 31.4 147.9 -64.8 95.8 -48
1895.1 -141.8 -220.2 112.3 101.5 164.3
2958.6 61.1 176.9 171.8 23.1 93
114.6 213.2 197
532.7 14.8 137.7 -43.7 81.5 -48.1
1919.9 -153.2 -233.4 123 78.8 160.4
3000.8 54.8 162.8 186.3 -4.9 98.3
131.1 225.5 224.5
540.3 -8 135.7 -44.8 66.1 -43.1
1945.2 -168.4 -236.4 138.8 53.9 141.9
3046 31.7 164 186.2 -27 103.8
161.9 248.5 256
564.1 -21.2 134.1 -10.7 49 -28.3
1976.9 -179.2 -247.8 172.4 23.9 150.7
3098.4 1 168.5 201.5 -33.9 112.2
winner is: 5
