Regression analysis information for: argentine_match_interrogative-total-yn_David-leia-el-libro
number of formants: 3
number of coefficients: 5
82.5 213.7 157
459.8 -22.4 53.4 -33 18.2 -20.7
1670 84.3 -348.6 12.3 -24.9 -27.8
2416.8 -58.8 -244.4 -49.8 -37.1 10.7
83.3 174.4 115.1
463 -16.9 52.8 -34.1 22.1 -17.8
1726.5 118.4 -396.6 -25.4 -11.6 -26.5
2470.3 -27.6 -233.5 -54.4 -14.8 -4.7
84.1 171.2 108.3
460.4 -17.4 50.4 -37.7 19.8 -20.7
1731.6 121.4 -402.2 -24.5 -7.9 -30.1
2507.5 4.2 -190.3 -42 -7.7 -26.9
88.2 178.1 110.7
466.4 0.1 66.2 -23.9 34.7 -7.8
1743.6 140.5 -389.3 -11.8 4 -26
2539.8 26.3 -149.4 -25.8 11.9 -23.9
92.5 185.1 118.2
475.4 26.4 88.7 -1.8 54.5 12
1747.8 164 -394.3 3.6 7.4 -21.6
2551.8 62.1 -144.1 6.7 22.3 -6.7
95.1 206.7 122.1
473.1 34.7 90.5 2.5 56.8 14.1
1761.7 188.9 -383.3 20.8 24.4 -8
2561.9 82.9 -144.6 26.5 31.6 -1.7
91.3 213.6 128.4
468.6 40.5 88.7 5.2 57 16.7
1764 217.5 -390.3 37.4 26.6 -1.2
2574.8 110.4 -136.3 50.1 45.2 9.9
92.7 224.3 133.2
467.4 46.5 91.9 9.2 60 21.5
1772.4 218.1 -375.9 42.8 40.8 -2.1
2587.5 104.8 -118.6 40.8 66.6 -5.3
90.7 232.5 151.5
469.6 46.6 100 10.1 65.7 23.6
1777 199.3 -344.7 35.7 63.2 -8.2
2616 63.4 -52 7.8 125 -34.6
94.2 241.4 164.2
473 54.4 110.4 18.1 72.4 29.5
1782.4 188.1 -328.9 51.5 78.7 -7.9
2627.3 53.9 -1.9 5.6 156.2 -24.8
100.9 256 183.3
487.3 75.6 139.1 39.7 96.6 51.4
1798.1 181.5 -278.1 95 119.6 -3.2
2657.3 58.9 60.6 20.9 191.1 5.7
102.7 251 195.9
497.8 60.3 145.8 38.5 99.3 48.5
1841.6 126.8 -250 70.8 119.8 1.1
2691.7 33.2 76.2 15.5 189.6 21.3
108.3 251 199
498.6 46 134.1 35.3 90.9 38.2
1874.9 108 -250.9 62.7 98.5 23.3
2747.2 -27 88.9 5.8 169.7 49.3
110.8 256.4 211.3
507.3 59.7 148 48.4 101.4 50.9
1930.8 109.9 -243.3 26.1 64.6 69
2813.4 -40.5 101.1 10.1 155.2 100.5
117.7 261.6 234.7
511.3 65.2 152.3 53.5 103.7 55.9
1976.3 121.4 -239.4 13.9 42.7 87.4
2878 -15 93.7 -1.5 141 132.3
127.5 252.7 244.5
514.4 50.9 132.7 57 92.2 35.4
2007.6 123.6 -258.7 16.9 11.1 71.1
2934.1 -12.3 65.6 -13.2 89.9 120.7
131.7 254.9 276.9
525.2 66.5 145.6 74 96 43.1
2038.4 151.9 -265 48.3 -1.1 63.4
3008.6 37.7 83.7 -11 37.6 136.7
135.8 252.4 284.4
535.5 85.3 160.8 91.8 103.5 51.6
2059.1 182.3 -265.2 81.6 6.1 48.5
3029.7 62 121.2 44.6 57.4 107
138.7 256.7 295.2
544.2 100.4 165.6 111.4 110.2 50.2
2078.4 214.5 -277.8 98.4 12.2 34.6
3075.7 106.3 128.6 64.8 69.7 95.1
144.7 264.5 315.7
560 115 175.7 120.1 117.2 48
2115.3 206.6 -263.9 83.8 31.9 24.9
3147.1 153.9 156.4 61.7 86.1 78.4
winner is: 3
