Regression analysis information for: argentine_match_declarative-broad-focus_Daniel-iba-a-Bolivia
number of formants: 3
number of coefficients: 5
69.4 236.5 173.6
484.6 -11.4 26.9 -60.8 65.9 -114.6
1632.4 -65.6 85.4 -118.3 -241.7 352.7
2439 -100.1 -191.9 -88 -153.5 62.2
67 219.6 156.7
487.9 -16.1 33.3 -69 68.3 -121.4
1655.8 -70.4 85.9 -135.7 -258.1 346.8
2473.6 -122 -163.7 -119.3 -146.9 19.3
66.3 195.6 147.4
488.5 -15.6 35.9 -73.4 66.2 -126.1
1696.1 -34.1 82 -176.1 -324.7 309.2
2494.4 -122.6 -162.3 -135.6 -155.4 -4.7
67.2 199 141.1
483.6 -11.8 33.1 -71.8 63 -126.2
1713.2 -18.1 86.9 -190.6 -352.9 297.1
2523.6 -101.1 -140.7 -135.3 -150 -14.6
72.2 202.2 137.2
484.1 14.4 40.6 -54.4 67.4 -112.1
1729.3 9.3 97.7 -217 -385.4 291.5
2561.1 -52.5 -95.9 -118.4 -132.9 -12.1
76.8 204.8 130.7
484.9 37.2 49.5 -36.7 76.6 -99.5
1738.1 30.6 119.8 -208.3 -374.9 312.4
2604.6 24.5 -51.1 -101.3 -130.8 -12.2
73.3 209.5 137.1
479.5 43.5 45.5 -31.6 74.5 -98.9
1748.4 54.8 114.2 -224.7 -388 295.9
2623.1 69.4 -52 -114.4 -150.9 -15.6
74.5 216 143.7
472.7 56.1 41.1 -15.8 75.6 -88.6
1749.9 65.6 121.3 -216.8 -379.3 298.9
2625 85.5 -18.9 -104.7 -143.4 -37.5
77 227.5 146.2
473.8 55.6 49.7 -7.2 89.9 -80.4
1719 30.5 145 -142.5 -336.3 289.5
2617 91.3 32.4 -47.4 -110.8 -69
78.8 224.7 138.4
473.2 43.9 50.5 -11.9 96.7 -83.4
1708.5 -5.6 145.4 -116.4 -313.9 306.5
2599.2 22.7 47.9 -11.2 -32.3 -58.7
87.3 228.7 169.3
483.7 39 67 -10.9 117.5 -83.7
1734.8 4.1 139.9 -131.7 -322.9 322.1
2647.6 6.2 48.1 -39.6 3.5 -66.3
88.7 253.2 219.1
484.2 43.6 58.9 -1.7 120.4 -80.6
1798.9 13.9 123 -144.4 -383.9 307.6
2751.5 57.7 4.9 -113.3 -57.8 -84.7
102.8 262.4 265.5
501.6 10.6 76.7 -25 137.8 -98.8
1841.5 -11.8 120.5 -181.3 -373.8 357.9
2853.1 51 -13.9 -176.8 -62.9 -23.4
112.9 266 264.8
510.6 -3.6 87.9 -35.9 145 -96.4
1870.9 -26.5 115.4 -198.6 -369.7 384.6
2945.4 16.9 -55.5 -216.5 -53.3 47
121.2 262.8 250.4
517.8 -5.7 97.6 -37.5 156.6 -90.2
1922.4 -39 59.6 -181.6 -317.8 367.7
3036.8 -22.5 -80.1 -228.1 -28.7 112.1
120.9 253.9 237.3
524.7 -3.8 95.1 -29 165.8 -90.7
1971.2 -48.6 2.8 -158.1 -264.2 328.8
3117 -39.2 -87.4 -231.3 2.6 141.4
133.3 257.4 242.8
537.1 -18.5 117.3 -41.6 182.6 -97.7
2009.5 -56.9 4.1 -174.3 -237.3 298.6
3188.3 -46.1 -65.6 -253.2 15.3 123
140.3 263.9 242.9
541.9 -28 123.2 -47.6 185.5 -101.4
2025.9 -58.5 4.5 -172.3 -241.2 285.7
3218.3 -48.6 -62 -249.5 4.7 132.4
151.7 287.4 251.9
550.4 -36.3 141.9 -53 192.1 -97
2044.6 -80.5 16.8 -156.3 -232.5 270.9
3254.4 -66 -41.6 -244.3 17.8 132.5
160.5 303.1 251.7
559.9 -34.9 158.5 -49.3 200.7 -90
2052.3 -69.9 59.5 -163.6 -267.9 270.7
3277.2 -25.5 -28.4 -236 -2.2 117.5
winner is: 4
