Regression analysis information for: argentine_match_interrogative-total-yn_Maria-bebe-el-vino
number of formants: 3
number of coefficients: 5
93.1 214.7 194.5
479.6 66.9 46.8 -36.2 56.1 41.9
1629.3 77 -179.5 150.2 -203.9 -67.7
2402.3 -26.4 -124 6.8 -167.8 -72.1
93.4 187.4 162.9
475.8 52.4 41.6 -48.9 45.3 35.8
1665.2 89.2 -159.4 142.5 -252.6 -93.5
2459.5 34.5 -66.1 41.8 -178.1 -80.3
95.2 185.1 151.2
479.8 64.1 54.5 -40.1 54.1 46.6
1697.6 119.4 -138.4 133.1 -282.2 -127
2502 53.3 -25.4 50.7 -177.4 -83.5
96 189.5 148
478.6 77.8 59.9 -31.3 58.1 55.9
1701.5 115.6 -139.6 151.3 -278.8 -107.2
2525.9 55.3 -11.8 64.4 -180.6 -68
96.8 193.3 153.3
478.3 73.8 65.7 -35.9 60.2 56.4
1703.9 93.7 -136.1 157 -265 -87.8
2546.2 31.8 2 59.7 -166.9 -62.4
96.7 203.1 175
482.1 78.1 78.9 -31.8 71.5 63.8
1705.9 83.6 -124.5 156.7 -246.9 -68.6
2555.4 29.8 25.9 51.7 -142.7 -46.1
95.7 211.1 201.4
481.3 79.9 82.8 -32 78 62.7
1702.9 87.3 -122.8 151.1 -243.8 -69.6
2552.8 43.2 20.2 50.4 -120.4 -59.3
91.2 224.3 236.1
495.7 102.2 115 -13.5 108.6 76.2
1724.2 97.1 -78.4 148.4 -215.9 -83.1
2579.9 50 82.3 54.5 -36.4 -73.6
92 230.5 233.9
500.1 105.7 128.1 -10.7 121.8 76
1727.9 106 -48.4 146 -199.2 -119.5
2596.3 34.6 158.4 52 22.1 -118.1
92.4 223.4 214.9
507.2 111.4 142.5 -4.8 133 80.2
1733.1 110.9 -24.8 151.7 -192.4 -143.7
2610.2 68.5 204.2 72.9 27.2 -141.8
92.2 216.7 213
512.7 122.3 151.1 5.5 140.4 90.7
1753.1 121.4 -21.1 164 -196.6 -129.9
2640.4 85.2 215.4 83.8 40.4 -117
92.2 213.9 207.4
521.6 133.8 163.9 17.1 151.2 106.5
1783.2 136.3 -23.9 171.5 -198.8 -99.8
2707.2 79.2 238.9 70.2 55.2 -70
92.2 205 181.1
522.7 132 159.6 14.2 145.4 107.9
1814.3 126.3 -49.3 160.8 -227.3 -81.5
2811.6 6.3 234.7 3.3 -1 12.6
93.4 199.5 184.6
525.1 146.4 158.6 25.6 145.3 121.2
1841.7 142.8 -75.6 181.8 -252.6 -39.9
2878.1 17.8 191.4 -25.4 -33.3 67.8
94.5 197.3 186.3
528.5 147.7 161.7 24.8 148.2 121.9
1862.6 139.6 -79.8 169.6 -249.1 -41.7
2928.7 22.5 165 -49.8 -40.8 80.4
95.7 202.2 194.2
529.3 147.6 162.3 22.7 150.1 119.4
1875.6 132.1 -80.8 158.7 -240.7 -56.1
2959.6 22.5 155.8 -57.6 -40.5 80.4
97 224.3 220.3
533.4 143 170.2 16.2 158.2 112.6
1891 115.1 -67.2 142.8 -222.6 -74.1
2993 0.1 180.3 -71.3 -13.5 67.3
95.5 235.5 231
530.3 154.4 166 21.4 159.6 110.3
1893.1 126 -76.9 148.2 -220.2 -81
3015.4 4.3 191.8 -68.2 6.3 62.4
97.8 257 248.2
533.5 152.5 172.2 17.6 165.9 104.6
1908.8 109.7 -59.5 128.9 -195.5 -106.3
3038.6 -6.3 214.4 -87.1 36.2 44
100.2 282.7 269.8
538.2 145.1 179.9 8.6 171.7 97.6
1939.1 79.9 -38.2 101.1 -175.1 -126.8
3075.5 -13.9 229.2 -124 66.7 29.9
winner is: 3
