Regression analysis information for: argentine_match_interrogative-partial-wh_Cuando-vendia-el-carro
number of formants: 3
number of coefficients: 5
81 155.2 214.8
568.7 -44.1 79.6 28.9 -7.3 6.1
1426.6 -45.9 -284.4 26.7 95 -5
2349.8 -45.7 -38.3 -11.6 -19.1 2.2
87.3 157.1 212.9
559.7 -39 68.4 36.1 -11 8.2
1436.6 -45.5 -305.7 33.5 102.5 -12.4
2402.3 -16.9 -62.5 -20.6 -8.6 -3.3
92.4 161.6 214.3
550.8 -32.1 62.4 43.6 -11.9 9
1434.5 -46 -322.8 55 111.8 -21.7
2428.5 -3.1 -84.1 0 13 -26.2
95.1 166.1 214.4
551.7 -31.1 55.9 51.5 -18.2 2.4
1431.8 -44.2 -325.2 81.1 108.4 -43.1
2450.5 -1.8 -93 34.5 1.2 -47.7
94.1 162.8 197.6
548.5 -26.1 55.4 52.9 -18.3 4.3
1441.8 -43.8 -346.8 86.8 138.3 -51.8
2483.4 9.5 -117.7 52.9 43.1 -49.3
95.8 152.5 185
549.4 -23.7 54.4 55.5 -19.6 5.7
1454.8 -28.6 -367.9 84.1 142.4 -38
2510 15.2 -116.3 53.9 45.8 -47.8
99.9 159.9 184.1
557 -22.5 67.8 55.7 -8.5 11.2
1485.3 -26.2 -351.8 61.8 170.8 -21.9
2559.7 26.9 -91.3 41.9 81.8 -42.5
98.2 172.5 175.1
565.6 -35 84.7 48.2 -0.5 9
1521.1 -46.4 -303.6 32.2 194.2 -20.5
2593.9 28.9 -60.9 16 109.1 -36.2
97.5 181.2 168.2
571.8 -42.4 93.9 42.6 2.8 8.5
1545.8 -72.6 -264.9 1.5 223.3 -37.2
2625.7 14.7 -23.2 -11.8 157.4 -35.1
96.5 191.4 165.7
577 -53.5 105 37.3 5.4 6.4
1570.6 -102.2 -221.9 -14.9 238.4 -43.2
2667.6 31.8 18.5 -19.2 181.6 -39.4
93.5 188 162.4
578.4 -60.3 106.1 33.7 -1.1 2.9
1582.9 -103.8 -225.8 -23 226.8 -40
2694.3 55.5 32.6 -14 173.5 -48
94.7 191.1 162.8
579.3 -58.4 109.7 37.7 -1.2 3.1
1591.2 -91.5 -215.3 -1.4 230.9 -38.6
2717.3 69.1 45.3 -3.5 155.4 -64.6
93.9 208.7 166.6
580 -59.5 111.8 40.6 -5.3 3.4
1627.2 -102.4 -167.4 17.8 244.4 -37
2750.7 96.3 62.5 16.7 145.2 -71.6
97 212.4 180.5
584.6 -64.6 108.8 44.3 -5.4 -1.1
1651.4 -115.9 -166.2 34.2 245.5 -52.9
2788.3 101.7 54.8 21.2 114.5 -105.1
107.1 214.4 189.4
594.8 -68 103.1 56 -1.3 -7.4
1679 -95.9 -170.9 82.2 258.6 -56.3
2841.8 136.9 68.8 57.2 115.9 -116.3
114.8 220.2 208.3
602.5 -82.6 87.9 63.7 -15.9 -17.9
1707.5 -92.6 -200.5 109.6 241.7 -66.9
2891.5 97.8 44.6 69.8 72.4 -147.7
120.4 243.9 233.9
616.7 -74.5 103.2 74.3 -12.9 -7.2
1752.5 -76.6 -181.7 118.2 224.3 -31.9
2952.3 92.8 59 113.2 58 -122.3
123.9 259.8 253.5
624.9 -77.9 106.2 75.7 -18.2 -12
1774.5 -70.5 -185.8 110 216.4 -29.1
2986.4 94.4 57.5 127.3 54.8 -102.7
132 264.8 293
634 -87.4 105.9 83.6 -17.9 -13.5
1788.7 -80.8 -197.5 118.3 221.9 -28.2
3028 57.6 53.1 124.7 72.1 -109.2
135.8 263.4 333.5
640.6 -95.8 104.8 92.3 -29.4 -14.8
1793.8 -170 -231.6 114.1 189.4 -58.2
3070.3 11.5 40.7 146.2 62.6 -127.4
winner is: 6
