Regression analysis information for: argentine_match_interrogative-partial-wh_Por-que-hablaba-del-agua
number of formants: 3
number of coefficients: 5
70.4 265.2 265.3
562.5 -38.9 -7.6 -32.2 35.6 -4.3
1344.9 178.6 -36 -68.3 -197.1 -26.4
2234.2 97.4 65.8 1.5 -123 66.2
70.3 253.9 186.2
565.9 -39.6 -5.7 -31.6 36.7 -5.4
1378.6 171.3 -59.3 -39.5 -203.9 -62.6
2325.2 71.2 -37.5 37.8 -45.8 7.7
70.2 242.9 154
566.1 -39.3 -6.6 -32.2 35.8 -9.4
1412.4 153.7 -87.6 11 -225.4 -99.2
2372.7 51 -73.3 89.3 -54.9 -41
69.9 243.2 151.8
563.8 -40.8 -11.1 -33.8 34 -15.2
1422.8 152.7 -100.1 32.5 -235.8 -110.6
2387.6 42 -80.7 105.8 -59.3 -47.3
67.9 247.3 149.3
560 -41.9 -16.7 -39.2 28.2 -23.5
1419.1 169.6 -109 28.6 -244.3 -127.5
2398.5 55.2 -80.2 107.9 -66.2 -58.1
67.2 251.1 143.2
557.8 -38.1 -18.1 -40.7 26.8 -27.5
1419.5 191 -105.4 25.7 -247.2 -143
2405.6 58.8 -86.2 107.4 -77.8 -67.4
67.3 254.6 146
555.5 -37.2 -18.8 -43.1 25.7 -29.8
1423.2 204 -95.7 24.3 -248.5 -149.2
2414.9 68.2 -81 110.3 -84.2 -76.3
82.8 270.5 154
568.7 -10.8 10.7 -19.3 51.6 -7.1
1439.4 253.7 -58.3 48.8 -230.6 -147.3
2442.3 105.8 -34 135.6 -63.4 -70.2
86.7 272 152.3
573.5 -9 21 -18.9 53.3 -8.3
1442.7 270.6 -43.1 57 -240.9 -165.3
2461.4 135 24.4 167.5 -21.5 -59.9
91.4 279.5 155.9
579.6 -2.2 34.1 -13.9 63.5 -2.6
1456.1 271.2 -15.7 58.8 -234.6 -153.6
2478.7 130.2 75.7 165.5 0.1 -48.6
99.6 284.8 171.8
585.8 8.4 42.2 -7.5 70 1.7
1482.9 263.6 5.3 56.5 -246.3 -130.4
2527.6 117.1 123.6 154.7 6.8 -19.6
100.7 297.4 203.6
589.6 -1.7 45 -15.8 74.5 0
1527.4 210.3 43.8 19.2 -245 -111.6
2605.8 71.1 184.8 106.1 23.2 -24.5
98.6 303.3 222.3
593.5 -26.4 43.7 -36.1 73.2 -9.6
1571.3 168.8 65.5 -9.9 -251.4 -98.1
2674.5 25.4 201.4 67.9 8.5 -45.5
97.1 291.1 235.2
608.1 -41.1 51.2 -56.1 62.9 -21.7
1644.9 64.4 108.5 -69.1 -252 -59.2
2765.1 -78.8 245.1 30.9 -1.1 -41.2
117.2 293.7 237.1
631.6 -11.4 78.3 -38.7 77.6 -7.6
1707.4 78.1 137.7 -61.4 -215.3 -18
2827 -78.7 284.7 29.8 49.9 -35.6
121.9 293.1 242.3
640 -6.4 79.9 -42.6 74.1 -12
1746.6 62.5 148.7 -47.7 -192.9 -20
2866.7 -91.1 299.4 29 62.5 -55.2
119.2 294.9 243.1
640.9 -13.5 75.2 -52.3 68.4 -23.1
1775.6 38.2 144.8 -41.9 -180.4 -29
2895.6 -116 303.3 32.2 56.6 -64.8
131.1 313.9 270.4
652 9.9 98 -21.7 98.6 8.6
1820.2 59.5 163.2 4.2 -138 3.6
2940.2 -108.4 342.7 75.2 90 -13.5
122.2 322.7 273.4
641.2 -9.6 82.7 -28.9 94 4.4
1825.7 54.4 147.2 20.9 -150.7 -7.1
2964.3 -133 340.2 78.6 81.1 -36.8
127.7 350.4 306.4
644.9 6.4 89.5 -13.5 102.9 15.2
1839.5 93.4 143.4 72.3 -166.1 0.9
3001.4 -121.6 332.5 133.8 74.7 -39.4
winner is: 6
