Regression analysis information for: argentine_match_declarative-broad-focus_Emilio-ama-la-marcha
number of formants: 3
number of coefficients: 5
88.3 293.8 280.8
530.4 -108.7 -7 26.9 48.2 50.2
1478.9 122.1 104.8 -68.7 -64.8 46.6
2299.3 181.8 45.7 -41.6 -161.6 41.2
86.9 255.3 246.7
537.5 -120.7 5.4 21.9 53.2 31.2
1553.8 180 175.6 -86.2 -82.1 -49.7
2373.6 130.6 127.7 -84.8 -63 6.8
88.6 225.5 180.7
554.4 -124.8 -0.6 18 63.5 23.7
1606.1 227.4 194.1 -85.2 -95.1 -92.1
2459.2 67.1 133.9 -96.9 -15 -0.6
89 228.1 157.7
560.5 -134.7 4.1 14.3 70.7 6.7
1625.7 229 191.2 -76.5 -94.2 -112.9
2507.1 38.2 151.5 -103.2 -14.2 -11.8
89.6 233.7 151.2
564.5 -134.3 -2.6 11.3 76.3 6.8
1643.6 238.3 177.7 -71.6 -89.8 -116.8
2545.6 37.8 157.3 -122 -15.9 -14.2
91.3 232.3 152.8
559.2 -126 -6.3 12.7 75.2 13.9
1651.3 255.7 193.4 -68 -106.6 -142.1
2563.2 53.4 173.7 -132.3 -28.3 -37.4
94.1 241.5 165.9
557.3 -122.1 -3.2 24.3 76.7 16.5
1657.4 264.5 197.9 -60.1 -105.4 -141.5
2576.1 77.2 174 -128.7 -41.8 -42.6
92.8 253.7 187.9
552.7 -128.9 -16.9 32.8 68.3 9.5
1667.8 249.3 197.4 -72.7 -98.7 -155
2575.2 102.6 166.3 -122.5 -61.7 -48.7
90.5 269.7 211.7
549.8 -135.8 -20.9 46.8 66 9.2
1659.7 237.9 189.4 -77.5 -107.7 -127.1
2581 88.5 187.3 -121.4 -75.8 -37.4
90.9 268.8 212.7
548.8 -138.3 -15.9 49.7 66.9 12.4
1642.1 203.2 205.5 -54.1 -89.7 -103.3
2566.4 24.9 240.9 -68.8 -41.3 -40.8
100.3 275 234.3
561.7 -150.3 -10.1 38.2 71.8 31.6
1668.5 184.4 207.6 -72.4 -89.8 -84.7
2608 -23.5 227 -100.4 -34.9 2.3
115.6 272.6 258.8
584.3 -161.5 -3.8 26.6 90.5 45.4
1715.9 189.2 193.3 -105.2 -88.4 -68.4
2707.3 -52.7 233.8 -188.4 -22.8 16.7
130.1 276.9 271.7
613.6 -175.5 11.8 4.2 124.4 66.8
1775.2 212.9 206.3 -147.4 -83.3 -50.2
2836.2 -69.6 227.2 -316.8 -17.2 80.6
137 295.4 271.4
632.5 -182.8 0.4 -18.5 140.3 84
1833 233.6 187.7 -147.2 -64.2 -77.8
2932.8 -70.2 203.6 -354.1 -17.5 86.2
134 307 272.8
629 -194.7 9.4 -25.1 133.6 77.8
1875.1 242.2 193.5 -165.1 -54 -104.5
3016.9 -56.3 198.3 -404.2 -21.1 73.3
134.6 312.3 293.6
631.4 -201.7 6.6 -18.5 130.1 66
1903.6 250.9 209.5 -154.3 -55.7 -123.6
3085.9 -30.3 203.3 -392.8 -47 24.1
148.2 327.4 313.8
639.2 -179.7 7.8 7.6 144.2 77.3
1944.7 255.9 215 -104.6 -51.6 -112
3170.9 -28.8 200.4 -320 -50.9 25.9
163.8 329.2 324.4
648.1 -150 32.5 44.6 159.1 83.6
1955.8 244.8 237.3 -108.4 -46.3 -133.9
3221.9 -38.6 223.3 -278.8 -33.8 -6.3
185.3 339.1 326.5
668.9 -146.9 50.9 75.6 166.4 94.1
1978 225.1 254.1 -84.6 -53.2 -139.8
3264.9 -60.7 220.8 -242.4 -56.1 -3.8
198.5 344.1 317.4
695.3 -126.5 41.6 73 149.4 103
2009.2 236.4 237.4 -89.3 -57.2 -106.5
3331.5 -48.5 202.1 -236.7 -82.9 51.6
winner is: 5
