Regression analysis information for: argentine_mismatch_interrogative-total-yn_Mi-madre-come-la-fruta
number of formants: 3
number of coefficients: 5
90.7 202 213.7
533.9 -54.8 21 -51.1 -3.5 -65.1
1487 98.2 40.5 43.3 49.7 -55
2477.6 -28.9 70.4 23.5 -91.6 -26.7
90.3 199.9 169.7
535.6 -56.1 22.4 -53.3 -3 -62
1506 99 41.6 40.6 43.8 -52.3
2532.5 -69.6 83.3 -10.8 -65.9 -53.3
93.6 202.6 157.8
539.3 -55 29.2 -50 1.7 -51.3
1519 105.5 46.2 45.7 56.7 -47.9
2573.2 -97.4 103.2 -15 -53.3 -48
94.5 213.7 164.6
535.4 -57.6 29.6 -49.9 -1.5 -49
1534.9 105.6 55.9 65.8 47.6 -30.3
2607 -113.4 101.2 0.6 -60.3 -42.3
93.2 217.3 160.7
530.6 -59 26.8 -49.4 -5.3 -50
1532.9 110.8 56.9 64.9 44.1 -33.9
2632.6 -112.7 114.2 -3.7 -68.3 -48.2
98.5 223.6 162.1
531.7 -56.8 25.4 -40.5 -7 -53
1535.3 109.3 54.6 77.1 36.9 -25.6
2662 -107.8 126.4 -3.8 -81.5 -53.5
105.5 229.4 170.4
533.8 -54 24.6 -26.2 2.9 -50.4
1534.6 109.3 56.6 97.8 47.3 -19.9
2683.6 -108.7 136 10 -68.3 -54.3
104.4 227.9 181.7
529.9 -51.5 18.7 -29.8 2.8 -51.4
1532.3 94.4 46 108.3 47.2 -26.4
2692.2 -118.6 141.8 12.1 -60.6 -71.7
107.2 224.6 199.8
530.8 -43.4 14.6 -29.6 7.9 -51.6
1531.5 83.9 32.8 116.8 59.3 -34
2697.1 -107.5 123 29.9 -32.9 -106.2
109.7 228.8 203.1
535 -46.1 8.8 -22.9 7.4 -60.8
1545.8 74 24.7 137 64.1 -42.7
2709.8 -130.1 116 68.6 -39.8 -143.2
114 238.3 213.9
540.1 -46.9 6.4 -22 9 -62.5
1573 87.5 31.9 149.6 70.9 -29
2760 -152.2 129.1 71.1 -43.5 -118.3
121.8 252 227.9
547.6 -43.9 10.8 -9.6 17.7 -60.9
1596.4 95.1 23.3 148.6 68.2 -26.2
2825.7 -165.1 109.1 49.3 -56.4 -85.3
132.8 258 245
573.6 -16.8 23.1 5.1 24.2 -67.2
1662.4 170.9 70.3 196.3 93.8 -11.1
2917.8 -120.4 110.7 47.3 -49.2 -61.6
132.6 279.2 258
586.9 -6.7 26 9.5 25.2 -67.4
1738.2 174.1 24.3 224.1 64.1 2.5
3008.9 -81.1 72.7 41.3 -41.4 -34.8
141 273 251.6
600.2 -5.9 4.3 -5.5 22.2 -69.6
1845 226.7 -30.5 217.9 46 24
3098.8 -25.9 54.6 25.9 -34.9 -27.7
153.1 295.1 259.2
623 -19.3 4.2 4.7 12.2 -62.7
1913.6 186.5 -53.6 280.1 -14.6 35
3173 -47 30.8 52.5 -41.9 -14.7
170.9 316.9 273.5
648.1 -33.9 -21.9 -4.6 12.4 -43.8
1963 164.5 -106.3 279.5 -29.1 46
3247.3 -46.9 -16 39.2 -24 7.9
184.7 336.8 279.3
662.4 -60.2 -25.8 5.2 -0.4 -40.4
1995.9 141.8 -107.4 301.4 -45.3 59
3300 -51.3 -5.7 59.5 -24.6 -4
187.9 355.3 289.5
663.4 -65.7 -21.8 2.7 9.8 -44.7
2007.5 109.7 -100 298.5 -36.3 45
3321 -70.9 5.5 54.7 -7.3 -13
213.9 370.6 308.9
682.1 -32.8 19.4 13.9 50.9 -29.1
2040.7 117.7 -63.8 294.8 -18 72.6
3357.2 -59.2 40.3 58.6 32.1 27.8
winner is: 3
