Regression analysis information for: argentine_mismatch_declarative-broad-focus_Mi-madre-come-la-fruta
number of formants: 3
number of coefficients: 5
103.4 196.1 211.3
522 -47.1 -13.9 -88.3 21.1 -66
1468.7 39.7 -62.9 -7.8 15 -2.8
2387.3 181.8 -186.7 55.8 -144 42.2
108.3 208.4 191.2
528.9 -45 -12.4 -87.9 29.5 -64.4
1494.6 66.4 -27.5 6.7 25.1 -2.4
2479.8 59.4 -74.3 -17.1 -88.5 42.2
111.8 217.5 161.4
531.8 -38.8 -6.9 -85.2 35.4 -63.5
1526.3 110.7 12.6 28.4 37.4 -6.4
2528.5 24.8 -23.9 -42.1 -68.6 37
114.7 219 149.3
534.7 -41.9 -8.3 -77.5 31 -68.3
1534 104.2 6.5 33.5 33.6 -9.4
2563 -5.7 -7.2 -46 -72.9 35.4
128.5 226.9 156.6
542.2 -40.6 2.5 -66.2 33.6 -59.2
1544.1 105.6 11.9 45.8 35.4 -3
2585.8 -8.4 5.6 -34.7 -81.7 53.2
139.1 234.3 162.8
543.3 -31 2 -51.9 37.2 -57.2
1551.4 124.7 17.8 71.6 43.9 -3.5
2599 12.3 -11.8 6.3 -90 52.9
158.4 249.6 173.3
556.1 -23.1 17.2 -27.1 36.7 -42.7
1572.4 129.2 17.8 107.1 46.3 -16.4
2631 13.6 4.5 45.6 -90.2 62
178.9 254.3 184
571.4 -4.3 45.9 -1.5 50.8 -24.5
1583.8 148.2 44.3 134.8 60.3 -6.2
2648.4 30.2 43.1 72.8 -63.2 73.6
197.5 255.8 190.3
580.5 -0.9 62 12 61.3 -13.5
1598.7 150.7 63.6 163.1 53.8 -13.5
2668.6 5.4 83.5 93.2 -44.3 70.6
217.7 268 207.4
606.1 4.7 74 40 48.6 -9
1630.2 155.1 77.6 201.8 31 -12.4
2718.3 -5.4 113.6 112.9 -42.4 57
224.1 262.7 223.8
627.3 31.4 96 54.8 54.8 -10.5
1657.7 177 93.1 220.8 32.4 -5.7
2763.3 15.2 127.4 117.9 -37.2 52.2
226.5 260.1 237.4
642.9 43.7 105.1 73.5 58.7 -5
1682.2 177.8 80.3 225.2 34.4 15.2
2821.9 26.9 116.7 145.8 -31.3 70
232.9 259 243.7
661 42.4 87.7 77.4 81.2 -3.6
1747 187.7 19.1 230.4 81.6 35.5
2894.4 15.4 35.5 147 6.6 92.3
242.4 263.3 239.6
680.3 51.2 85.8 91 91.4 -0.2
1810.6 223.8 0.9 248.7 112.9 57.3
2944.9 29.4 26.9 158 12.3 115.2
251.3 268.4 251.5
697 53.7 81.1 98.2 82.5 -3
1851.4 228.4 -31.1 249.2 118.6 58.6
3000 48.2 31.6 184.5 8.3 129.1
268.9 283.1 280.7
724.5 43.5 110.2 114 82.5 25.3
1887.3 210.7 -13.1 271.8 113.1 92.3
3058.9 46.8 69.6 218.8 16.3 169
283.7 314.9 306.6
731.7 -4.3 112.6 101.3 41.1 29.3
1914.5 158 -9.6 278.6 69.1 110.4
3095.8 -1 78.8 226.7 -20 180.5
291.1 328.6 326.7
731.4 -14.6 129.4 96.5 33.1 32.7
1915.2 157 12.2 283.6 53.4 125.8
3117.9 0.5 105.3 247.7 -15.6 191.6
289.9 357.5 346.5
728.1 -31.3 117.2 78.1 25.4 13.8
1907.8 159.3 2.1 273.7 49.4 88.8
3136.6 -35.8 77 257.1 -32.5 160.8
292.1 357.3 364.9
744 -11.9 145 84.2 44.1 23.6
1917.7 186.1 45.8 288.5 50.1 98.4
3159.7 -9.7 93.6 262.6 12.7 159.9
winner is: 4
