Regression analysis information for: argentine_mismatch_interrogative-total-yn_El-hombre-mira-la-luna
number of formants: 3
number of coefficients: 5
72.5 145.6 144.8
525.7 -41.7 51.7 -35.7 35.6 -11.5
1581.4 113.7 36.1 35.6 238.4 95.9
2467.3 -8.3 81.2 -16.3 152 -11.4
73.2 140.4 124
525.4 -43.8 51.4 -34.2 32.7 -7.7
1596 122.4 33.7 24.8 223.1 93.6
2501.5 -9.7 87.2 -11 129.7 -1
75.5 139 113.7
523.5 -47.8 52.2 -30.7 29.8 -5.7
1600 117.5 32.3 30.5 221.5 98.5
2530.5 -24.2 94.2 4.4 118.8 11.3
77.7 141.8 112.2
520.2 -51.5 52 -26.5 26.7 -5.6
1598.5 109.2 27.1 33.3 218.4 103.5
2554.1 -46.2 107.9 12.2 101.4 24.1
79.7 146.6 102.9
518.4 -52.6 53 -20.9 26.4 -4.7
1599.2 101.6 25.9 37.8 216.3 102.9
2586.8 -89.6 129.3 0.2 107.8 16.6
80.9 151.8 110.1
514.5 -52.8 50.9 -17.6 24.9 -6.9
1599 98.9 27.9 44.1 216.6 98.4
2607.7 -108.8 137.2 -9.3 122.8 14.2
83.2 156.9 123.5
512.4 -50.9 52.8 -12.6 27 -7.9
1602.1 97.2 37.4 50.7 223.3 95.8
2626.8 -118.1 159.3 -3 141.2 25.6
81.1 155.6 146.1
506.3 -39.5 47.2 -6.4 28.7 -12.1
1606.9 116.8 42.5 61.8 231.2 99.2
2625.7 -104.7 164.8 15.9 152.2 35.9
83.6 151 151
503.9 -31.9 42.3 0 27.2 -15
1623.4 114.1 52.9 77.9 218.2 102.6
2633.5 -92.7 163.7 40.2 141.1 29.4
81.9 139.1 143.8
501.2 -22 34.4 8.1 23.1 -16.6
1629.3 142.5 46.4 83.7 211.3 106.6
2632.6 -34 142.8 36.6 150.2 -9.2
83.5 137.2 143.2
505.6 -24.6 36 10.8 19.9 -14
1640.7 156.4 49.4 70.1 218.6 113.2
2679.9 -23 161.9 18.6 141.8 0.2
86.3 146.5 147.7
513.9 -37 47.9 1.6 25 -12.3
1667.6 146.8 53.1 52.8 220.3 121.6
2757.2 -39.8 196.7 -12.8 127.6 26.8
89.3 157.9 160.5
518.7 -43.4 52.9 -4 25.2 -13
1692.9 136.9 41.8 54.8 222 116.1
2854.1 -82.6 235.3 -22 90.4 74.5
87.5 166 188.7
528.2 -21.2 48.1 -8 -5.4 -38.2
1731.8 179.9 15.9 67 181 61.3
2953.1 -43.8 244.8 -18.9 32.3 57.3
100.3 187.5 204.8
546.5 -37.8 68.1 -19.1 -11.9 -42.9
1810.2 115.2 0 110.5 121.8 42.7
3053.5 -80.6 217.8 23.1 22 58.8
111.5 197.7 212.6
557.6 -29.8 76.5 -9.6 0.2 -33.1
1847.5 124.7 -1.5 134 128.4 35
3106.7 -67.6 202.3 48.7 85.9 44.1
121.1 212.6 220.8
564.4 -27.7 54.3 -12.6 9.1 -17.9
1870.2 131.2 -26.2 152 132.9 21.6
3157.1 -59.5 178.7 62.6 110.7 34.7
117.2 219 224.8
554.1 -40.5 43.4 -32.3 7.7 -33.4
1873.8 117.9 -38.2 142.6 154.1 18.8
3191.8 -44.6 180.2 52 125 -1.3
139.5 253.3 244.9
571.3 -24.8 53.7 -44.2 51.5 -21
1890.6 148.7 -27.9 101.4 214.2 33.7
3234 -21.2 182.5 37.2 164.8 -3.7
176.8 281.3 263.2
600.6 -0.2 105 -33.3 94.8 -5.2
1920.8 176.7 18.2 82.6 264.5 43.1
3265 2.5 225.6 25 211.3 -5.2
winner is: 3
