Regression analysis information for: argentine_mismatch_interrogative-total-yn_El-nino-oye-el-rio
number of formants: 3
number of coefficients: 5
74.3 279.8 154.6
489.4 -0.4 -0.7 -6.6 49.3 34.7
1681 205.6 -28.5 179.7 -168.8 30.4
2523.1 162.7 21.4 58.2 -79.3 -52.1
75.6 265.8 132.4
488.5 -0.9 -1.1 -4.8 46 31.5
1710.5 242.1 -28.5 154.2 -203.8 21.2
2549.1 157.4 26.9 52.1 -84.7 -24.8
77.7 238 135.2
492.2 -2.8 -6 -5.2 44.1 24.9
1747.7 270.6 -23.5 120.9 -239.3 -1.7
2587.5 148.6 19.8 34.5 -61.1 -19.7
81.3 235.7 145.1
490.2 -3.5 -18 -8.6 47.9 26.3
1761 291.8 -31.8 108 -261.6 -11.3
2603.8 154.9 26.7 32 -76.3 -23.7
80.2 237.2 153.7
483.6 -8.2 -14.1 -3.7 44.6 18
1774.4 296.9 -40.2 104.7 -268.1 -23.1
2630 156.6 22 15.8 -84.1 -25.3
82.4 255.4 166.8
482 -17.2 -17.5 -4.9 50.1 18.3
1789.7 279 -45 110.3 -251.9 -33.7
2679.6 141.6 4.6 6 -76 -53.2
84.3 268.7 183.2
483.5 -22.1 -22.5 -9.9 58.1 21.8
1813 250.9 -45.6 100.9 -217 -43.6
2707.1 125.9 -6.3 -6.2 -40.8 -53.8
88.1 288.6 197.7
482.9 -22.7 -32.3 -19.9 68.5 36.7
1812.5 250 -71.5 109 -187.9 -32.6
2724.7 138.4 -33.3 -4.3 -16.7 -65
108.6 324.3 238.9
503.8 -12.1 -43.6 -15.8 103 61.6
1843.8 240.3 -49.4 80.3 -109.1 -48.6
2774.3 126.5 -5.3 -46.5 49.2 -86.6
127.8 336.3 246.6
519.3 -13.5 -63.3 -13.7 131.6 73.8
1859 211.5 -63.9 77 -64 -54.1
2783.1 89.6 -10.1 -40.2 102.7 -111.5
143.7 341.2 246.6
531.6 -12 -77.2 -37.5 144.7 98.9
1883.4 193 -68.5 46.9 -33.2 -29.5
2794.9 50.9 -7.5 -51.3 150.1 -89.5
160.3 330.3 255.8
546.7 -13.6 -91.8 -50.4 158.3 120
1942 207.8 -73.5 2.1 -60.1 -45.9
2840.6 29.9 -24.2 -67.8 147.6 -97.8
180.9 324 282.2
565.1 -6.7 -108 -67.9 173.3 148.4
2010.6 173.6 -45.9 -17.8 -72.2 -25.3
2931.9 10.3 -4.2 -76.1 136 -70.6
201.2 314.1 272.3
588.8 -12 -127.4 -54.8 193.6 146.4
2085 108.9 -26.3 -30.9 -75.4 7.1
3060.2 -64.9 13.6 -84.8 58.9 1.6
215.3 309 250.9
603.9 -8.2 -140.4 -59.1 213 159.9
2135.2 97.9 -49.1 -35.6 -58.6 11.3
3165.5 -110.7 3 -70.2 -4.1 68.2
244.4 315.5 245
634.9 -11 -171.8 -48.6 214.2 179.9
2189.5 96.2 -78.3 -26.1 -29.3 -5.8
3273.2 -79.4 -68.6 -91.4 -4.1 63
277.7 329.9 235.3
656.9 -4.1 -201.6 -32.9 230.6 204.4
2230.9 118.1 -119.5 -17.4 9.9 -19.1
3356.1 -57.9 -131.5 -91.6 47.8 52.9
273.6 335.9 225.4
643.8 -1.8 -193.4 -19.4 238 191.6
2231.9 143.5 -119 1.2 21.7 -59.9
3371.1 -54.9 -119.3 -79.8 66.6 25.7
301.9 360.8 257.7
667.5 31.9 -180.5 2.4 241.8 182
2255.1 175.7 -129.6 31.6 48.6 -90.6
3402.5 -40.2 -133.6 -46.8 118.3 17.1
355.8 368.1 271.9
703.1 87.7 -148.3 30.9 226.6 129.3
2273.8 201.6 -121.4 69.1 53.7 -137.8
3425.4 -20.8 -116.2 -3.2 129.9 -5.2
winner is: 3
