Regression analysis information for: argentine_mismatch_interrogative-partial-wh_Por-que-desayuna-muy-bien
number of formants: 3
number of coefficients: 5
94.6 254.3 192.2
502.2 62.8 -36.7 -0.8 33.9 39.6
1593.5 -65.1 40.8 -126.5 -206.3 119.2
2363.7 0 95.4 -143.6 -107.7 163.9
92.3 203.6 160.5
509.7 54.2 -35.8 13.7 32.3 27.1
1656.4 -106.8 75.8 -183.7 -182.9 83.3
2442.4 -17.9 93.7 -155.8 -78.4 131.8
102 203.1 157.8
520.3 46.4 -49.9 11 40.4 30.2
1671.2 -105.3 63.3 -198.3 -192.6 86.5
2460.1 -2.6 69.5 -141.2 -96.4 139.2
125.9 223 165.2
528.7 48.3 -75.7 1.5 60.7 43.9
1687.5 -106.5 29.3 -200.6 -193.4 96.5
2490.8 -2.9 32.1 -143.5 -86 140.9
145.1 228.2 166.1
531.7 63.5 -107.3 -9.9 68.1 73.2
1708.4 -114.1 20.1 -215.1 -188.3 91.9
2532.3 -19.8 4.7 -165.6 -48.2 119.4
149.2 235.4 181.4
528.3 67.8 -115.4 -13.6 74.4 79.1
1715 -115.3 19.3 -215.8 -179.8 94.1
2554.9 -36.8 -4.5 -189.1 -23 98.1
155.5 251.8 199
530.6 82.8 -139.8 2.2 72.7 92.3
1737.7 -88.3 17.1 -201.6 -158 110.7
2581.9 -23.5 -14.4 -173.8 -21.7 99.3
168.8 260 198.3
537.3 95.1 -151.8 -18.5 100.4 114.7
1746.6 -56.3 19.6 -226.1 -130.7 131.7
2612.8 3.2 -34.8 -191 27.4 110.9
191 262.8 201.9
562.2 101.4 -180.1 -8.3 114.4 124.9
1776.4 -45.4 7.5 -208.4 -124.9 136.7
2654.6 9.1 -41.3 -145.2 59.2 126.3
219 272.1 213.7
591.3 104.8 -190.9 -10.6 142.5 135.7
1803.1 -29.8 11 -201.4 -101.6 151.6
2685.4 22.6 -35 -125.8 119.5 162.3
212.1 270.9 215.7
592.7 110.1 -216.4 27.5 122.4 123.4
1823.1 -11.2 -10.1 -174 -104.9 144.4
2721.4 54.7 -71.5 -82.6 113.9 153
224.4 274.4 224.4
611.6 113.3 -248.3 13 139.7 137.9
1843.8 -6.6 -42.3 -191.6 -96.2 132.5
2785.3 88.1 -119.9 -69.8 127 110.3
233.6 279.7 240.6
624 119.5 -267 -8.6 132.7 136.9
1867.8 -8.8 -62.2 -199.5 -110.8 124
2860.8 136.2 -148.7 -78 58.4 21.8
239.3 289.7 263.3
638.1 132.6 -285.1 -24.6 141.6 150.8
1917.3 5.1 -86.5 -213.3 -86.8 144.5
2941.8 176.6 -166.6 -90 19.9 -11.2
273.7 294.7 288
680.5 137.9 -270.7 -66.6 141.2 125.5
1960.6 -31.2 -82.8 -228.6 -104.8 148.6
3046.1 141.7 -140.4 -109.9 -49.3 -6.7
286.6 287.3 291.5
708 136.9 -274.2 -83.4 146.7 123
2018.6 -36.8 -82.5 -245.1 -122.9 163.6
3138.1 101.9 -115.6 -154.2 -82.7 28
328.5 307.7 308.2
744.7 96.3 -236.7 -137.1 196.4 106.3
2069.7 -46.1 -40.2 -282.6 -74.9 177.7
3221.8 27.9 -41.6 -212.3 -37.9 32
371.4 336.3 349.4
804.8 31.9 -188.1 -207.6 252.2 54.6
2131.5 -82.2 -25.9 -327.3 -29.7 143.3
3323.2 -47.7 -11 -286.6 25.9 -17.9
375.3 359 371.3
813.4 1 -119.9 -272.2 317 32.8
2176.1 -75.6 25 -355.7 17.1 122.2
3398.4 -56.4 60.1 -350.4 75.9 -65.9
379.6 391.2 420.6
830.9 5.1 -141.9 -251.8 351.1 25.1
2218.6 -41.7 8.8 -360.4 40.9 119.4
3486.3 6.4 32.1 -366.5 138.4 -58.3
winner is: 2
