Regression analysis information for: argentine_mismatch_interrogative-partial-wh_Cuando-miraba-la-luna
number of formants: 3
number of coefficients: 5
79.4 223.8 229
517.6 8.6 1.1 18.3 95.4 -50.7
1452.5 -60 -161.2 -79.7 39.6 112.7
2313.6 62.7 -143.3 34.3 -82.4 102.1
80.5 209.8 203.3
520 9.1 3.6 15.7 96.1 -56.2
1486.6 -51.9 -138.1 -74.9 32.7 85.3
2398.7 95.4 -79.7 15.2 -98.5 29.1
80.6 203.4 195.9
521.5 10.6 7.7 14.9 98.6 -61
1508.9 -40.1 -109.5 -75.4 42.4 79.1
2467.6 107.7 11.2 -24.1 -81.1 -38.2
80.9 204.9 192.8
521.7 12.9 11.7 16.4 103.6 -62.3
1514.2 -36.3 -97.8 -70.5 47.8 78.6
2492 116.2 30.7 -28.3 -75.4 -43.5
81.7 206.6 203.8
520.8 14.3 13.9 18.8 109.9 -62.7
1523.9 -29.5 -83 -60.3 64.5 84.5
2507.3 128.6 42 -29.4 -55.1 -49.4
84 206.9 207.7
524.9 1.8 21.3 15.2 111 -58.1
1532.6 -37.1 -70.1 -60.9 76 91.1
2526.3 119.7 62 -36.3 -45.6 -45.7
89.4 205.9 229.3
534.6 -23.3 36.2 8.6 113.3 -45.2
1530.7 -49.6 -71.3 -58.5 83.8 99.5
2537.9 90 79.1 -39.6 -14.9 -9.9
84.8 209.3 224.5
530.8 -21.2 32.7 8.1 118.4 -48.8
1534 -47.4 -66.6 -53.1 95.3 107.7
2567.2 65.2 117.3 -43.2 18.1 8.7
86.4 212.1 192.1
533.2 -24.7 37.3 7.3 123.8 -51.9
1546.5 -59.3 -50.8 -51.9 105 122.4
2630.7 17.8 197.7 -72.3 54.5 18.4
87 208.7 177.2
535.8 -24.5 39.8 10.5 124.1 -44.9
1558.8 -58.7 -46.9 -51.9 103 126.9
2673.5 -11.7 242.7 -89.7 72.9 23.3
90 206.2 165.8
535.6 -22.4 36.9 11.3 123.2 -46.1
1571.8 -49.6 -46.9 -48.9 96.6 132.5
2702.5 11.7 266.7 -78.9 68.1 43.3
101.3 208.8 175.7
547.4 -44.9 44.9 6.2 110.3 -31.6
1591.5 -58.9 -44.7 -46 80 140.3
2735.5 -4.8 287 -73.6 44.6 60.8
91.7 212.6 178.9
535.8 -29.6 22.9 0.6 111.1 -59.8
1614 -56.6 -71.6 -59.1 54.4 140
2771.7 -3.7 272 -102.5 13.8 53.6
97.6 226.4 177.3
543.4 -7 20.9 2.7 115.6 -58.2
1668.4 -14.3 -95.3 -80.7 22.2 156.1
2879 101 278.2 -138.6 -28.9 80.1
110.4 244.3 186.2
565.3 -6.2 33.4 -6.7 108.2 -56.6
1720.5 -11.4 -97 -77.5 0.7 154.5
2956.8 118.9 278.5 -151 -55 89.9
116.5 245.2 188.6
575 6.8 27.1 -6.9 102.2 -67.7
1759.3 -3.7 -121.5 -60.9 1.7 150.1
3000.9 133.7 240.7 -156.1 -37.4 106.6
133.5 254.5 206.5
591.8 -17.1 36.8 -10.6 107.6 -62.6
1804.5 -20.7 -147.9 -67.9 18.9 144.6
3067.8 120 196.4 -155.5 15.8 115.6
138.9 246.6 200.9
594.9 -25.7 35.6 -4.4 116.5 -67.4
1849.4 -29.9 -209.2 -37.7 72.1 103.1
3141.2 116.9 109.2 -113.9 99 65.8
154.8 264.7 228.9
610.1 -13.3 38.5 7.8 141.5 -44.8
1876.4 -7.6 -198.1 -6.3 115 130.8
3187.7 141.6 106.4 -78.9 130.5 68.9
182.5 294.8 267.5
641.8 -29.7 73.5 9.7 145.4 -6.1
1900.8 -10.8 -159.9 12.5 130.3 157.4
3224.2 136 153.3 -64.6 142.2 97.5
winner is: 11
