Regression analysis information for: argentine_mismatch_interrogative-total-yn_La-maestra-vive-en-Paris
number of formants: 3
number of coefficients: 5
95.6 262.9 285.3
487 90.9 -0.9 -38.5 -45.9 -64
1626.7 -94.4 33.7 -112.4 -94.7 157
2414.4 -82.9 100 -129.4 -39.3 225.8
95.8 225.2 216
500.7 103.1 15.3 -31.5 -39.9 -82.5
1679 -82.2 57.4 -73.7 -58.5 129.2
2514.1 -96.7 123 -65.8 11.5 140.3
96.4 195.3 162.9
507.1 112.1 27.7 -28.8 -37.5 -96.9
1738.7 -126.7 82.8 -38.2 -86.6 152.7
2573.7 -96.8 162.1 -25.9 29.5 128.6
96.7 197.1 149.2
501.4 116.2 24.7 -28.1 -42.9 -93.8
1744.5 -132.1 75.8 -33.2 -98.5 174.5
2602.9 -60.3 163.8 -34.8 -4.2 120.2
95.1 189.2 128.2
500.8 119 27 -25.9 -46.7 -94.7
1766.2 -146.4 82.7 -25.2 -115.8 195.4
2635.3 -49.1 177.2 -44.6 -15.7 107.8
95.4 195.6 136.2
496 124.1 23.2 -24.2 -51.4 -92.7
1772.3 -152.7 89.6 -25.3 -118.2 197.1
2657 -49.7 182.9 -49.8 -29.6 104.8
95.9 205.7 150.1
489.1 125.4 17.9 -23.7 -53.9 -91.6
1779.7 -155 94.8 -27.6 -128.6 201.7
2672.9 -46.2 194.3 -48.8 -40.8 103.5
135.3 231.3 193.2
510.2 71.2 54.8 -56.5 -35.3 -99.1
1812.7 -199.5 143.4 -55.6 -119 183
2714.4 -94.4 242.6 -73.8 -33.9 82.8
188.7 253.2 233
545.7 17.7 115.5 -94.2 -3 -92.9
1841.9 -245.9 213.1 -78.5 -108.9 178.6
2752.8 -141.9 296 -101 -17.4 80.1
213.8 238.9 242.9
568.4 -10.6 149.7 -109.4 11.6 -84
1842.3 -274.1 263 -82.9 -140.1 164.7
2775.4 -182.6 343 -119.4 -25.8 69.9
229.1 244.4 252.5
582.4 -8.6 163.8 -114.6 17.4 -79.9
1854.5 -260.6 270.9 -98.6 -123.5 157.5
2803.5 -182.5 375.7 -165 2.9 54.3
244.6 248 250.9
591.8 -35.3 185.1 -120.9 34.2 -82.6
1869.7 -275.4 258.8 -119.3 -77.7 160.8
2815.3 -212 368.8 -189.5 34.4 61.6
271.5 287.3 276.2
636 -87 248.5 -151.6 49.5 -84.5
1967.3 -349.7 295.1 -171.5 -25.5 177.2
2920 -272.4 425.9 -287.7 85.5 75
277.2 304.1 295.7
654.7 -79.9 276.5 -145.9 65.7 -80.4
2045.6 -370.9 296.1 -187 24.6 210
3049.5 -283.6 370.3 -339.6 174.8 114.2
294.1 309.9 313.3
684.6 -95.7 287 -150.2 73.2 -86.5
2091.2 -352.4 263.8 -172.9 10.3 216
3145 -297.7 343.5 -345.5 142.7 160.1
327.6 327.2 354.2
740.3 -124 302.7 -171.9 71 -103
2173.9 -359.9 252.6 -196.8 -1.7 204.5
3257.1 -313.4 310.3 -355.3 121.6 113.4
366.1 330.3 364.6
764.1 -104.7 278.6 -137.6 34.1 -98.6
2213.9 -347 229.9 -171.1 -16.2 200.2
3349 -310.1 246.4 -301.7 139.1 66.8
395.2 354.8 362.7
797.9 -102.7 283.1 -105.5 26.3 -84.6
2276.8 -369.1 275.8 -187.9 3.9 191.4
3458.8 -320.3 274.9 -290.9 177.1 20.9
397.5 363.7 357.3
819.1 -123.7 297.1 -108.6 20.8 -98.1
2308.9 -393.3 303 -175.3 20.5 173.5
3533.9 -343.4 281.2 -277.9 159.6 -39.3
404.8 372.4 357.2
839.3 -149.1 319 -129.4 12.9 -109.6
2324.5 -411.1 317.7 -173.8 14.5 172.6
3579.2 -366.2 298.7 -287.2 151.4 -38.3
winner is: 5
