Regression analysis information for: argentine_mismatch_declarative-broad-focus_El-hombre-mira-la-luna
number of formants: 3
number of coefficients: 5
76.9 162.2 145.1
497.9 -15.2 33.4 -20.5 53.9 -68.3
1579 106.1 -10.5 101.6 230.1 2.8
2371.1 113.9 -31.7 -23.5 90.9 -33.7
78.9 156 125.3
499.2 -11.1 37.8 -16.6 57.7 -65.4
1594.3 114.1 -4.7 121.1 234.2 11.2
2412.5 106.2 -14.1 20.1 98.9 -25.8
81.7 156.3 127.3
498.3 -7.7 42.6 -10.3 61.3 -62.9
1600.1 117 -5.4 125.2 235.7 16
2429.3 109.9 -10.9 30.5 96.9 -19.3
80.4 158.3 131.8
493.9 -9.2 42.7 -8.1 57.5 -67.4
1603.6 117.6 -11.6 130.9 229.6 20
2438.4 128.6 -14.1 44.5 93.4 -5.5
80.1 161.5 135.3
490.9 -8.6 43.6 -4.6 54.5 -70.2
1608.5 113.6 -12.2 138.4 221.9 18.3
2446.1 141.2 -14.3 55 93.4 3.7
79.3 167.8 127.6
487.4 -9 44.4 -0.4 54.5 -70.4
1616.2 107.5 -7.3 138.7 214.2 14.9
2452.4 145.3 -18.3 49.6 81.4 3.5
78 169.5 130.6
484.3 -11 43.7 0.8 54.5 -71.7
1614.9 98.8 -7.1 136.3 216 9.8
2460.9 121.5 -9 40.1 80.7 0.1
80.3 168.9 137.5
483.7 -13.5 46.6 2.8 53.2 -71.2
1615.5 91.6 7.9 136.9 216.1 1.6
2480 94.4 22.8 27.3 91.3 -8.1
94 175.3 141.7
501.7 -47.4 72.1 -4.4 45.9 -50.5
1631.5 59.2 44.5 144.4 207.9 7.4
2521.3 40 100.7 19.3 100.2 16.8
94.5 170.8 139.2
505.1 -41.7 76.1 2.3 51.2 -44
1645.4 61.4 43.2 155.5 213.4 12.1
2545 39.1 128.3 24.8 118.1 31.9
100.4 179.9 128.1
513.8 -52.4 83.6 -0.2 49.1 -33.6
1673.6 43.4 25.8 147.5 212.1 25.4
2592.3 -17.8 158.9 -14.6 128.8 30.7
104.6 184.1 118.1
523.3 -60.8 87.5 -10.1 48 -34.4
1729.8 58 -23.6 103.3 186 57.3
2636.9 -31.2 135.6 -51.1 99.2 47
109.3 196 145.7
541.1 -48.3 85 -41.5 19.8 -62.4
1795 100.3 -58.4 78.9 150.2 51.8
2711.2 41.6 135.4 -61.3 85.5 68.9
109.2 196.6 141.1
547.9 -53.7 79.2 -57.8 6.3 -71.3
1823.5 82 -95.5 84.3 136.2 42.3
2753.5 34.9 104.4 -42.9 81.3 57.6
117.7 206.9 168.7
554.7 -51.8 79.2 -62.3 -4.4 -77.2
1859.2 93.2 -107.9 82 121 30.3
2824.6 41.9 87.4 -5.4 75.7 38.3
116 218.3 195.8
546.8 -43.5 70.6 -52.1 4.8 -83.6
1864.7 96.8 -107.5 106.6 130.6 8.4
2890.1 74.5 96.2 36.3 57.8 -3.2
111 225.7 219.2
531.6 -32.7 65.1 -20.4 6.8 -72.7
1859.7 92.6 -94.5 141.3 154.1 9.2
2920.5 89.5 103.7 97.2 93.8 -6.1
117.7 234.1 238.4
541.6 -48.6 68.7 -28.2 17.3 -71
1874.1 94.6 -93.5 140.3 158.9 -2.8
2947.2 102.6 127.8 101.8 113.7 -3
116.3 231.6 238.5
543.7 -39.3 86.9 -29 13.4 -76.2
1880.7 111.8 -77.4 145.5 157.4 -10.4
2959 124 155.6 101.5 125.7 -8.8
144.6 263.2 280.3
569.4 -25.5 112 -24.9 1.9 -66.2
1918.3 136.6 -54.5 129.8 154.9 0.3
3006.7 129.5 196.1 97.8 116.8 10.5
winner is: 2
