Regression analysis information for: argentine_match_interrogative-total-yn_Daniel-iba-a-Bolivia
number of formants: 3
number of coefficients: 5
93.9 249.5 186.3
506 -18.4 14.6 -79.7 11.8 -32.3
1627.1 -1.7 33.4 24.9 -390.7 -1.2
2474.7 -12.9 -84.7 -37.9 -138.6 -69.6
97.3 226.4 176.2
515.9 -6.6 26.3 -67.7 22.2 -19.3
1691.4 31.8 2.8 -20.8 -409.8 30.3
2513.2 3.8 -63.9 -42.2 -124.7 -62.7
97 221.1 148.9
515.5 -3.4 25.7 -66.4 22.2 -19.4
1702 23.1 6.2 -14.5 -400.6 15.1
2543.4 1.9 -21.7 -48.6 -108.9 -91.8
97.6 226.5 142
514 2.8 26.8 -63.3 23.7 -17.3
1710 30.3 32 -14.1 -391.5 25.8
2582.2 8.3 33.2 -42.8 -77.3 -95.3
97 234.5 140
512.6 5.2 29.9 -63.2 26.3 -17.1
1719.1 23.1 42.5 -22 -389.7 18.6
2608.8 -10.1 60.3 -60.6 -58.3 -104.5
103.5 233.4 129.8
516 22.4 46.4 -48.8 41.1 -1.5
1742.1 69.2 98.4 0.8 -368.6 49.5
2636.1 33.2 94.3 -30.3 -43.8 -79.7
103.5 236.4 127.1
511.7 21.8 43.1 -44.3 45.1 -2.9
1751.3 81.4 108.7 0.8 -369.8 65.7
2650.3 48.6 103.9 -30.6 -44.9 -74.4
108.1 256.9 139.6
511.8 38.3 54.5 -25.5 63.9 7.5
1764.9 88.2 101.6 29.5 -347.9 52.7
2665.2 71 134.1 -32.3 -3.6 -79.7
107.4 260.8 153.2
508.1 45.5 56.7 -16 72.3 10
1752.8 104.9 93.9 70.5 -336.9 10.4
2653.3 87 144.2 -16.5 26.6 -127.2
115.7 261.6 164
522.5 76.4 81.5 13.8 97.4 25.7
1756.6 95.2 96.6 123.3 -300.3 -35.9
2643.9 101 183.4 26.9 85.2 -151.2
116.7 274.5 167.2
526.3 80.4 84.1 18.1 101.3 26.2
1792 83.6 85.7 120.9 -300.1 -34.9
2677.5 88.6 189.7 27.7 90.1 -121.5
122.5 299.4 184.3
534.8 93.6 95.7 33.2 116.9 39.7
1836 78.6 61.3 118.8 -296.1 -26.4
2732.1 74.5 190.2 34.9 83.8 -78.4
123.7 313.3 200.6
536.5 88 91.1 28.5 114.8 37.7
1874.6 80.5 43.4 96.9 -310 -6.8
2805.2 47.4 164 17.2 61.8 -22.4
126.7 322.8 224.2
539.5 82.1 88.9 26.9 119.5 44.7
1901.3 83.1 27.1 84 -322.9 6.8
2889.4 25.5 120.2 21.9 35.6 49.3
133.7 331 238.8
549.2 86.2 99 31.4 134.7 54.5
1933.7 87.3 13.7 93.7 -288.7 21.9
2971.8 35.5 74.1 18.5 13.6 99.8
135.9 327.7 247
552.7 93.7 99.5 33.3 141.9 53.6
1958.1 93.5 5.1 98.6 -252.9 35.2
3035.3 30.2 56.7 15.7 14.6 112.4
140.7 329.8 250.3
566.5 109.1 120.4 47.6 161.9 69.2
1977.1 96.4 -1.1 103.1 -197.5 71.1
3080.1 38.5 54.8 23.5 45 133.3
143.2 330.8 251.5
573 114.2 131.4 54.7 175.5 81.6
1989.6 99.9 14.4 101.7 -182.6 84.6
3100.9 41.8 75.4 33.2 60.5 153.8
144.7 334.9 251.4
586.8 135.6 156.8 75.6 199.2 101.4
2006.2 110.3 50.1 103.7 -166.1 100.6
3122.2 50.4 114.8 45.4 86.5 172
145.5 340.5 258.6
589.5 133.7 159.3 74.2 197.9 98.9
2030.7 111.3 75.1 113.4 -153.4 89.6
3154 55 136.6 31 74.9 162.9
winner is: 4
