Regression analysis information for: argentine_match_declarative-broad-focus_Maria-bebe-el-vino
number of formants: 3
number of coefficients: 5
84.5 191.2 172
464.3 4.6 -1 -110.8 54.4 -32
1649.7 -77.9 -112.2 23 -227.9 4.8
2296.4 -46.1 -157.9 -8.5 -136.9 37.3
90.6 195.3 183.9
466.8 21.7 3.4 -98.4 53.3 -23.5
1672.2 -23.4 -107.2 24 -258.7 -27.7
2327.2 -34.2 -127.3 -14.9 -135.3 16
91.3 186.4 175.4
467.5 22.1 7.2 -101 52.2 -25.7
1689.2 -7.5 -99.3 23.5 -280.9 -44.5
2377.2 43 -80.3 -5.8 -157 -33.7
98.3 188.8 175.5
476 43.3 28.5 -80.3 71.1 -2.1
1695.6 6.2 -95.8 47 -281.5 -16.8
2398.7 101.7 -63.8 36.6 -156.8 -9.5
106.1 188.3 196
486 50.6 51.7 -74.4 87.6 4.4
1724 -18.1 -55 40.6 -264.9 -6.5
2431.8 85.9 -17.7 21.9 -121 -9.3
104 181.1 194.3
483.2 37 50.2 -87.3 84.8 -4.8
1733.1 -47.3 -39.4 16.1 -260 -16
2456 38.2 10.6 -17.7 -112.4 -20.5
107.6 176.6 186
487.7 43.5 62.9 -80.5 96.6 2.2
1751.7 -72.1 -3.3 -0.8 -252 -4.8
2500.5 -16 83.1 -63.5 -78.6 -27.8
112.3 188.4 191.5
495.5 59.4 83.5 -63.5 119.1 20.1
1755.8 -54.7 18.6 5.5 -235.4 9.8
2529 -16.4 138.5 -74.4 -39.8 -19.6
115.1 195.3 196.7
505.6 79.9 108.4 -41 145.2 41.4
1764.2 -46.8 41.8 19.7 -224.2 23.2
2551.4 -18.8 199.5 -59 3.8 -8.6
113 193.2 186.5
522.7 113.7 140.9 -15.2 163.9 49
1771.8 -28.7 76 45.8 -213.1 20.7
2555.8 -17.6 269.6 0.8 49 -16.1
100.6 183.2 163.7
552.8 172.9 191.5 27.6 192.3 62.5
1797.2 2.1 102.7 82.8 -192.1 23
2605 20.4 332.7 42 93.6 -10.6
88.9 174.1 147.3
562.6 194.4 206.7 44.4 204.8 71.6
1818.9 11.9 97.6 100.8 -182.2 24
2655.1 35.4 354.7 43.8 115.6 3.4
82 174.3 155.5
562.5 191.9 201.9 41.7 201.7 70.8
1838.3 10.3 69.8 108.9 -186.1 21.4
2708.5 40.1 341.5 8.4 107.7 13.2
78.6 178.8 182.5
559.8 195.3 192.8 42.4 198.5 71.6
1853.4 16 35.1 117.5 -189.5 18.3
2758.6 77.6 282.8 -33.8 81.6 23.5
77.6 179.9 191.2
561.5 200.2 192.3 45.2 200 75.4
1869.4 18.9 18.1 120.6 -189.4 21.9
2810.4 87.9 248.5 -58.5 74.2 43.4
78.1 177.8 200.9
564.1 203.3 192.7 45.8 201.7 75.5
1886.3 14.1 10.1 120.7 -192.3 28.8
2865.5 114.7 204.7 -83.3 73.5 65.7
84.7 178.3 204.6
575.7 188.6 205.9 41.4 197.8 86.8
1905.9 -3.5 13.9 118.7 -197.3 35
2917.5 122.7 197.3 -107.8 72.7 85.9
91.2 180.1 211.2
584.9 202.7 220.1 54.9 206.6 99.9
1923 0.5 24.3 135.2 -196.2 55.6
2953.7 160.5 211 -91.9 92.7 106.8
96 179 200.3
587.1 188.1 219.4 45.9 195.9 96.5
1931.9 -14.3 21.9 134.5 -209.2 53.8
2965.3 149.4 212.2 -85.9 83.1 92.1
103.8 178.5 188.8
592 194.1 227.1 48.7 200.8 96.4
1936.3 -25 6.5 130.1 -218.1 45.5
2984.8 143.6 207.7 -83.1 75.6 85.9
winner is: 12
