Regression analysis information for: argentine_match_declarative-broad-focus_Manuela-vende-el-carro
number of formants: 3
number of coefficients: 5
85.7 227 211
552.7 -50 26.5 -10.3 -25.8 56.2
1394.2 67.3 -22.5 4.1 -205.8 -1.3
2185.5 -33 -85.8 -70.4 -190.4 21.9
92.8 239.9 201.2
558.3 -43.8 38.7 -3.4 -17.8 65.4
1421.3 70.8 -29 0.7 -201.1 -0.7
2233 -17.5 -85.2 -26.3 -152.2 43.6
95.6 208.8 172.3
562.6 -44.1 39.8 -2.5 -12.4 64.1
1510.6 32.9 -155 9.5 -96.5 -27.1
2330.9 12.3 -172.7 6.4 -37.6 0.8
99.3 199.3 174.9
565.6 -40.3 40.8 -0.4 -6.3 65.3
1534.6 53.2 -196.9 39.2 -63.8 -25.9
2380 24.9 -153.5 12.4 8.3 -3.2
102.6 202.8 182.9
570.3 -31.9 50.6 6.6 4.1 70.5
1551.4 62.5 -194.4 52.4 -39.5 -31.3
2414.2 36.3 -127.1 14.8 36.1 -5.7
102 201.4 180.1
565.7 -33.8 43.9 3.1 0.7 63.3
1555.3 64.8 -206.4 52.8 -36.1 -40.2
2436 58.6 -123.9 25.9 45.4 8.1
103.3 208.8 187.8
570.2 -20.9 59.1 16.6 14.2 72.7
1564.6 67 -183.2 62.9 -17.7 -31
2455.8 75 -89.2 50.6 67.3 14.7
105.1 207.3 187.1
564.2 -31.8 54.5 9.9 8.4 65
1567.2 40 -173.2 60.2 -1.2 -44.6
2475 36.5 -61.8 52.9 106.4 -19.6
105.1 206.3 188.7
572.6 -25.3 77 21.3 24 75.9
1585 -0.3 -114.3 63.1 51.9 -55.8
2516.9 -12.3 23.1 56 170.5 -41.6
105.7 205.8 180
580.5 -18.4 94.5 30.7 34.6 86.6
1603.5 -16.4 -75.3 51.4 77.3 -64.5
2535.1 -31.9 62.4 66.1 196.9 -39.3
107.4 210.7 169.2
587.9 -17.5 104.7 32.7 40.2 91.8
1629.6 -22.9 -56.3 21.2 68.6 -58.7
2552.9 -43.6 62.7 56.5 200.1 -19.3
110.6 229.4 197.1
593.8 -19 104.2 30.3 33.8 87.7
1659.6 -16.6 -67.9 -22.2 46.4 -39.8
2594.4 -21.4 32.3 13.2 187.4 17.2
116.2 236 236.3
606.9 0.3 118.4 38.3 38.8 91.5
1711.4 9.1 -49.3 -42 35 -31.5
2693.4 101 52.6 -27.1 142.5 15.9
135.1 243 256.8
633.2 0.9 120.3 70 27.9 87.4
1755.4 12.7 -48.9 -26.9 14.8 -31.3
2776.5 146.4 27.4 -87 68.2 -8.1
136.9 252.8 244.5
640.5 5 122.1 72.9 23.1 80.8
1781.1 12.8 -53.6 -13.1 -4.8 -50.9
2831.6 198.5 45.5 -92 20 -29.1
137.6 258.9 237.2
647.8 6.6 122.7 81.8 19.7 78.9
1798.5 15.1 -56.5 7.6 -13.4 -63.8
2875.4 223.2 61.9 -79.5 -7.4 -41
130.5 262.3 248.3
645.4 11.4 125 80.7 30.5 82.2
1804.5 13.6 -66 40 -41.1 -54.8
2917.9 228 84.7 -54.8 -41.4 -45.8
142.9 277.3 291.9
654.9 0.8 117.2 105.4 35.4 83.6
1821.4 -8.3 -78.8 76.6 -48.9 -57.9
2953 221.1 85.1 16.3 -22.8 -34.2
147.8 285.3 320.7
661.2 -3.7 111.8 117.6 34.1 80.8
1819.5 -8.6 -108.9 105 -52.1 -41.6
2975.7 186.4 52 56.1 -7.7 -40.2
150 296.2 348.6
662.2 -13.1 107.2 115.6 31.6 79.1
1838 -35.7 -137.5 111.7 -38.5 -41.9
3005.7 152.5 5.3 48.3 -6.8 -45.9
winner is: 4
