Regression analysis information for: argentine_mismatch_interrogative-total-yn_El-bebe-comia-muy-bien
number of formants: 3
number of coefficients: 5
81.6 256.1 214.6
461.3 47.8 -1.7 11.6 -5.1 39.7
1596.4 56.4 77.1 200.5 -139.5 142.3
2373.9 50.1 64.6 110.8 -37.6 168.3
82.5 229.6 159.5
464.2 39.5 -10.6 8.2 -1.9 33.9
1653.6 -16.5 127.9 147.3 -95.3 120.1
2447.5 -7.2 102.3 73.1 23.8 140.8
84.7 208.9 130
471 34.2 -22.2 14.2 6.9 23.5
1683.5 -34.7 134.1 135.4 -83.8 94.7
2482.5 -2.6 94.8 67.2 29.6 114.5
86.7 195.7 114.7
471.7 31.9 -28 17.2 10.9 17.6
1708 -60.4 138.7 125.6 -60.3 68.3
2512.8 -18.9 100 57.1 50 101.2
91.1 186.8 107
472.9 29.8 -37.6 21.6 17.4 8.9
1721.9 -70.9 126.1 132.7 -49.3 51.9
2538.1 -32.8 99.8 58.4 66.6 87.7
90.3 182.3 108
470 31.7 -41.5 22.3 20.3 7.1
1725.3 -79.4 124.7 132.3 -49 45.2
2557.7 -40.4 87.7 62.3 78.8 75.9
91.9 182.2 119.6
467.6 35.8 -43.2 27.2 22.5 5.5
1729.6 -80.2 120.8 151.5 -38.2 34.3
2565.3 -41.6 85.4 70.4 95.1 72.1
89.9 190 128.1
460.4 32.4 -52.3 21.6 15.7 -3.9
1717.2 -81.4 127.1 141.3 -40.1 43.5
2562.1 -41 82.8 64.5 106.8 79.3
91.5 200.1 138.5
461 33.2 -58.3 24.3 19.1 -9.1
1715.2 -72.8 117.7 145.2 -21.6 32.6
2560.3 -23.8 69.2 74.5 124.6 74.5
95.2 203.6 140.7
466.6 42.3 -54.6 34.8 30.9 -4.8
1727 -64 117.9 154.9 2.4 46.6
2570.9 -13.7 71.7 76.8 154.2 78.6
100.9 209.9 143.2
470.5 45.2 -54 41.3 35.1 -5.8
1736.3 -61 116 163 20.8 52.3
2588.9 -18 85.9 78.8 174.9 71.9
104.3 202 146.8
470.5 50.3 -44.5 42.3 30.8 0.9
1766.8 -72.1 85.6 178.6 29.9 18.7
2602.4 -36.9 119.1 100.8 133.2 20.5
103.6 200.2 155.3
470.9 52.5 -42.2 38.5 27.5 6.5
1797.8 -56.8 86.3 166.8 23.4 37.6
2667.9 -33.4 101.8 115.5 156.6 28
100 196.5 198.5
468.3 56 -34.3 28.9 17.4 18
1839.9 -40.2 71.7 130.5 5.2 57.4
2776.8 -23 36 117 181.1 57.2
100.8 193.1 243
471.4 53.1 -42.9 24 12.6 13.7
1880.4 -26.8 65.3 95.5 -29.1 51
2876.7 -9.9 -12 85.2 168.6 59.7
126.2 207.3 263.7
494.7 75.6 -36.2 52.9 47.1 26.6
1953.9 16.5 82 110.3 -5.2 58.6
2980.6 8.6 -11.3 118.2 197.7 88.5
137 202.3 280.5
505.8 82.7 -38.9 62.1 58.4 27.5
2005.6 29.2 76.4 97.4 -5.3 42.8
3107.8 78.4 7.2 79.6 107.8 14.9
150.8 204.3 253.6
521 87.7 -52.6 74 79 20.9
2036.5 25.3 63.3 95.4 10.1 30.6
3195.9 125.9 20.4 49.9 47.5 -73.8
150.3 208.8 249.3
519.8 93.4 -43.4 73.4 77 28.5
2036.8 15.6 70 88 7.8 24.8
3216.9 109.8 31.7 53.4 53.6 -80.4
147.7 224.6 246.8
518.6 92.9 -45.4 70.6 75.7 29.8
2034.7 9.1 96.2 100.1 14.7 18.7
3235 110.7 39.9 40 61.4 -72.7
winner is: 6
