Regression analysis information for: argentine_mismatch_interrogative-total-yn_Mi-tia-odia-la-lluvia
number of formants: 3
number of coefficients: 5
89.8 348.2 203.2
517.8 -25.9 -9.5 -17 37.8 -48.1
1598.9 152 199 85.9 36.1 -80.9
2494 66.8 -14.5 92.9 -117.4 -12.3
87.2 324 173.7
520.6 -27.9 -11 -21.2 42.7 -46.4
1649.2 167.2 161.7 63 90.7 -50.9
2547.8 17.9 -8.4 38.3 -56.4 -17
88 319.6 161.9
515.1 -39.2 -18.3 -25.9 47.1 -42.2
1665.3 168.1 146.1 54.1 100.8 -41.1
2579.8 -7.4 -6.2 21.5 -37.7 -31.2
86.2 317 153.3
508.7 -45.2 -25.9 -29.8 43.5 -41.3
1679.6 165 126.2 53.3 115 -41
2610.7 -38.5 -4.4 -3.5 -8.5 -36.7
88 326.6 162.4
509.4 -45.4 -32.2 -24.3 42.2 -49
1686.2 160.8 119.5 58.1 114.8 -53
2641.6 -60.7 4.6 -11.3 4.2 -66.2
101.9 349 179.8
514.8 -51.7 -50 -9.3 43.4 -69.5
1695 155.9 109.5 71.3 114.1 -67.9
2668.5 -57.4 6.2 -3.4 10.2 -83.5
103.9 358.4 187.1
514.5 -53.6 -53.3 -5.5 44.5 -73.6
1700 164.4 119.1 75.5 116.8 -70
2681.2 -58.3 24.2 -14.2 14.1 -81.2
118.1 365.2 195.2
520.5 -65.7 -68.8 12.1 43.6 -92.5
1703.1 153.8 110.2 89 122.5 -80.8
2698.1 -64.5 2.3 12.2 22.7 -103.2
137.1 369.7 221.7
532.2 -52.4 -60.9 27.3 42.8 -108.9
1702.2 168.8 103.5 115.1 137 -105.4
2707.9 -27.2 -3.6 48 46.4 -132.8
154.8 358.4 238.9
544.8 -46.8 -57.2 44.7 41.7 -123.2
1723.9 179.4 110.2 173.4 146.3 -136.7
2707.7 -36.6 25.4 92.9 89.8 -169.9
168.2 354.2 234.4
555.6 -37.3 -48.4 57.6 46.7 -123.9
1742.4 176.4 109.4 187.8 150.1 -157.6
2747.1 -69.4 65.7 108.9 110.9 -196.7
175.8 353.8 238
564.6 -38.9 -51.5 63 42.1 -137.1
1772.7 178.2 111.3 205 146.3 -164.9
2801.7 -53 98 122.4 97.4 -201.3
190.6 372.1 243.7
578.9 -39.7 -60.8 78.2 40.9 -155.9
1821.1 171.1 111.4 237 134.8 -154.2
2900 -52.7 115.9 118 36.5 -172.6
209.3 379.7 231.1
596.7 -44 -77.6 98.9 41.6 -182.2
1877.9 166.2 95.1 254.5 110.7 -140.9
3047.4 -35.3 116.8 58.5 -59 -143.7
228.7 367.9 241.4
623.4 -42.8 -83.4 122.1 35 -212.2
1969.6 125.6 38.5 319.5 49.9 -160.7
3187.9 -53 95.9 65.8 -110.6 -109.4
234.8 340.2 240.1
636.7 -48.8 -80.2 123 25.7 -215.9
2039 82 1.2 389.1 -2.3 -156.9
3253.8 -99.8 72.1 82.6 -133.1 -83.5
257.1 308.6 248.3
660.5 -36.5 -53.1 127.4 26.8 -226.3
2096.5 68.8 -13.7 451.7 -37.3 -159.4
3304.2 -81 104.5 95.2 -116.4 -69.9
267.4 298.2 250.3
671.3 -46 -38.5 120 26.3 -229.4
2122 22 -13.2 459.2 -54 -144.2
3342.4 -110.1 99.3 115.9 -137.9 -81.1
270.2 298.9 245
670.1 -46.1 -37.6 120.9 25.3 -229.8
2129.1 17 -27.1 480.5 -56.8 -148
3369.7 -112.2 86.9 144.1 -142.1 -102
282.7 305 269.6
678.3 -63.6 -51.4 115.2 27.7 -262.9
2140.6 -3.4 -33.4 510.3 -24.1 -206.2
3424 -103.6 51.8 190.2 -104.6 -179.9
winner is: 4
