Regression analysis information for: argentine_match_interrogative-total-yn_Emilio-ama-la-marcha
number of formants: 3
number of coefficients: 5
82.1 228.3 195.1
564.1 -92.7 -27.5 12.8 61.8 40.1
1507 201.3 172.1 12.4 -54.9 -54.2
2385.4 40.1 76.3 -43.6 -55 -14.1
78.1 193.9 142.3
575 -94.6 -38.7 20.9 67.2 25.9
1567.4 214.8 197.4 -5.7 -108.9 -75.9
2446.2 9.7 106.7 -24.2 -61.4 -18.4
79 184.7 136.5
571.5 -91.3 -37.2 20.3 65.8 26.3
1581.8 237.3 198.1 -16.2 -122.6 -95.2
2461 10.7 113 -32.5 -43.9 -15.1
79.3 184.5 135.2
566.2 -88.3 -37.6 21.1 68 25.5
1580.9 240.4 208.6 -11.6 -130.1 -104.1
2480.3 -7.3 123.3 -53 -41.4 -25.9
82.5 188.2 136.9
562.2 -85.3 -37.5 23.1 71.8 27.6
1592.4 251.2 213.8 -2.9 -125.9 -96.8
2506.5 -1.5 144.7 -47.1 -23.6 -14.9
85.6 203.7 137.2
554.4 -87.9 -34.6 26 73 33.2
1577.8 237.8 225.4 10 -113.7 -63.1
2524 -16.5 163.4 -41 -45 -20.7
87.6 220 163.8
542.3 -82.7 -23.8 16.1 73.5 42.1
1575.4 256.9 218.9 1.6 -122.7 -75
2522.4 -1.5 156.5 -40.7 -32.1 -48
93.4 231.5 181.9
542 -90.1 -24.8 19.1 69.5 45
1569.7 262.7 221 -2.4 -125.3 -70
2528.4 -9.4 158.5 -36.8 -21.7 -60.3
97.2 238.3 211.1
546.6 -95.6 -30 14.4 70.7 60.1
1589.6 258 197.4 6.8 -110.2 -65.2
2541.6 -24.6 134.9 -17.1 7.9 -59.5
103.8 235.4 210
540.6 -104.5 -15.2 13.2 57.4 70.4
1582.1 237.6 209 24.3 -108.4 -58.8
2552.1 -56.6 147 -22.3 5.5 -58.2
108.3 253.3 240.9
551.1 -115.8 -21.2 14.7 54.9 78.4
1606.9 200.6 193.6 15.7 -107.2 -24.6
2618.5 -107.2 138.7 -55.1 -21.1 -34.9
110.1 262.2 247.7
558.1 -119.9 -30 18.5 56.7 73.7
1640.2 198 186.4 2.1 -133.4 -34.3
2670.6 -127.9 121.8 -75.2 -34.2 -19.9
114.3 280.5 294.1
571.2 -126.5 -41.7 8 63.6 92.5
1701.1 220.5 182.7 -40 -155.2 -56.8
2777 -95.3 89 -177.2 -80.7 -0.3
122.8 299.4 331.2
601.1 -131.5 -64.3 28.1 76.6 76
1765.6 219.1 171.2 -31.4 -159.2 -93.3
2900.3 -63.4 43.2 -202.7 -106.8 -51.3
158.5 295.6 340.3
642 -92.1 -28.2 64.1 85 75.3
1817.4 248.7 186.5 -13.6 -148.6 -96.1
3016.6 2.1 44.4 -183 -97.7 -51.5
165.2 299.4 340.3
668 -90.9 -39.8 68.3 96.4 86.2
1872 240.4 154.8 1.1 -119.4 -101.2
3112.4 25.5 -9.7 -144.9 -56.4 -79.8
166.3 312.9 347.7
681.5 -97.7 -43.4 69.5 99 106.9
1906.2 223.6 150.6 -2.5 -111.8 -75.1
3166.4 21 -23.7 -131.8 -68.2 -40.8
169.9 321.4 353
692.8 -92.8 -29.6 87.6 111.2 132
1933.1 203.1 159.9 3.1 -114.3 -55.6
3202.4 10.5 4.4 -99.9 -82.5 4
172.2 313.4 341
695.5 -84.2 -26.6 91.4 119.3 126.5
1935.1 220.2 158.6 -6.4 -81.2 -82
3200 27.9 -6.7 -74.4 -19.3 8.4
182 324.7 357.9
712.3 -73.5 -3.2 106.5 135.8 139.9
1960.2 200.9 177.2 3.8 -87.3 -60.3
3244.9 13 20.1 -41.7 -10.5 30.1
winner is: 4
