Regression analysis information for: argentine_mismatch_declarative-narrow-focus_El-hombre-mira-la-luna
number of formants: 3
number of coefficients: 5
88.8 159.6 190.9
512.3 14.9 52.2 -2.5 69.4 -41.3
1569.2 117.1 -12.3 31.3 206.7 57
2345.4 69.7 -15.4 5.3 144.8 41.8
86.1 147.6 148.7
514.6 16.2 52.8 -8.9 68.9 -45.5
1587.4 108.5 -1.7 15.6 216.6 51.4
2400.9 81.7 14.2 -3.3 144.1 12.5
86 157.7 158.4
510.3 12.1 45.2 -15.3 62.2 -53.4
1583 119.6 -19.7 22.5 206.2 49.9
2419.6 95.8 22.6 -7.3 143.9 -6.3
92.9 152.9 164.1
509.9 20.6 49.7 -4.7 65.2 -46.9
1595.4 114.3 -7.4 15.7 222.2 43.9
2442.1 81.4 41.3 -23.3 159.7 -12.6
96.1 148.7 157.3
511.1 20.6 60.1 1.9 75.3 -45.2
1606.5 100.8 4.9 8.7 232.4 39
2474.7 51.7 83.4 -48.4 194.3 -27.2
97.3 151.9 154.1
506.1 23.3 64.4 17.1 84.2 -38.4
1612.9 98.2 15.8 18.5 235.6 46.1
2502.4 43.1 120.1 -58.5 217.5 -31.6
96.4 154.3 165.1
498.7 24.8 59.9 25.8 85.1 -36.6
1610.9 91.8 16.8 26.5 231 44.5
2494.3 56.1 107.3 -43.9 212.2 -34.2
98.3 153.1 171.4
495 35.8 60.8 37.7 85.8 -29.9
1600 90.4 29.7 33.1 235.2 49.4
2468.5 78.6 87.2 9.4 203.1 -6.2
101.8 150.2 171.1
491.5 44.4 56.7 47.7 81 -22.8
1599.7 76 42.3 35.9 229.5 53.2
2471.4 65.7 108.4 25.3 178.4 14.4
97.1 150.9 176.6
483.5 29 40.2 33.2 65.1 -36.3
1611.4 84.5 64.8 49 241.4 73.4
2505.1 42.8 157.7 27.8 184.7 48.8
104.9 150.7 157.2
490.5 30.4 48.8 38.6 68.9 -25.3
1629.1 80.7 65.8 50 235.2 94.4
2562.8 -16.9 198.4 -4.1 174.5 82.4
104.3 153.3 136.8
490.8 28.7 44.2 36 66.3 -28.1
1655.7 86.2 43.3 33.2 233 107.2
2623.7 -43.8 199.4 -58.4 167.4 93.5
128 159.8 151.3
507.6 55.5 62.5 53.2 91.5 0.1
1693.5 110.5 31.4 33.4 242.3 138.6
2686.1 -13 193.8 -74.8 170.2 134
150.8 189.3 180.9
539 101.6 89.5 60.9 82.5 -4.9
1747.4 154.2 26.8 43.5 213.9 102.3
2758.5 54.7 197.2 -91.3 154.2 123.2
163.7 206.9 200
567.2 139.5 107.8 66.3 54.7 -19.5
1822.4 159.9 15.8 70.5 140.8 75.7
2852.5 90.1 201 -70.5 84.6 95.5
171.3 212.5 200.3
583.2 153.4 132.4 77.8 74 -25.8
1857.1 133.2 4.7 95.3 141.6 73
2903.1 87.5 206.7 -31.3 118.6 88.2
176.1 223 220.7
593.9 160.2 156.1 79.9 93.7 -43.3
1873.7 156.8 20.1 100 155.2 47
2953.3 126.6 245.1 -11 115 17.4
177.2 230.6 229.2
596.3 169.8 160.1 90.2 94.2 -42.1
1876.7 187.2 30.3 102.9 172.8 29.2
2980.4 168.4 248.7 -3.3 115.3 -11.9
185.2 256.9 264.4
603.8 156.9 167.7 78.9 89.2 -62.9
1899.5 219.4 68.5 109.7 206.5 23.5
3012.7 205.2 305.4 4.4 150.6 -4.1
199.2 262.8 276.7
622.1 175 191 86.6 107 -44.9
1921 234.4 77.3 95.6 217.4 30.9
3033.9 223 340.3 -8.7 169.7 16.1
winner is: 2
