Regression analysis information for: argentine_mismatch_declarative-broad-focus_La-maestra-vive-en-Paris
number of formants: 3
number of coefficients: 5
79.7 260.5 288.2
557.2 80.1 26.2 -44.3 -27.9 -3.3
1509.8 3.5 37 -160 -1.6 105.6
2235.8 -26.8 -8 -153.5 47.2 242.1
79.9 254 271.4
562.6 75.5 23 -52 -22.2 -7
1575.1 -28.4 -26.4 -148.6 62.6 57.3
2324.5 -66.2 -10.5 -106 61.5 184.3
84.1 229.9 224.5
572.5 69.2 33.4 -59.1 -13.9 -16.8
1623.8 -35.8 -5.8 -169.1 76.6 60.6
2423.4 -101.3 69.2 -151.6 107.9 145.8
79.6 212.9 161
576 71.2 35 -59.9 -16.6 -15.5
1675.3 -72.6 -4.1 -161.1 72.7 72.6
2514.5 -81.2 84.2 -164.3 104.2 76.8
79.3 210.7 141.4
575.2 77.9 36 -58.7 -20.3 -13.9
1688.3 -72.8 5.2 -154.6 65.2 85.1
2556.2 -52.5 100.2 -192.7 72.3 48.2
77.8 215 139.5
573.5 81 38.9 -58.2 -24.1 -12.8
1715.3 -105.8 33.7 -160.1 40.5 133.1
2574.8 -60.4 116.4 -196.9 55.6 56.5
76.6 215.8 134.2
572.6 79.4 39.6 -55 -26.2 -13
1732.1 -120.9 44.6 -149 19.7 157.9
2593 -68.5 120.5 -185.3 27 80.3
79.3 221.7 138
569.9 79.2 43.7 -49.4 -23.9 -14.5
1740.7 -127.3 58.3 -146.2 16.6 163
2612.1 -85.2 139.4 -197.8 22 80.2
100.9 244.6 159.7
574 67.4 69.7 -44.3 -6.9 -12.8
1762.6 -131.7 104.8 -145.1 40.1 178.5
2638.3 -122.3 179.7 -228.5 33.7 84
134.2 255.5 180.6
594 24.7 114 -78.6 30.7 -35.9
1779.5 -171.1 145.7 -168.7 65 169.7
2652.6 -191.5 239.1 -255.6 81.9 82.6
150.7 252.4 181.7
601.7 6.9 130.7 -96.1 47.9 -46.9
1784.8 -199.1 183.8 -203.1 107.7 151.4
2661.4 -230.1 275.2 -297.1 138.5 72.8
175.9 254.2 190.8
638.3 -68.9 191.2 -161.4 98.6 -92.3
1831 -265.1 217.6 -257.9 154.8 116.7
2718.5 -288.9 300.4 -363.1 195.3 36.4
180.7 258.4 197.7
676.3 -140 242.3 -203.7 113 -87.7
1880.1 -309 213 -293.3 168.2 134.4
2797.2 -337.1 300.6 -427.1 227.3 46.2
179.7 261.2 203.9
699.4 -175.8 271.5 -229.3 127.6 -92.5
1923.3 -336.3 208.9 -318.4 178.2 146.4
2860.7 -356.5 278.3 -458.3 243.9 44.2
190.7 268.1 234
732.8 -215.4 298.2 -263.5 123.1 -77.7
1966.7 -359.5 214.7 -355.6 174.1 177.8
2940.1 -380.4 271.8 -528.7 228.4 87
226.3 283.9 280.6
760.8 -206.3 297.5 -237.4 94.8 -68.2
2008.1 -347.3 221.7 -327.6 159.2 184.1
3037.8 -362.1 260.7 -510.4 194.1 115.6
274.6 315.8 329.3
805.8 -136.3 346 -175.7 127.4 -33.9
2062.2 -304.4 275.3 -282.8 184.9 200.8
3131 -261.3 331.7 -462.5 220.2 121
301.5 342.7 374.5
838.6 -112.2 373.8 -133 143.6 -13.4
2119.8 -320.1 335 -264.8 212 202.1
3245.7 -226.9 413 -417.1 229.9 105
307.6 359.8 424.3
877 -46 403.4 -44.7 169.5 12.7
2174.8 -308.7 373.1 -209.6 225.3 211.7
3368.9 -219.3 505.7 -354.9 245.8 90.1
311.4 374.1 462.7
898.3 -78.7 412.8 -22.9 156.1 6.9
2217.6 -363.8 400 -218.9 223.3 197.2
3452.1 -298.1 541.1 -360.3 224.7 72.6
winner is: 7
