Regression analysis information for: argentine_mismatch_declarative-broad-focus_Mi-novio-viene-del-lago
number of formants: 3
number of coefficients: 5
95.5 250.6 146.8
496.4 -93.5 39.7 -46.8 -15.3 -24.2
1493.6 165.9 -181.9 246.6 7.8 -8.1
2403.3 -46.6 -135.3 67.7 -36.4 -7.3
94.6 249.7 136
495.7 -92.1 38.5 -45.5 -14.7 -25.7
1517.1 171.1 -180 237.2 25.3 -30.4
2441.7 -42.1 -123.1 48.2 -22.9 -24.1
94.1 251.6 139.1
493.2 -89.9 37 -42.4 -13.5 -26
1536 192 -156.4 239.6 34.4 -51.3
2478.1 -37.1 -92.2 31.7 -8.8 -53.2
94.7 260.7 151.2
490.3 -89.8 35.6 -41.1 -13.1 -27
1541 192.4 -146.9 242.1 40.4 -58
2500 -31.6 -76.7 29 -1.9 -65.8
96.4 270.7 161.4
490.6 -88.6 39.9 -38.3 -9 -24.8
1550 188.5 -128 245.5 49.7 -65.2
2524.4 -38.2 -58.2 12.7 6.5 -88.6
100.5 271.9 168.9
494 -83.2 49.1 -33.2 -2.5 -19.9
1563.7 193.1 -107.8 250.5 67.2 -64
2552.8 -8.4 -33.4 22.1 18.7 -89.9
101 276.9 180.6
493.1 -89.6 50.8 -39 -4.3 -21.7
1575.2 175.6 -89 235.7 76.9 -77.1
2582.5 -6.7 -5.8 0.2 25.4 -114
104.3 274.5 188.7
493.6 -94.5 57.8 -40.8 -1.8 -17.6
1569.1 165.3 -90.5 229.4 72.1 -67.2
2593.1 -2.7 22.2 12.7 48.4 -108.8
107.2 269.4 173.5
494.1 -100.1 58.8 -43.6 -0.8 -13.2
1563 139.8 -78.6 228.3 84.1 -52.7
2548.3 -84.2 41.9 34.9 100.9 -74.5
110.1 284.4 186.2
499 -102.9 61.6 -45.7 2.3 -5.6
1607.8 96.5 -52 191.3 112.8 -9.6
2590.3 -99.1 70.9 18.7 119.8 -18.8
116.5 298.3 214.6
511.5 -101.7 61.7 -50.7 14.6 4.8
1666 113 -34.5 162 136.1 24.9
2689.5 -59.2 68.8 -60.8 123.3 -4
119.7 316.9 262.9
524.4 -104.8 64.5 -57.8 19 13.2
1762.2 72.5 20.8 102.3 174.8 54.8
2843.2 -9.7 87.9 -171.4 104.6 15.7
130.6 307.6 268
541.1 -96.1 79.1 -51.2 34.3 30.7
1840.6 19.4 79.8 79.4 200.2 78.5
2962.3 13.2 114.7 -201.2 136.8 44.6
140.8 310.4 279.6
553.6 -81.5 82.6 -46.3 43.7 43.5
1884.1 20.4 64.9 96.9 182.6 97.9
3042.7 69.6 119.1 -208.3 134.5 48
140.8 338.2 294.3
559.3 -91 77.4 -36 24.6 47.2
1936.5 -4.2 27.7 123.7 143.2 137.9
3093.2 56.8 95.3 -190.1 106.5 64.1
129.4 334.6 304.2
570.2 -125 50.7 -33.2 -14.3 54.3
1982.2 -47.3 -21.5 112.6 127.9 167.6
3132.9 22.8 61.5 -189.6 111.9 75.3
139 348.3 302.4
583.6 -114.2 66.4 -14 -5.1 67.6
1983 -25.1 -23.3 139.9 127.3 174.6
3154.7 42.8 40.3 -181.7 113.6 127.6
152.9 354.4 306.1
589.1 -96.1 85.1 1.2 18.3 86.4
1990.5 -19 2.5 171.1 133.2 197.3
3191.3 52.4 61.1 -186.1 148.1 172.1
147.6 354.1 290.4
573.6 -98 77 -25.7 25.7 65
2023 -76.5 26 121.6 161.9 199
3220.9 36.1 37.2 -240.8 163.5 194.1
148.3 346 287.6
568 -98.6 77.4 -36.8 36.5 63.3
2058.1 -109.1 72.1 96 177.3 219.1
3251.5 41.9 31.2 -267.7 192.1 216.7
winner is: 2
