Regression analysis information for: argentine_match_declarative-narrow-focus_Mariano-habla-del-tiempo
number of formants: 3
number of coefficients: 5
112 208.9 279.7
518 -9.5 -25.2 -46.2 38.4 -36.6
1521.6 -20.2 -21.4 122.1 -357.8 -11.9
2284.1 -169.2 -51.7 -18 -237.1 -38.1
118.8 192.2 254.8
527.1 -6.4 -12.1 -43.1 51.4 -32.2
1578 -0.4 -19.8 155.8 -363.1 -64.9
2343.4 -137.1 -62.1 -1.9 -230.5 -62.4
125.9 175.1 209.3
537.1 28.7 7.8 -13.2 74.1 -11.1
1619.6 26.7 -40.2 204.1 -330.3 -109.7
2427.5 -50.4 -52.3 53.9 -209.6 -139.7
127.9 166.9 174.1
533 38.7 5.7 -7 67.5 -5.1
1635.1 25.3 -52.8 223 -325.3 -108.5
2484.9 -23.8 -55.4 91.5 -190.8 -140.3
127.1 164.4 123.4
530.4 38.2 1 -9.8 66.2 -9.1
1633 19.9 -75.3 208.5 -317.6 -126.8
2534.3 -16 -107.7 99.3 -127.3 -158
129.2 172 116.6
538.5 42.6 18.5 -3.6 78.8 -0.3
1659.2 14.5 -59.8 232.1 -303 -119.6
2575.4 -18.8 -98 108.3 -95 -143.4
132.8 180 124.2
545 41.7 32.1 -1 85.3 10.1
1673.7 -7.4 -36.8 223 -303.2 -112.2
2599 -32.4 -85.7 98.8 -86 -133.1
137.9 197.9 151.9
551.6 37.6 49.7 -5.1 102.6 11.3
1699 -38.4 -0.1 203.4 -260.6 -139.1
2623.6 -54.9 -63.9 79.5 -37.2 -140.7
141.3 218.5 181.9
579.5 80.6 107.3 29.9 147 33.5
1741.6 -43.6 78.2 196.3 -194.9 -152.6
2667.4 -20.4 6.2 118.1 23.6 -132.4
144.3 221.4 196.7
590.1 79.8 130.3 24.4 165.5 33.4
1782 -99.8 159.5 144.3 -120.4 -193.5
2715.8 -71.6 86 85.8 92.7 -181.2
142.7 215.2 220.3
589 53.2 128.5 0.1 157.5 22
1804.1 -126.1 190.2 130.6 -114.3 -176.1
2759.2 -82.4 114 107.8 111.3 -166.8
137.6 213.2 215.5
595.8 38.4 136.5 -20.1 158.2 21.3
1803.7 -127 218.9 77.6 -106.9 -151.7
2779.9 -100.4 135.3 61.8 108 -140.9
155.3 221.3 246.8
606.5 17.2 115.4 -8.3 124.4 19.9
1829 -146 197 94.1 -136.3 -164.6
2829.8 -116.6 112.2 72.7 73.4 -122.8
171.5 232 297.4
630.3 41.5 135.4 28.6 136.8 51.7
1859.3 -133.4 208.6 121.1 -121.1 -151.5
2904.5 -82.8 130.3 90 99.8 -42.5
180.7 243.2 313.3
634.6 50.8 124.9 45.9 137.4 64.8
1868.1 -114.4 189.5 129.8 -113.9 -138
2944.6 -66.3 116.7 79.1 123.5 -6.5
187.6 251.9 322
643.9 62.8 122.8 54 141.4 81.2
1883 -102 174.5 134.7 -107.9 -116.1
2981.9 -66.6 111.6 81.4 127.2 21.4
190.5 265.6 327.9
655.8 72.8 129.7 61.3 144 95.6
1898.5 -94.3 164.8 145.7 -97.6 -115.1
3011.2 -56.4 128.8 93.9 138.3 28.5
194.7 265.7 338.4
677.9 61.7 152.8 67.8 140.3 117.5
1931.2 -124.1 181.4 153.1 -99.9 -100.7
3076.9 -99.4 181.5 116.6 133.2 67.1
202.1 248.9 337.5
696.3 44.1 155.3 87.1 118.3 122.4
1976.5 -183.2 200.5 170.2 -127.5 -83.6
3135.1 -151.6 214.9 143.7 107.6 98.7
198.9 245.5 346.1
707.7 38 161.3 92 110.4 125
2016.2 -224.5 201.8 192.9 -139 -103
3187.8 -194.9 224.1 170.5 99.4 85.1
winner is: 5
