Regression analysis information for: argentine_match_declarative-broad-focus_Ana-lleva-el-abrigo
number of formants: 3
number of coefficients: 5
70.3 191.4 194.3
558.1 100.8 20.7 29.7 66.5 -3.3
1488.6 107 -58.1 -25.5 -179.8 83.9
2370 29.6 87.7 -193 -108.2 139.2
71.3 162.5 142.7
557.9 98.3 20.2 28 66.2 -6.3
1561.2 15.2 -35.3 10.4 -264.9 173.3
2459.2 -1.1 44.4 -149.3 -144 99.7
71.5 164.2 134.7
554.1 91.2 11.6 20.9 58.2 -14.1
1569.9 10.7 -37.2 8.4 -264.1 162.3
2500.2 3.6 18.3 -122.9 -146.9 70
73.2 168.5 131.6
555.8 98.2 16.5 26.4 63.9 -9.8
1575 11 -33.9 7 -262.9 154.7
2527.9 15.2 44.4 -130 -131 62.3
81.1 175.7 138.7
560.3 112 26.8 36.1 73.8 -1.3
1576.8 21.6 -26.7 8 -257 159.5
2546.5 29.5 56.2 -145.7 -137.2 60.9
82.5 184.5 149.6
564.1 127.3 36.7 44.8 82.4 3.9
1580.4 46.3 -13.5 22.9 -252.9 178.3
2556.4 62 60.3 -133.1 -157.3 78.2
89 194.1 162.8
560.8 121.8 20.5 26.2 69.5 4.1
1580.3 50.4 -30.3 -5.9 -270.4 183.7
2550.8 49.4 40.5 -156 -173.2 81.7
96.3 207.4 186
564.1 129.4 22.3 21.3 74 5.2
1585.1 64.3 -34.6 -18.7 -265.3 184.3
2546.6 60.4 44.7 -158.6 -137.1 79.6
137 244.5 201.4
592.2 157.3 3.5 -27.4 43.8 18.2
1626.1 88.1 -61.2 -78.5 -303.9 188.4
2599.1 100 59.2 -201.3 -159.2 62.1
147.1 252.9 227.2
593.3 155.3 -1.4 -35.4 44.6 22.3
1636.2 89.3 -81.6 -89.5 -306 187.7
2600.1 75.8 38.6 -211.4 -153.8 82.7
185.3 298.4 250.1
618.3 180.7 -12.5 -73.6 21.5 31
1679.8 122.1 -107.2 -140.8 -331.2 191.5
2642.1 85.5 40.2 -258.4 -142.6 71.4
201 325.5 254.9
628.6 189.6 -17.3 -87.9 13.2 33.6
1714.1 125.4 -110.5 -163.4 -337.1 191.4
2684.6 99.7 34.5 -283.1 -141.8 76.3
225.6 389.9 286.4
672.7 232.6 12.6 -114.7 -6.7 -1.7
1797.2 105 -51.4 -223.7 -320.4 145.1
2785.7 131.5 83.2 -334.9 -144.7 36.6
230.1 396.7 299.3
700 254.4 26.9 -131.3 -9.2 -8.1
1836.6 85.7 -30.2 -250.8 -299.3 141.9
2873.9 137.7 118.3 -363.6 -155.1 59.1
233.4 400.5 291.2
741.9 307.2 60.5 -133.8 -16.8 -26.1
1878.3 87.8 -4.7 -267 -299.6 120.2
2947.6 191.9 155.8 -380.7 -185.5 15.5
222.2 387.2 277.8
748.5 313.1 85.1 -109.8 -1.1 -35.6
1921.5 36.6 33.9 -263.6 -258.7 117.9
3025.7 227.7 201.2 -377.8 -188 -1.5
217.8 390.9 263.2
770.8 341.9 108 -99.4 3.6 -37.4
1975.4 47.2 58.7 -252.1 -229.5 118.8
3078.4 260.1 235.9 -369.2 -153.2 7.6
223.6 405.7 266
777.4 346.8 110 -98.1 6.2 -37.7
2015 42.6 63.9 -244.5 -200.2 122.6
3126.1 262 250.5 -354.2 -125.3 18.9
247.8 429.2 268.2
775.8 345.3 92.5 -100.1 14.8 -13.7
2033.9 92.9 44.7 -224.6 -203.3 123
3155.4 308.9 250.1 -343.4 -120.7 1.6
258.8 447.2 289.9
768.6 330.9 68 -96.4 32.6 14.8
2069.2 108.9 26 -211.7 -175.5 161.4
3185.8 301.3 234 -340.3 -97.3 37.9
winner is: 3
