Regression analysis information for: argentine_mismatch_interrogative-total-yn_Mi-novio-viene-del-lago
number of formants: 3
number of coefficients: 5
91.9 202.6 170.2
501.2 -46.1 16.8 32.9 -6.7 2.7
1533.1 312.3 -262.5 142.4 48.8 10.8
2447.9 91.6 -110.5 123.4 28.6 -34.1
97.2 229.4 175.5
509.6 -55.4 37.1 24.7 8.9 -1.7
1544.2 294.9 -219.9 106.6 58.1 17.3
2494.7 70 -48 62.6 27 -67.3
101.1 225.9 166.9
506.1 -46.1 33.8 32.8 8.6 4.8
1550.4 309.5 -220 111 65.1 18.3
2521.3 67.3 -32.4 43.9 33.9 -69
105.4 217 172.4
497.3 -37.2 21.7 41.1 1 11.2
1555.2 325.5 -235.3 129.3 67.6 11.5
2533.1 90.3 -47.6 42.7 23.1 -65.8
108.3 219.8 163.3
496.5 -37.9 24.9 40.5 5.6 12.5
1570 341.6 -230.8 149.7 89.3 8.2
2566.1 99.8 -48.5 57.7 44.4 -86
109.3 232.3 171.5
496.2 -42.7 28.9 36 10.3 9.9
1574.3 340.1 -225.5 140.4 99.3 -2.7
2590.6 109.3 -28 54.9 65.6 -95.1
108.7 254.5 178.3
499.7 -52.6 39.5 26.8 20.4 3.8
1585.6 326.1 -201.9 117.4 122.1 -18
2610 103.4 -6.2 40.6 92.3 -111.4
112.2 276.4 184.7
504.1 -64.1 51.5 17.7 31 -1.1
1603.4 309.7 -163 95.7 154 -26.6
2628.8 93.8 24.8 27.3 121.6 -126.2
120 283.3 183.1
508.4 -61.3 61.4 22.1 39.9 5
1608.2 285.8 -141.3 91.4 187.6 -14.4
2658.1 74.8 79 9.7 170.6 -144
123.9 274.6 167.2
513.6 -56.7 71.9 29.1 47.6 12.7
1607.9 276.7 -124 114.1 203.3 -0.5
2661.4 61.5 120.7 32 183.4 -157.7
123.5 276.5 166.1
516.2 -63.3 75 25.8 46.4 12.7
1624.1 258.9 -104.7 109.1 205.5 -0.5
2673.7 46.9 133.1 15.8 165.5 -153.6
122.5 280 181.8
519.6 -68.3 77.3 23.6 43.8 13.8
1653.5 258.1 -94.7 100 194.1 6.2
2710.7 51.3 124.7 -31.8 138.5 -138.3
121.7 281.2 196.3
524.1 -70.7 79.5 23.3 41.2 17.5
1698.5 295.9 -92 104.5 165.8 21.2
2790.8 82.6 131.6 -69.7 130.7 -103.7
122.3 281.1 216.3
528.6 -71.1 80.6 23.8 39.2 21.4
1761.4 322.7 -75.4 120.4 142.6 67.4
2888.6 110.2 137.7 -97.6 120.4 -31.6
121.4 288.1 177.2
535.4 -76.1 83.5 22.5 35.6 27.8
1827.6 324.8 -58.1 161.7 85.6 105.5
3035.5 133.2 132.5 -147.6 39.6 80.5
120.6 289.2 153.9
537.9 -84 80.4 18.4 28.7 27.3
1889.3 264.8 -23.4 180.6 49.9 140.4
3113.7 135 164.2 -121.6 29.5 86.7
115.7 285.1 151.9
538.5 -96.6 77.1 10.1 21.9 19
1953.3 140.7 37.5 145.6 29.3 159.8
3156.9 53 158.6 -141.3 -16.7 62.7
115.6 283.8 172.2
539.1 -98.6 76.2 9.3 18.5 14.2
1968.2 133.1 56.9 146.7 45.9 143.9
3186.3 -7.8 156.9 -146.1 -29.1 46.3
121.2 295.7 191.7
539.7 -90.6 77.6 15.2 19.6 13.5
1974.3 124.6 69.1 149.3 57.8 141.3
3216.5 -8.9 186.5 -115.4 3.5 64.6
126.8 306.9 211
542.5 -81.2 82.7 24.4 21.2 19.6
1985.7 106.5 88.4 144.6 77.6 134.8
3244.9 -32.7 211.9 -103.7 39.6 63.5
winner is: 1
