Regression analysis information for: argentine_match_interrogative-total-yn_Ana-lleva-el-abrigo
number of formants: 3
number of coefficients: 5
68.7 232.9 157
561.6 88.4 53.1 -17.6 48.5 5.3
1466.2 143.3 -231.3 188.9 -189.6 -47.3
2420.4 -34.2 -66.3 26.8 -128.6 2.8
64.8 204.3 121
574.6 82.8 73.5 -22.6 54.3 3.6
1501.3 171.7 -201.4 175.3 -208.4 -81.5
2475.6 2.2 -8 8.3 -139.7 -32.6
64.3 204.2 120
576.3 85.9 77.2 -22.7 54.2 1.4
1517 189.3 -195 175.4 -214.9 -88.7
2502.5 24.1 10.4 -3.9 -157.1 -46
64.6 211.7 130
572.3 90.8 74.8 -20.5 54.9 2
1520.9 195.2 -197.5 177.5 -212.3 -90.5
2519.5 36.4 8.6 -8.8 -165.1 -41.2
66.9 218.1 135.5
566.3 94.3 70.5 -19.8 55.7 1.4
1520.6 201.4 -204.7 179.5 -213 -96.6
2532.5 35 16.5 -14.4 -167.6 -46
68 225.9 144.6
560.4 91.6 69.9 -20.7 63.4 4.1
1524.4 200.6 -202.1 178.9 -210.2 -98.8
2550.5 25 35.3 -26 -163.9 -57.5
71.1 239.8 158.9
563.1 95.9 70.6 -31.1 61.7 3.9
1534.9 202.3 -196.4 169.8 -210.4 -92.8
2564.1 33.1 44.6 -37.8 -161.6 -60.9
75.8 254.5 180.6
557.1 86.5 64.1 -39.4 63.5 7.6
1537.8 198.5 -183.3 153.5 -195.7 -92.6
2563.3 6.4 45.9 -67.9 -160.7 -63.1
80 269.1 204.4
557.4 93.5 66 -38.9 70.1 17.3
1535.2 203.2 -176.9 141.7 -176.5 -92.5
2561.4 6.2 54.4 -71.3 -134.7 -56.2
111.7 304.5 221
579.7 104.1 66.8 -79.3 43 5.7
1576.2 173.6 -157.6 58.5 -195.2 -119.8
2593.9 -6 83.5 -120.9 -128.4 -64.2
134.4 352.1 236.6
601.5 119.4 69.8 -107.5 22.3 3.6
1632.5 152.1 -113.5 9.9 -186.6 -113.4
2643.9 -26.3 125.1 -165.4 -109.1 -66.9
143.3 364.8 234.2
615.3 124.6 75.4 -121 14.7 3.8
1673.3 153.6 -83.1 2 -162.1 -102.4
2695.8 -30.7 157.9 -195.3 -98.5 -70.4
148.7 365.3 219.5
621.6 134.4 72.8 -123.1 9.6 6.9
1705.6 150.6 -107.7 -20.1 -178.8 -106.8
2756.8 25.4 177.1 -193.4 -110.7 -75.1
153.5 375 226.3
633.1 139.3 72.5 -132.7 4 10.9
1756.4 114.2 -131.8 -63.8 -196.3 -102.5
2838.2 46.4 181 -217.1 -137.8 -83.3
156.8 409 246.1
641.2 141.8 75.1 -128.2 6.1 24.3
1816.2 103.5 -134.6 -99.8 -150.1 -106.2
2916.3 50.6 175.7 -220.7 -135.4 -56.2
155 367.5 258.7
642.7 141.5 75.3 -117.7 15.7 38.2
1875.8 37.8 -133.3 -49.4 -201.1 7.4
3013.9 6.2 202.9 -182.6 -165.5 55.6
164.6 381.4 283.7
653.2 144.4 83.4 -121.1 18.9 38.5
1944.5 -17.6 -82.5 -62.9 -156.5 0.2
3085.6 3.8 227.9 -168.3 -114.1 75.7
177.7 385.8 297.7
667.4 149.9 89.9 -132.3 7.3 41
1994.3 -41.2 -39.2 -66 -154.1 23.8
3118.3 10.1 265.7 -166.1 -92.4 71.6
197.2 415.6 330.2
683.1 175.5 86.7 -152.8 -18.8 28
2011.5 -25.8 -43.7 -82.9 -161.1 -34.7
3135.2 -3.3 265.5 -202 -79.4 28.4
213.6 439.7 360.1
692.1 186.6 83.6 -172.8 -38.8 14.1
2028.1 -21.7 -41.5 -97.5 -183.1 -60.5
3163.1 -4.5 286.4 -217 -83.7 27.6
winner is: 3
