Regression analysis information for: argentine_mismatch_interrogative-total-yn_La-nina-lava-el-plato
number of formants: 3
number of coefficients: 5
65.5 177.9 151.2
559.6 -18.4 11.1 23.3 24.2 54
1558.9 372.4 40 -36.7 -195.5 -89.7
2542.6 130.5 173.8 -54.2 -50.6 25.9
65.4 173.1 137.2
559.6 -21 8.3 21.4 23.1 51.6
1567.3 363.6 25 -26.5 -190.4 -99.7
2557.6 103 147.8 -42.7 -39.1 1.3
64.4 149.9 100.7
560.3 -23.9 4.2 23.4 19.9 47.8
1588.1 367.4 13.1 -5.6 -205.9 -122
2609 91.2 142 10.3 -44.3 -20.8
65.4 144.6 104.4
558.1 -24.6 3.7 23.7 19.3 48.9
1594 377 10.9 -8 -217.1 -127.3
2625.1 87.6 145.4 4.9 -48 -20.3
66.5 140.7 109.9
555.3 -25.2 2.4 25.5 19.8 49.6
1602.1 386.5 8.2 -5.5 -225.1 -136.1
2643.4 84.9 141.4 7.2 -52.6 -27.8
67.1 153.4 114.5
550 -25.7 -1.6 27.5 21 49.4
1597.2 399.3 6.6 4.2 -229.1 -129.1
2649.7 91.1 131.2 14.9 -62.1 -32.1
69.1 172.8 124.6
543.8 -22.6 -6 31.3 24.7 49.2
1610.7 418 21.7 20.5 -211.9 -109.9
2654.5 103.8 128.3 28.5 -56.5 -27.6
70.6 189.2 128.5
537.6 -27 -8.2 31.8 26.7 48.5
1604.2 412.1 33 38.2 -193.5 -100.4
2664.4 87 138.8 34.2 -62 -35.1
70.2 190 136.4
534.1 -30.6 -8.5 33.8 30.7 49.2
1603.8 408.7 40.5 38.9 -190.8 -107.5
2672.1 68.8 167.8 45.8 -61.5 -62.9
70.3 196.5 138.2
534.3 -36.6 -6.7 32.1 33.7 51
1605.3 400.5 45.4 32.1 -182.3 -105.8
2682 41.4 197.2 29.2 -29.1 -77.7
69.6 208.5 150.3
537.9 -51 -0.6 26.9 38 56.3
1612.2 365.3 60 22.8 -158.2 -86
2713.5 -25.3 238.7 3.5 5.9 -60.9
68.4 206.6 150.6
541 -56.9 2 22.3 39.2 58
1632.8 341.7 64.5 -10.5 -161.7 -79.4
2748 -73 243 -31.3 -4.6 -32.2
67 209 167.6
544.1 -60.4 3.1 18.1 39.2 60.3
1672.7 350.4 69.8 -56.7 -172.7 -90.9
2807.7 -81.4 237.2 -82.6 -29.2 -3.4
68 207.3 177.8
547.9 -63.5 4 14.7 38 64.3
1699.2 368.3 61.7 -64.1 -182.5 -90.8
2875.1 -58.1 210.5 -121.9 -67.4 44.9
76.9 211.8 185
563.7 -57.8 14.8 29.6 49.4 76.5
1766.5 382.4 81.8 -77.1 -191.6 -102
2958.5 -14 197.5 -149.5 -78.1 63
89.1 247.2 204.7
584.7 -48 15.2 62.8 61.9 76
1825.4 370.8 75.7 -30.8 -169.4 -122.2
3030.8 -9.3 182 -132.9 -59.9 42.6
104.3 282.2 223.3
601.2 -35.2 11.6 101.3 77.4 75.5
1874.4 367 84.3 0.4 -142.2 -132.1
3100.4 -10.2 188.7 -108.9 -35.7 32.5
110.4 284.3 235.2
605.1 -28.5 14.7 113 86 82.8
1897.7 368.7 68.4 13.9 -132.1 -146.9
3148.3 -15.6 170.9 -68.7 -35.8 26.1
115.6 284.7 235
609.1 -28.2 14.1 124.9 92.3 85.7
1909.7 387.5 56 38.7 -124.4 -156.5
3175.7 -21.6 162.6 -23.3 -42.2 33.3
149.3 279.9 239.8
627.3 8.7 34.7 112.9 66.9 57.5
1919.1 423.4 52 44.9 -128.1 -176.2
3189.7 -27.6 162.4 8 -37 35
winner is: 4
