Regression analysis information for: argentine_mismatch_declarative-broad-focus_El-nino-oye-el-rio
number of formants: 3
number of coefficients: 5
71.2 366.6 211.3
498.1 -39.2 9.3 -19.6 138.5 35.3
1542.3 82.4 111.5 206 -129.6 39.6
2507.6 104.1 -38.2 50.8 -121.2 -37.9
73.8 345.9 177.5
506.4 -32.1 12.7 -22.9 140.9 35.9
1639.1 175.2 119.1 124.5 -215.7 -9.2
2572.2 164.9 -34.6 17.1 -106.6 -35.4
75.3 336.6 160.1
508.9 -29.6 14.2 -27 138.5 33.1
1672.7 206.9 123.3 102.4 -232.3 -8.4
2598.9 188 -9.9 25.8 -87.4 -24.7
78.6 337 132.7
511.1 -31.6 14.8 -29.8 137.6 30.8
1692 200.4 124.1 112.8 -234.4 -19.2
2630.5 184.4 2.4 44.3 -70.7 0.6
84.2 342.4 134
520.3 -46.5 20.7 -36.8 151 11.9
1703.1 190.3 130.6 118.3 -221.2 -37.3
2657.5 165.4 11.5 37.9 -50.2 -15
92.6 355.2 139
527.9 -53.9 11.3 -34.9 167.2 -3.8
1707.6 186 119.1 123.8 -210.6 -39.8
2674.2 152 8.6 39.2 -52 -21.6
93.3 341.5 142.3
524.9 -53.6 2 -31.8 169 -6.3
1730 219.9 131.2 134 -217.5 -61.9
2695.4 181.5 29.7 47.2 -42 -18.8
90.9 343.2 147.3
519.5 -65.5 0 -28.4 177.8 -9
1734.5 225.3 140.5 146.8 -210.2 -84.2
2705.2 182.4 27.1 41.1 -42.2 -29.6
94.1 340.1 169.3
518.6 -70.3 1.4 -23.2 185.2 -16.5
1761.2 223.8 166.2 136.7 -200.5 -124.2
2722.8 154.3 71.2 31.8 -21.8 -79.9
107.5 341.1 179.6
533.6 -89 3 -15.3 195.6 -24.4
1790.4 173 197.7 135.4 -175.6 -166.3
2747.8 88.8 121.3 30 26.7 -144.4
121.1 337 174.3
546.1 -106.3 -5 -4.2 200.6 -32.9
1808.7 152.1 205.5 125.2 -166.1 -188
2779.6 65.3 119.5 32 65.7 -142.5
138.1 349.1 194.7
563.3 -117.9 -25.9 7.4 212.8 -41.2
1849.6 131.1 191 144.4 -184.8 -185.5
2856.5 39.5 104.5 35.4 73.8 -127.8
146.3 368.2 211.9
573.1 -121.6 -37.4 8.3 218.8 -38.7
1888.1 121.5 152.9 135.8 -198.4 -176.8
2924.9 49.5 67.2 -13 79.1 -107.2
177 367.1 238.8
610.2 -134.9 -97 33.4 254.4 -67.2
1965.9 132.9 93.4 93.8 -247.1 -186.2
3004.1 55.9 10.4 -34.9 71.4 -95.9
195.2 365.7 252.4
639.3 -139.9 -147.6 49.5 287.8 -84
2022.1 105.2 27.6 108.6 -239 -167.8
3059.3 36.3 -22.2 -33 81.7 -90.1
198.4 326.1 258.7
653 -146.1 -167.6 52.6 298.3 -87.3
2085.4 102 -61.7 111 -216.6 -119.1
3107.8 14.6 -52 -5 58.7 -94.3
200.3 327.1 267.1
657.7 -148.3 -176 59.6 306.6 -92.7
2099.4 115.9 -85.2 125.4 -205.9 -125.6
3138.9 15.9 -72.7 -1.1 77.8 -107.4
197.4 344.9 275.8
657.7 -148.4 -178.3 60.4 317.4 -98.4
2096.6 117.1 -79.9 151.4 -185.6 -144.5
3147.2 20.6 -76.5 9.9 104.7 -124.7
199.3 367.7 288.1
652.7 -145 -165.9 63.8 311.8 -91.8
2090.1 97.7 -59.5 219.8 -174.6 -183.2
3148.6 -6.4 -87 82.7 157 -139.9
195.1 361.3 295.4
648.3 -150.4 -173.7 54.6 314.6 -102
2093 102.3 -41.1 234.2 -189 -219.6
3159.3 -5.7 -85.5 95.7 179.7 -140.9
winner is: 4
