Regression analysis information for: argentine_match_declarative-narrow-focus_Daniel-iba-a-Bolivia
number of formants: 3
number of coefficients: 5
72.6 226.5 186.6
474.6 -15.4 18.9 -49.6 73.9 -64.7
1648.2 -106.4 39.1 -118.5 -326.9 296.5
2422.5 -52 -137.2 -51.7 -152.7 81
71.9 196.4 172.3
479.2 -17.8 25.5 -55.4 75.1 -70.6
1690.4 -63.9 63.6 -133.2 -362 261.4
2460.2 -30.6 -101 -51.5 -146.9 68.1
72.4 192.1 157.8
478.5 -15.8 26.5 -57.1 73.2 -73.3
1702.7 -50.1 71.8 -137.7 -373.3 253
2484.6 4.3 -80.2 -48.6 -155.3 51.9
70.1 175.1 139.9
475 -20.2 26.3 -66 72.1 -81.3
1716.6 -26.7 81.7 -157.5 -399.5 237.8
2516.6 27.9 -54.8 -60.4 -166.6 18.1
71.8 167.1 124.6
475.8 -21.7 32.4 -71.3 76.3 -89.7
1729.9 -2.4 100.1 -157.5 -399.4 246.5
2548 57.5 -17.4 -70.7 -154.8 10.9
74.6 166 121
476.8 -28.4 38.3 -78.1 82.5 -99
1737.2 8.7 107.8 -155.2 -396.5 252.1
2571.1 67.5 10.9 -65.8 -128.9 7.8
77.1 172.1 122.3
479 -27 46.4 -74.7 91.1 -99.1
1743.5 16.6 113 -151.5 -386.6 259
2587.5 83.7 24.2 -66.9 -116.8 11.2
83 179.8 133.1
484.6 -29.2 61.6 -72.6 107.9 -98.5
1740.3 14.1 123.8 -137.7 -375.4 243.2
2600.6 72.5 53.6 -75.1 -96.7 -19.3
87.5 182 146.9
486.1 -37.3 69.1 -70.6 118.8 -97.4
1742.2 11.2 131.3 -124.8 -379.4 228.5
2616.4 53 91.3 -76.1 -81.9 -49.1
95.3 184.9 162.8
491.4 -40.7 81.6 -67.1 133.6 -94
1748.3 1.3 140.8 -103.6 -377.7 209.8
2626.9 16.1 130.6 -68 -47.1 -69.3
104.9 205.1 176.2
499.7 -47.2 95.7 -70.4 150.2 -97.4
1769.1 -20.5 145.9 -125.7 -357.6 208.7
2644.3 -16.6 148.4 -79.5 -9.5 -67.3
100.7 219.6 196.6
501.8 -54 95.6 -75.9 154.6 -104.7
1793.1 -19 128.9 -133.7 -354.4 230.1
2686.5 -20.4 141.5 -123.4 -8.7 -54.8
95.6 234.4 210.7
500.2 -53.1 85.9 -75 151.5 -107
1821.3 -20.8 111.3 -149.4 -353.5 248.7
2725.7 -20.6 120.6 -161 -17.6 -26.2
100.2 250.5 233.8
510.7 -54 95.5 -72.3 162.1 -100.5
1857.4 -32.6 107.4 -162.2 -338.9 273.6
2793.1 -22.6 112.9 -197.3 -24.7 15.4
115.1 254.7 249.1
529.6 -78.9 115.8 -81.9 167.6 -90.2
1880.6 -41.5 115.7 -172.4 -335.5 293.2
2869.3 -39 97.2 -248.5 -7.5 86.7
127.7 258.7 247.8
541.4 -100.4 125.7 -95.6 172.2 -92.8
1924.4 -52.3 96.9 -155.6 -304.4 284.5
2946.2 -90.5 111.5 -264.1 11.6 112.8
141.9 262.9 245.4
554.7 -120.2 142.5 -108.1 180.1 -90.8
1980.8 -52.3 54.2 -140.3 -238.3 274.2
2996.4 -127.1 111.6 -259.8 20.5 123.6
158.2 267.1 240.7
575.8 -132.6 169 -108 196.4 -80.6
2042.2 -55.8 23.9 -126.4 -158.8 260
3093.9 -157.6 71.7 -243.6 120.5 149.3
182.1 270.6 260.5
603.1 -157.9 204.1 -111.8 197.1 -57.1
2090.7 -45.6 50.2 -93.1 -130.5 246.6
3194.1 -104.6 161.2 -159 196.8 198.4
195.1 281.4 275.9
615.1 -163 213.3 -104.3 201.7 -55.6
2123.5 -33 77 -80.9 -112.8 238.7
3256.2 -44.5 210.2 -102.5 234.7 241.2
winner is: 6
