Regression analysis information for: argentine_mismatch_declarative-narrow-focus_El-bebe-comia-muy-bien
number of formants: 3
number of coefficients: 5
73.3 249.5 174.1
484.7 4.7 -20.3 -1.6 12.6 -24.3
1629.5 1 94.6 37.9 1.3 48.2
2397.3 59.2 -34.3 61.8 -16.2 66.5
73 222.3 146.3
482.4 13 -29.8 10.7 7.8 -15.2
1659.2 -5.2 91.5 68.7 -25.7 107
2434.3 62.8 -40.8 105.6 -23.8 93.9
76 220.7 133
484.8 18.1 -32.3 19.6 12.2 -9.9
1660.2 25.7 66 99.1 -41.8 143.3
2443.4 84.3 -62.7 134.3 -31.4 107.6
77.5 214.9 138.2
485.9 15 -34.1 18.8 14.2 -10.7
1681.1 -3.9 91.8 68.3 -13.9 132.7
2470.6 69.6 -37.2 122.4 2.7 94.9
82.4 220.8 147.4
491.1 4.6 -36.7 17.4 20.6 -24.5
1702.7 -32.4 107.4 48 15.3 114.9
2507.2 21.6 0.4 86.5 48.5 58.8
83.2 223.4 137.1
484 -3.2 -37.9 3.6 12.5 -30
1707.1 -47.5 114.3 40 19.9 106
2529.6 -15.3 27.2 58.4 67.2 43.9
81.6 215.1 113.1
476.8 0.6 -24.4 -6.4 6.4 -14.6
1706 -64.3 150.2 10.8 22.5 113
2547.8 -50.7 67 18.1 84.8 40.3
84.7 222.3 113.6
473.7 7 -15.6 6.3 4.7 -16.6
1692 -69.6 182.6 20 -1.3 95.6
2555.6 -60.9 85.8 12.1 85.4 34.3
85.1 225.9 114.2
468 16.4 -4.8 6.7 3.2 -5.8
1690.3 -73 186.2 25.7 6.2 88.9
2553 -67.1 105.6 14.5 86.9 33
110.5 221.1 115.9
478.3 54.3 30.6 36.1 31.3 33
1685.4 -63.6 203.2 50.9 28.7 113.9
2543.8 -54.9 139.6 43.2 102.6 57.9
129.3 223.7 135.8
498.1 46.1 38.8 45 49.1 30
1717.3 -68.1 177.7 72 53.4 98.3
2580.7 -58.2 118.2 63.9 131.6 41.4
136.9 232.4 146.8
506 71.3 13 68.2 62.2 34.2
1769.9 -34.4 107.4 74.4 79.6 100.8
2629.2 -20.5 62.2 84.9 164.4 48.5
136.6 182.6 170.7
529.7 76.8 -22.9 51.5 79.3 55.6
1873.8 31.5 -1.7 -16.5 82 173.1
2754.2 31.8 -61.9 48.1 183.2 75.8
138.3 163.2 184.8
540 76 -36.5 56.9 85.6 43.7
1932.8 73 -35.7 -38.6 83 164
2884.8 128.6 -140.2 -40.9 140.4 73.5
139.3 150.2 169.8
541.3 73.9 -41.7 58.6 76.9 39.4
1977 95 -38.3 -30.1 54.6 151.9
2976.3 183.5 -158.7 -66.7 68.1 58
153.9 165.3 192.7
546.7 69.7 -21.5 59 87 31.4
2005.2 95.7 -20.2 -21.8 56.1 152.5
3028 195.9 -114.3 -49.2 23.9 17.2
162.9 192.1 218.3
546.5 61.5 -5.9 52.9 93.2 20.6
2005.2 74.6 11.2 -9.2 46.1 132.1
3051.2 170.6 -89.5 -30 19.9 8.4
187.2 219.7 252.9
557.6 43.6 19.6 42 104.5 21.5
1999.9 41.1 47.3 -6.5 43.7 118.9
3077.9 139.5 -82.5 -46.2 54.1 49.1
223.1 252.9 286.6
572.9 9 93.7 29.7 116.2 23.3
1998.3 12.2 121.2 -15.7 53.6 115.9
3096.5 89.7 -9 -36.3 67.7 30.5
265.7 280.8 316.3
614.3 -28.5 160.3 3.1 182.5 12.9
2016.8 -14.9 175.4 -38.6 93.7 114.4
3122.5 33.5 79.9 -66.4 116.8 16.7
winner is: 7
