Regression analysis information for: argentine_mismatch_declarative-broad-focus_La-nina-lava-el-plato
number of formants: 3
number of coefficients: 5
81.6 365.5 370.7
522.9 -66.2 20.7 18.9 90.5 5.4
1345.8 8.8 18.2 -87.5 144.1 239
2343.5 74.5 166.1 -161.3 -25.2 156.3
83.7 322.3 223.7
538 -53.9 30.4 22.9 73.5 -8.4
1513.6 102.1 -6.8 -96.5 8.4 177
2529.7 61 64.6 -26.5 -3.4 44.2
73.3 218.2 124.7
553.9 -48.9 31.5 25.4 62.8 -18.7
1643.7 151.7 -0.3 -81.3 -80.3 130.8
2613.2 24.9 59.1 2.1 -26.2 38.1
72.6 182.8 114.7
554.9 -48 31.5 25.1 60.2 -21.6
1685.6 217 21.7 -101.6 -124.8 84.6
2627.8 44.2 76.6 7.2 -13.1 43
74.4 201.9 115.4
553 -50.3 31.4 27.2 61.9 -19.9
1684.7 210.7 21.9 -92.3 -107.3 101.7
2658.9 75.8 87.6 -15.2 -29 25.8
73.5 204.3 119.1
550.6 -50.1 32.2 26.7 63.4 -20.1
1694.8 221.1 33.6 -88.7 -118.2 82.8
2688.8 97.2 100.1 -14.7 -32.7 28.4
75.6 200.6 119
546 -52.1 33.3 28.2 67.7 -17.9
1712.3 237.2 25.6 -118.4 -142.6 90.1
2706.1 107.5 96 -26 -40.6 32.4
75.6 194.7 124
541.9 -49.8 34.6 25.6 68 -18.7
1720.7 256.7 33.1 -138 -160.8 81.1
2713.3 110.4 112.4 -28.8 -44.2 22.9
77.4 193.1 126.7
537.6 -48.1 35.7 26 67.8 -20.3
1716.3 260.1 31.8 -148 -159.9 96.1
2714.6 109 127.9 -31.8 -41.7 25.3
80.2 198.6 133.7
534.6 -49.8 36.9 24.8 69.7 -21.1
1697.6 265.5 39.6 -134.8 -149.4 95.5
2700.9 100.9 169 -23.6 -44.6 13
82.7 206.3 159.4
538.8 -62.8 47.4 11.1 82.8 -31.6
1710.9 266.6 65.5 -185.2 -135.7 66.3
2699.7 70.4 175.9 -63.9 -22.7 2.3
85.6 210 167.9
539.9 -70.2 49.6 6.4 90.9 -36.1
1740.6 304.3 47.3 -210.4 -175 34.8
2739.2 74 161.6 -81.8 -28.8 -5.6
87.7 223.6 166.9
542.1 -77.1 51.6 0.4 98.5 -37.3
1758.4 306.5 38.3 -230.9 -156.2 26.2
2770.5 77.8 133.3 -81.9 -10.6 -1.2
92.2 241.1 174
542.6 -81.2 47.4 2.6 100.4 -34.9
1788.2 289.5 29.9 -247.7 -136.8 10.1
2802.6 61.7 91.2 -76.3 11 2.9
101.7 292.2 201.4
553.6 -101.8 47 15.6 83.8 -14.3
1805.2 231.3 3.7 -232.1 -121.4 41.5
2849.7 42.6 56.7 -61.7 11.3 30.4
104.4 326.5 217.4
563.7 -120.5 50 19.8 75.5 -1.9
1845.4 174.5 -17.5 -240.3 -138 87
2896.3 -3.7 36 -70.9 24.3 72.4
109.5 335.3 230.2
571.9 -137.7 54 17.6 72.1 0.6
1873.7 167.4 -35 -252.5 -156.6 102.8
2940.4 -11.5 20.9 -97.5 40.1 88
120 362.8 255.8
585.1 -125.5 78.5 32.1 96.8 16
1896.9 143.1 9.4 -233.9 -101 119.2
2977.7 -16 55.7 -103.3 74.9 105.9
133.1 384.8 295.8
604.5 -97.3 109.1 70.5 124.2 49.9
1928.5 126.3 43.2 -159.6 -94.6 188.8
3038.9 -66.6 101 -41.8 78.4 159.9
139.6 400.2 302.1
613.2 -87.7 125.2 80.1 138.2 59.6
1942 126.9 67.6 -132.1 -82.2 205.8
3063.6 -77.6 127.5 -32.2 95.6 180.1
winner is: 4
