Regression analysis information for: argentine_mismatch_interrogative-partial-wh_Por-que-odiaba-la-lluvia
number of formants: 3
number of coefficients: 5
75.4 296.5 132.8
540.6 -4.2 -0.3 21.1 68.8 -42.1
1543.8 -94.7 -68.2 -149.9 -32.3 -28.2
2506.3 -61.1 -52.3 -28.5 -62.7 51.4
89 302.2 123.6
549.7 -4.6 -10.8 43.5 61.6 -49.5
1572.7 -64.6 -66.3 -134 -30.4 -52.5
2538.5 -43 -42 9.2 -36 48.9
105.5 308.4 129.5
553.4 -5.1 -22.8 61 49.2 -55.7
1578.6 -61.2 -73.6 -127 -43.2 -66.8
2550.2 -30.3 -58.9 44.2 -55.6 54.4
121 315.6 125
560.2 -15.1 -34.7 80.9 33.6 -64.2
1590.6 -62.7 -79.4 -115 -59 -84.8
2574.4 -22.5 -53.3 54.6 -68.2 32.5
147.8 332.5 123.1
576.3 -36.8 -58 115.3 10.8 -89.8
1611.7 -69.8 -88.3 -83.5 -70.6 -101.2
2601.4 -31.7 -62.9 67.2 -88.4 -4.5
173.9 345.8 129
592.9 -53.2 -75.3 149.5 -1.8 -112.6
1627.7 -76.1 -97 -58 -81.8 -116.9
2621.6 -39.4 -58.8 73 -86 -20.7
178.6 355.1 142.4
595.7 -52.3 -70.7 155.7 3.1 -109.2
1629.7 -65.4 -93.1 -43.2 -73 -114.6
2643.1 -50.2 -53.1 73.6 -72 -39.3
178.6 363.3 150
595.9 -56 -63.7 153.4 -2.9 -98
1639.2 -77.7 -92.7 -30.6 -95.6 -110.4
2664.5 -62.9 -45.9 87.6 -84.2 -35
186.3 369.5 161.5
600.4 -61.1 -64.8 159.3 -3.9 -102.7
1658.1 -90.3 -89.7 -3.9 -116.9 -103.1
2686.4 -61.7 -23.7 105.9 -75.3 -23.5
200.9 380.9 187.1
617.2 -69.9 -46.9 167.4 12.1 -107.9
1690.8 -107.6 -47.6 11.9 -92 -110.4
2708.2 -84.5 18.3 137.9 -26.3 -12.5
211.2 378.8 202.1
631.4 -93.1 -30.1 156.9 25.1 -126.7
1697.9 -122.7 -28.7 12.8 -75.4 -111.3
2732 -79.5 64.5 169.8 4.3 -14.6
210.6 386.3 209.7
634.2 -74.7 -6.7 158.7 39.6 -101.6
1719.7 -131.4 5.6 -7.5 -65.5 -100.4
2766.1 -76.8 96.9 161.8 17.7 -12.9
211 391.7 220.9
634 -109.3 -21.1 135.5 15.8 -125.8
1738.4 -144.9 -2.2 -46.5 -80.2 -116.3
2832.4 -40.1 93.1 104.2 -54.2 -62.5
232.8 413.5 236.1
655.5 -98.3 -13.3 168.2 19.6 -115.9
1805.7 -147.5 10.5 -15.3 -114.4 -81.8
2927.3 -29.5 100.6 90.4 -79.2 -40
257.8 370.9 257.1
688.3 -124.5 -42.9 203.9 10.1 -160.7
1943.1 -199.3 16.8 102 -189.5 9.2
3057.7 -80 48.1 115.9 -110.9 2.4
266.7 307.8 259.9
708.6 -118.1 -55.5 234.5 14.9 -168.7
2060.3 -249.4 -35.3 178.6 -228.5 85.6
3158.5 -99 4.5 134.1 -90.9 37.5
275.6 291.3 250.5
723 -103 -44 257.9 29.4 -153.2
2122.6 -245.6 -26.7 234.2 -238.4 148.8
3199.8 -80.9 2.1 144.7 -48.7 59.5
278.4 293.9 255.7
724.1 -95.6 -44.5 268.3 28.7 -146.1
2130.4 -238 -26.6 250.2 -229.1 163.1
3220.8 -79.3 4.5 153.2 -26.7 55.3
278.1 302.2 268.4
726.5 -93.6 -40.6 275.5 36.2 -144
2136.4 -249.2 -21.1 262.6 -218.5 167
3241.2 -99.3 13.3 156.7 -21.5 57.1
284 301.4 301.3
729.4 -74.1 -32.2 287.7 45.2 -137.9
2140.9 -194.5 6.5 263.4 -228.8 162.9
3294.5 -61.2 65.9 191.6 -68.4 94.7
winner is: 1
