Regression analysis information for: castilian_mismatch_declarative-narrow-focus_El-hombre-mira-la-luna
number of formants: 3
number of coefficients: 5
101.9 298.2 267.7
501.6 -58.6 61 -21.7 144.8 -91.9
1553.7 178.2 90.3 -217.8 188.2 181.8
2280.2 209.7 -12.1 -130.8 46.4 136.1
104 251.5 297.4
509.6 -63.9 57.3 -21 147.5 -101.5
1684 157.9 -28.5 -158.3 143.6 120
2426.8 193 -117.2 -39 39.2 57.2
110.4 275.4 281.3
504.7 -51.3 43.3 -8.3 141.6 -107
1661.6 120.8 -109.8 -53.1 127.5 25.4
2503.1 172 -216.6 35.1 18.8 26
107.5 220 253
514.3 -56.7 47.1 -10.2 150.2 -114.5
1728.8 164.6 -143 -66.7 155 84.5
2593.3 197.3 -225.3 69.1 43.4 36.4
111.5 204.4 263.2
521.8 -71.4 57.9 -23.7 159.6 -122.6
1756.2 184.2 -131.8 -113.3 140.4 105.1
2650.4 215.5 -163 39.1 92.5 12.7
112.8 199.9 293.7
520.5 -75.9 57.4 -26.1 159.1 -123.1
1773.5 156.6 -102.8 -120.2 156.5 104.3
2685.3 205 -104.8 27.3 128.8 32.3
117.4 223.5 335.3
510.6 -76.5 48.9 -19.8 154.8 -113
1770.5 136.2 -126 -145.4 119.1 131
2714.2 107.1 -98.7 -67 144.4 35.7
114.9 215.1 332.1
516 -95.5 66.9 -39 172.4 -122.6
1786 132.1 -100.3 -147 129.5 136.9
2745.5 65.3 -61.4 -95.3 152.3 31.8
108.5 205 286.7
526.8 -125.8 96.8 -60.1 198.1 -151.4
1807.6 124.4 -92.5 -158.4 145.8 124
2810.4 22.3 -63.1 -120.3 227.6 -26.1
106.9 192.6 249.2
526.5 -129.9 99.2 -58.3 201.9 -155.9
1833.8 124.6 -114.6 -155.1 168.4 134
2857.1 15.7 -67.5 -103.3 327.2 -29.3
108.1 194.8 225.7
529.4 -140 108.7 -65.3 207.6 -162.4
1835.5 111.6 -103.2 -154.9 168.2 128.4
2882.6 -38 -30.9 -128.1 349.9 -47
107.6 191.9 213.7
527 -138.1 108.4 -62.4 202.8 -159.3
1846.6 110.6 -111.6 -156.3 154 135
2917.7 -43.4 -32.7 -93.7 307.2 -47
108.3 185 201
525.1 -138.4 111.5 -61.5 198.6 -156.2
1861 111.4 -110.7 -161.9 136.6 140.4
2956.6 -65 -37.5 -66.5 278.3 -49.2
111.4 176.9 195.9
526 -126.7 121.3 -59.6 185 -157.4
1881 105.8 -87.6 -151.5 95.5 154.4
2992.6 -63.9 -29.9 -58.4 254.7 -54.9
111.5 180.1 199.4
521.6 -122.7 124.2 -57.5 177.3 -151.1
1885.4 104.2 -66.2 -144 70.1 158.6
3008.3 -47.9 -33 -60.9 246.3 -35
113.3 176.2 200.6
519.5 -118.5 123.8 -55.2 174.8 -150.6
1893 93.9 -55.9 -138 58.9 172.9
3027 -46 -36.1 -54.2 274.1 -19.4
115.4 162.9 216.5
518.8 -116.1 125.8 -55.2 173 -153
1912.6 82.4 -37.5 -124.7 29.9 189.8
3027.5 -44.6 12.8 -27.6 244.8 -0.2
118.1 157.2 225.4
520.2 -116.2 127.4 -56.3 172.4 -156.4
1924.5 88.1 -30.6 -117.9 15.6 195.4
3057 -22.1 59 -14.8 233.6 -11.4
120.5 157.7 218.3
520.7 -118.5 125.7 -59.6 170.8 -162.2
1934.5 101.2 -38.7 -119.9 15.1 200.4
3095.1 -23.8 86 -17.5 253.3 -18.7
127.1 169.5 219
518.6 -92 118.7 -33.6 169.2 -137.8
1943.1 119.4 -46.1 -120.5 26.3 203.3
3130.7 -5 57.6 -15.1 291.7 -16
winner is: 14
