Regression analysis information for: castilian_mismatch_interrogative-total-yn_Mi-madre-come-la-fruta
number of formants: 3
number of coefficients: 5
109 331 264.9
493 -11.6 -41 49.7 -42.5 -105
1366.3 45.2 27.6 242.5 -4.3 -53.9
2196.1 130.7 12.1 250.6 -27.2 79.9
107.6 315.4 277.6
493.1 -17.7 -46.4 55.5 -36.2 -98.9
1410.8 62.4 53.7 286.6 34.5 18.4
2330.5 169.3 -49.2 188.8 -22.7 121.5
114.7 326.2 308.1
502.9 -27 -56.2 68.7 -59.6 -93.8
1438.2 3.4 0.6 270.8 -2.8 33.6
2387.6 119.4 -105.3 183.5 -65.2 110.9
117.3 281.2 309
512.1 -31.8 -53.1 70.5 -58.5 -89
1554.2 61.7 24.4 272.6 20.1 64.1
2485.5 120 -91.4 191.5 -55.6 109.7
126.3 231.1 270.2
527.6 -46.4 -51 70.4 -55.5 -97.7
1649.1 63.9 -14.7 241.8 -2.8 -13.2
2599 90.1 -110.6 185.8 -81.3 25.2
131.1 210.8 249.6
530.9 -45.6 -48.2 70.4 -58.5 -104
1702.1 116.7 -23.1 188.5 -38.7 -30
2648.2 135.3 -105.4 160.7 -117.1 -30.7
138.8 184.5 236.2
538.7 -58.9 -41.6 66.5 -69.5 -108.6
1779.5 162.6 -31.4 86.5 -100.9 -13.3
2723.5 95 -46.2 93.7 -140.5 -56.2
148.5 190 246.6
545.2 -74.3 -34.9 61.1 -74.7 -115.2
1800.3 151.8 -15.2 79.5 -78.2 -11.4
2768.7 38.4 15.9 66 -92.2 -84.7
149.2 208.4 232.4
543.2 -78.4 -34.8 59.2 -77.3 -114.2
1800 134.4 -31.6 67.9 -80.8 -12.2
2830 -22.6 52.3 21.9 -52 -109.4
148.3 219.8 234.3
539.4 -80.9 -31.1 53.4 -72 -109.4
1792.6 121.5 -26.6 54.3 -79.8 -9.6
2849.1 -27.4 53.4 8.2 -61.2 -111.8
150.6 222.1 239.8
540.7 -89.3 -31.8 59.4 -73.9 -106.1
1802.6 105.7 -27.2 67.1 -89.6 -21.3
2879.2 -42.2 45.8 18.7 -77.2 -122.5
156 228 251.5
541.8 -99 -33.7 67.4 -81 -99.2
1807 72.6 -59.7 43.4 -121.4 -16.1
2918.5 -62.7 40.7 12.3 -103.3 -106.3
169.3 229.5 255.7
551 -115.1 -42.4 92.2 -99.1 -96.6
1817.9 54 -80.4 37.3 -139.3 -2.8
2942.9 -100.5 35.5 17.8 -126.7 -96.1
168.5 234.5 261.2
547.9 -110.1 -49.6 97.3 -100.2 -95.8
1822.8 52 -102.2 47.3 -152.4 5.9
2954.7 -119.9 21.3 19.6 -129 -87.9
169.6 239.5 294.2
547.9 -102.9 -62.3 97.2 -104.7 -82.9
1846 73 -115.9 43.7 -152.5 24.9
2985.3 -111.7 3.2 22.9 -156.4 -39
166.1 245 331.6
545.7 -89.7 -69 86.4 -96 -68.6
1888.3 143.8 -77 89.8 -110.7 68.5
3023.7 -78.3 -1.4 58.9 -122.5 30.8
175 241.8 349.9
554.2 -93.4 -71.7 85 -96.9 -59.7
1915.1 171.6 -63.9 104.7 -83.5 92.3
3061.4 -103.8 4.9 79.8 -105.7 65.1
189 248.1 387.6
566.9 -110.2 -57.9 80.3 -97.6 -55.9
1978.4 174.9 -18.1 115.8 -55.9 149.8
3157.6 -159 38.8 59 -78 133.5
195.7 232.6 387.2
574.5 -118.2 -47.5 83.5 -102.5 -62.1
2012.5 184.2 -32.1 119.8 -40.4 179.8
3268.7 -139.3 57.6 26.5 -60.6 170.7
214.5 248.6 408.6
593.2 -135.6 -44.2 93.8 -112.7 -76.4
2062.1 169.7 -4.3 137.9 -42.9 160.1
3401.7 -118.8 110.1 33 -86.3 134.8
winner is: 7
