Regression analysis information for: castilian_mismatch_declarative-broad-focus_Mi-novio-viene-del-lago
number of formants: 3
number of coefficients: 5
94.6 334.1 267.6
479.4 -39.6 -25.5 21.7 -81.1 49.5
1547.1 215.6 -409.9 25.8 166.8 61.8
2269.7 241.2 -145 21 116 62.7
88 300.6 267.4
487.6 -42.4 -17.5 19.7 -88.5 45.9
1643.6 229.9 -333.1 62.4 151 38.9
2436.9 205.8 -159.2 63.4 87.7 1.8
84.2 316.3 286.2
486.5 -43.4 -10.3 14.6 -100.5 46.1
1657.2 257.6 -274.7 -6.6 10.6 -28
2550.2 222.6 -183.7 54.5 60.5 -37.6
81.2 315.4 294.6
489.1 -43.3 -8.2 11.8 -103.5 45.7
1693.3 279.2 -258.3 -25.3 53.7 11.1
2599.1 198.4 -171.3 46.7 90.5 -25.6
82.6 242.6 232.3
490.2 -43.5 -10 11.9 -102.7 45.9
1782.6 220.1 -304.2 46.4 53.9 20.9
2684 107.9 -194.4 122.2 25.8 37.5
83.9 243.4 205.2
490.4 -49.3 -9.8 14.5 -103.5 50.9
1810.9 220.1 -255.1 75.1 54.9 42.3
2715.1 70.9 -170 145.7 -24.9 87.7
82.7 234.5 175
482 -52.5 -13.4 18.7 -100.6 54.3
1819 234.6 -322.4 110.8 86.7 38
2748.4 106.4 -209.7 195.1 24.2 96.7
85.6 256.2 209.8
479.4 -60 -6.4 19.8 -94.5 51.5
1835.2 197.6 -300.1 81.9 107.6 23.2
2805.5 38.2 -140 147 76.5 68.2
87.3 261.6 226.6
475.5 -64.7 1.5 23.1 -90 50.3
1862.8 208.6 -260 84.4 137.3 24.2
2863.8 -13.3 -66.2 104.1 141.5 43.9
88.2 254.7 221.5
473.3 -69.7 10.2 22.6 -85.9 48.7
1897.9 209.6 -202.6 81.7 182 28
2899.3 -66.5 -11.8 71.9 194.8 -0.3
89.1 251.3 227.5
472.1 -72.8 16.8 21.2 -83.8 47.5
1911 196.3 -172.1 83 210.8 31.2
2916.9 -116.1 44.9 74.9 228.4 -35
89.2 238.7 219.8
471.4 -76.1 22.1 17.1 -82.2 45.8
1913.7 189.2 -145 96.5 240.8 38.2
2919.1 -141.1 68.8 107.7 257.5 -39.4
89.7 236.8 212.1
469.9 -78.4 23.1 14.1 -84.7 44.6
1914.5 200.8 -124.3 111.2 254.8 42.8
2933.2 -169.9 126.2 118.3 297.4 -32.5
91.2 228.2 212.3
469.8 -79.7 23.5 11.2 -89.7 43.3
1894.9 164.7 -161.7 61.2 209.1 8.3
2933.1 -180.7 137.8 103.4 290.9 -19.4
94.1 220.8 219.4
471.8 -79.4 24.6 9.3 -94.7 42.1
1898.3 167.7 -173 37.1 182 -4.3
2966.6 -169.8 188.2 105.6 308.5 6.4
96.8 230.1 249.2
476.2 -76.1 26.3 7.6 -101.5 38.6
1917.8 197 -172.9 21.7 162.9 -9
2996.4 -133.9 189.5 70.7 257.1 34.1
102.2 241.4 289.1
480 -70.8 26.7 7.2 -109.2 36.1
1984 236.8 -116.6 1.2 143.2 -31
3129 -32 186.8 -51.2 158.9 -4.2
107.5 216.6 265.5
488.3 -69.9 33.7 3 -118.4 33.9
2037.8 295.3 -83.7 0.8 132.6 -38.1
3284.4 116.3 174.1 -122.4 110.1 13.6
117 212.8 249.9
497.5 -75.5 24.1 9.9 -112.7 28.8
2070.4 300.3 -75.6 13.7 142.3 -34.8
3405.4 145 118.3 -132.6 136.4 27.6
120.3 226.2 268.5
499.1 -82.7 17.4 15.5 -108.4 34.9
2084.1 290.4 -88.7 33.1 157.1 -22
3487.3 153.7 31.1 -144.2 164.7 15.7
winner is: 7
