Regression analysis information for: castilian_mismatch_interrogative-total-yn_Mi-tia-odia-la-lluvia
number of formants: 3
number of coefficients: 5
65.3 466.7 300.2
413.7 15 -63.7 -26.2 35.1 -32.4
1560.7 112 -29.8 85.8 -84.8 10.4
2348 72.7 45.6 242.3 -123.1 -8
74.2 449.1 351.7
418.2 16.2 -70.3 -42.5 22.4 -30.9
1639.6 89 -41.9 146.6 -146.6 0.1
2459.2 133.5 -5.8 248.1 -183.8 -94.9
81.5 449.5 343.6
429.1 21.2 -85.3 -62 10 -27.1
1659.1 107 -40 89.3 -203 -32.7
2514 174.7 -19 235.9 -200.4 -101.1
83.9 417.9 330.3
433.7 24.9 -79.4 -63.9 7.4 -29
1735.3 137.2 -4.2 114.8 -187.1 -50.3
2593.8 206.6 -34.2 237.6 -189.9 -106.5
92.1 343.7 299.7
442.9 36.8 -70.1 -63.4 4.2 -37.2
1852.1 153.3 -2.1 227.2 -162.5 -135.1
2688.7 200.6 -44 296.4 -177.5 -189.8
103.8 300.2 290
455.4 27.9 -51.1 -75.2 -0.1 -36.9
1928.6 133.5 60.3 210.5 -140.6 -134.1
2806.6 142.6 -0.7 189.5 -138.7 -184.4
104.8 278.6 259.1
459.4 31.7 -53.9 -85.4 -3.8 -34.2
1946.7 132.5 50.2 192.9 -137.7 -140.1
2853.6 124.4 2.3 147.2 -130 -178.5
104.7 288 266.7
461.3 31.8 -55.7 -94.5 -3.6 -31.6
1962 151.4 61.5 188.5 -126 -135.3
2875.5 153 11.9 95.3 -124.6 -164.7
100.9 289.8 247.5
456.9 23.3 -58.9 -97.4 2.1 -24.7
1979.6 143.9 74.6 178.4 -93.4 -143.1
2913.8 166.3 -31.9 82 -69.3 -194.7
102.7 290.8 227.4
460.9 25.6 -69.2 -112.4 0.6 -11.9
2008.1 157.8 96 179.8 -77.7 -134.3
2973.6 195.3 -54.7 24.2 -71 -163.7
99.5 286.7 215
458.4 22.5 -73 -115 1.9 -7.4
2026.3 174.8 106.7 193.9 -74.2 -129.3
3023.5 198.5 -40.1 -3.7 -58.6 -151.2
97.8 281.3 212.5
456.7 21.5 -75.5 -116.2 2.2 -4.9
2043.2 183.3 120.3 201.9 -77.1 -126.4
3072.6 214.8 -16 -7.4 -60.3 -139.1
103.2 282.6 234.6
459.5 33 -70.2 -114 -6.6 -15.4
2056.8 198.8 133.3 203.1 -103.6 -130
3122.9 268.3 47 26.6 -91.3 -147.8
105.6 302.8 229.1
460.7 38.2 -68.5 -114.6 -11 -20.9
2033.9 196.5 109.4 183.5 -161.7 -119.4
3131.3 321.1 60.3 56.9 -175.6 -119.3
104.8 316.5 224.4
457 37 -63.9 -106.8 -10.7 -28.7
2029.9 125.3 103.2 118.6 -198 -184.7
3166.5 231 85 -35.6 -193.4 -174.1
98.2 299.6 235.8
450.5 36 -62 -97.6 -5.2 -37.5
2060.4 191.1 163.9 174.3 -153.4 -198.3
3212.3 233.9 132.8 -29.9 -156.7 -189.7
97.8 297.8 239.6
448 37.2 -52.6 -86.2 -5.8 -54.2
2074.6 190 180.3 191.2 -140.4 -202.5
3257 213.7 155.2 -28.2 -133.9 -183.8
109.5 292.4 245.2
456.5 50.5 -37.5 -73.5 4.9 -49.8
2108.4 202.6 200.9 220.9 -116.4 -202.7
3330.9 207.3 166.1 -17.4 -69.6 -132.2
116.1 295.9 254.1
461.6 52.9 -29.6 -68 12.3 -43.5
2139.8 196 210.6 241.1 -103.8 -206.1
3434.2 206.2 165.7 -10.4 10.2 -57.1
119.4 292.4 235.4
464.6 49.1 -28.9 -70 13.4 -40.2
2188 188.8 228.4 267.9 -92.2 -193.8
3538.4 204.1 181.4 22.4 61.5 42.3
winner is: 12
