Regression analysis information for: castilian_match_declarative-broad-focus_Emilio-ama-la-marcha
number of formants: 3
number of coefficients: 5
175.7 287.3 270.7
555.1 -90.9 -12.4 -48 60 -24.8
1586.5 224.1 198.7 35 -10.1 -66.4
2287.8 314.3 217.6 21.3 45.7 -144.4
175.8 270.6 352.5
560.1 -94.4 -16.7 -48.5 59.9 -22.5
1642.2 266.8 233.7 37.1 -45.5 -126.4
2347.5 285.7 222.4 42.3 44.3 -149.9
168.5 264.7 401.9
566.5 -105.5 -4.5 -62.6 64 -16.7
1684.3 244.2 257.4 16 -48 -147.8
2473 199 224.7 -16.3 61.8 -158.3
176.2 209.7 360.1
588.4 -117.4 -10.2 -75.7 71.7 -12.7
1767.9 295.9 251.4 20.7 -56 -174.5
2606.5 211.9 152 -54.1 56.7 -144.5
164.1 168.4 302.4
617.6 -148.7 2.5 -107.4 99.7 -15.2
1822.7 255.4 259.9 -14.4 -37.8 -171.2
2726.1 122.2 178.7 -111 117.2 -150.2
163 166.5 267.4
625.8 -157.5 2.8 -112.8 104.5 -12
1831.2 251 265.2 -15.2 -36.8 -168.2
2795.1 29.1 220.8 -133.8 130.6 -166.9
163 173.9 240.2
624.3 -164.9 7.8 -115 102.2 -11.3
1829.7 235.6 267.3 -19.9 -42.2 -152.8
2831.6 -42 269 -95.8 44 -153.9
157 181.6 229.6
622 -182.1 16 -111.1 102.2 -10.8
1836.1 192.5 260.9 -19.3 -65.4 -131.8
2868.6 -88.4 299.9 -66.3 -27.8 -136.6
153.8 188.2 245.9
613 -186.4 15.8 -104.5 106.6 -15.2
1839.1 190.1 262.8 -16.3 -72.3 -143.3
2878.3 -97.3 299.4 -58.6 -39.3 -150.5
154.7 171.6 242.9
607.2 -185.7 15.4 -99.8 105.3 -14.4
1860.6 221.2 284.3 10.2 -60.2 -157.8
2932.1 -104.7 249.6 -26.5 17.1 -172.9
165.7 171.9 251.5
610.1 -194.3 21.6 -99.6 100.6 -3.5
1880.3 219.8 307.3 16.9 -64.2 -156.8
2968.1 -140.4 257.4 -25 6.1 -157.2
179 180.7 268.4
616 -204.7 24.9 -95 90.7 6.8
1902.6 222 318.3 28.2 -79.5 -153.2
3002.5 -154.4 259 -33.8 -11.8 -144.7
188.8 176.4 280.9
625.3 -206.4 15.6 -98.3 84.7 21.1
1924.6 240.4 308.8 19.9 -73.5 -141.9
3060.7 -138.8 221.7 -93 -9.5 -99.4
201.6 193.2 288.9
633.6 -211.6 14 -105.9 83.8 32.3
1958.3 231 315.3 3.8 -73 -110.1
3132.5 -125.7 189.2 -173 -15.9 -45.7
211.4 212 296.3
640.7 -211.6 4.9 -109.3 82.9 36.1
1977.9 202.4 303 -0.7 -83.2 -93.2
3193.2 -126.9 173.2 -191.2 -44.3 -30.1
221.7 232.1 315
649.7 -224 12.3 -113.8 70.5 47.9
1987.8 167.7 306.8 -10.8 -109 -67.1
3241.5 -173.1 192.9 -215.5 -76.1 2.7
232.5 238.9 321.2
654.2 -232.4 18.2 -105.7 53.2 50.1
1993.7 158.8 306 4.8 -130.8 -66
3241.9 -228 212 -197.7 -64.5 11.8
240.1 249.5 338.4
665.8 -244.3 25.2 -116.2 47.2 61.1
2010.3 142.8 322 7.5 -129.1 -57.7
3251.9 -275.2 262.2 -183.1 -72.6 6.4
253.6 282.8 370.4
676.1 -259.3 20.3 -101 41.9 53
2050.4 108.9 357.4 12.3 -117.9 -59.9
3317.7 -324.1 305.9 -187.9 -74.8 -18.4
276 334.8 421.1
707.8 -273 19.6 -40.5 28 94.6
2125.5 46.6 414.4 33.6 -109.6 -33.1
3431 -360.4 321.7 -157.3 -69.2 -11.1
winner is: 8
