Regression analysis information for: castilian_match_declarative-narrow-focus_Mariano-habla-del-tiempo
number of formants: 3
number of coefficients: 5
101.3 355.1 293.8
462.2 92.5 -76 -87.2 -53.5 -6.2
1565 118.4 -29.3 118.9 -195.6 -126.9
2259.3 66.4 -51.5 159.5 -77.3 -144.9
104.9 350.8 332
463.1 82.4 -68.1 -76 -39.4 -12.1
1601.5 104.2 -48.1 149.7 -143.3 -181.4
2360.3 45.8 -44.2 201.7 -63.5 -235.7
107.9 336 339.8
465.4 76.2 -64 -76.2 -33.9 -20.4
1637.2 71.4 -18 144.7 -123 -191.9
2481.8 -10.7 38.2 168.7 -17.7 -262.7
118.5 294.1 342.3
472.9 81.8 -51 -72.1 -22.4 -15.2
1678.8 84.4 24.4 168 -43.8 -137.2
2542.5 20.5 76.3 202.6 71.4 -198.3
125.6 239.5 310.5
485.5 91.7 -59.2 -81.5 -29.5 -6.1
1773.2 93.3 20 239.2 -65.9 -136
2654.2 42.7 23.4 209.6 28.9 -172.8
127.4 232.1 279.1
475.8 84.9 -56.7 -59 -24.9 -9.5
1792.2 104.5 17.9 294.9 -84.3 -181.2
2695.6 40.2 -2.6 257.1 0.9 -228.5
125.4 225.7 265
470.2 82.9 -58.9 -49.4 -25.2 -10
1801.6 101.9 -12.7 314 -68.7 -173.5
2713.3 52.1 -31.3 264.1 4.9 -229
124.6 227.8 242.3
468.8 77.5 -57.1 -57.2 -22.6 -13.7
1813.4 95.5 -7 313.3 -67.2 -180.3
2741.9 55.9 -38.2 275.5 -11.1 -270.8
123.6 230.6 225.8
468.5 77.7 -60.5 -67.2 -26.7 -11
1828.6 97.1 -4.6 301.8 -64.8 -176.4
2790.4 80.6 -46.1 217.8 -49.2 -288.6
119.3 215.2 213.1
471 90.6 -70.7 -83.7 -45.4 -3.4
1867.4 126.3 -9.2 246.1 -95.1 -171.3
2844.9 103.5 -56.5 142.1 -79.6 -300.1
142.4 219.4 211.3
490.5 54.3 -39 -112.5 -37.7 -2.2
1902.8 99.8 33.1 214 -78.5 -159.2
2912.8 104.5 -22.6 107.3 -33.6 -259.2
146.6 223.6 211.9
497.1 47.1 -30.9 -128.1 -39.4 -4.9
1911.2 96 37 183.6 -96.7 -146.6
2943.1 106.7 -33.7 53.6 -33.2 -234.9
145 215.6 226.4
496.8 44.3 -28.6 -129.4 -40.7 -1.4
1941.7 39.8 76.6 157.8 -88.6 -150.5
2985 52.5 -6.8 0.5 -13.6 -246.8
166.6 218.4 245.4
515.2 8.6 -10.6 -136.8 -25.3 -28.9
1983.2 -27.2 135.9 131.6 -81.8 -158.5
3020.6 -19.4 33.6 -62.4 -14.9 -271.3
178.3 225.7 249
523.3 1.9 -20.5 -136.5 -22.6 -29.7
2018.2 -58.1 142.2 142.6 -89.2 -155.7
3072.8 -40.6 56.8 -60.4 -14.7 -240.3
193.3 250.1 262.1
533.7 -12.3 -19.5 -121.8 -23.4 -11.6
2029.3 -72 144.1 162.5 -83.5 -152.4
3108.8 -69.1 94.2 -12.5 12.1 -233.7
204.3 249 268.9
541.5 -29.9 -19.6 -114.2 -22.5 -13.1
2050 -112.2 159.3 176.5 -82.9 -156.8
3143.3 -127.6 141.4 29.1 35.7 -221.2
216.4 254.4 292.1
551.9 -30.6 15.4 -122.1 12.7 -13.3
2085.5 -139.1 176.7 173.3 -60.5 -158.3
3196.1 -150.7 174.9 42 72.2 -197.4
248.6 260.8 332.5
583.1 -53.4 43.5 -140.1 33.5 -18.7
2145.1 -163.3 188.5 153.6 -52.7 -165.8
3295.7 -185.4 209.2 1.4 73.7 -176.1
271.8 274.3 356.1
598 -72.4 55 -157.5 49 -40.7
2194.3 -193.5 214 137.2 -35.2 -182
3364 -227.2 230 -26.7 86.5 -188.3
winner is: 10
