Regression analysis information for: castilian_match_declarative-broad-focus_Ana-lleva-el-abrigo
number of formants: 3
number of coefficients: 5
118.6 311.2 259.2
498.1 73 17.1 74.4 184.9 58
1575.5 1.5 23.6 2.1 -148.9 311.2
2274.5 -59.7 -18.2 -130.5 -160.5 151.1
120.6 337 344.9
508.4 44 38.4 54.9 207.6 33.5
1619.5 -85.6 47.4 13.7 -143.8 264.1
2382.7 -117.8 52.3 -99.8 -83.8 111.3
117.5 378.7 364.9
496.6 -15 11.6 9 192.6 -11.8
1567.9 -183.1 18.5 -8.3 -143.2 173.4
2410.4 -200.6 29 -121.8 -138 73.9
121.1 342.3 287.7
514.6 -31.3 35.2 4.8 223.6 -14.7
1625.4 -274.6 -67.6 73.8 -28.1 183.9
2552.2 -254.1 -158.8 -86.9 -55.1 53.4
133.5 293.5 296.3
532.8 -31.1 59.4 7.7 254.7 0.2
1729.2 -244.3 -82.9 62.4 -22.1 263.9
2651.6 -186.5 -146.2 -49.9 19.6 129.6
148.4 284.8 321.6
560.1 7 93.7 6.5 245.2 -32.4
1825.6 -170 -29 23 -98.8 255.8
2742.2 -79.3 -60.8 -44.9 -12.8 110.6
153 290.4 317.9
567.6 60.8 108.4 17 217.1 -57.6
1856.7 -127.8 1.8 13.5 -119.8 211
2806.2 -7.6 -1.8 -48.3 -22.3 40.9
149.8 300.2 348.8
555 77.6 105.6 25.1 202.3 -53.1
1872.7 -69.5 -5.3 -19.7 -195.4 174.6
2839.3 31.7 21.3 -66.8 -44.8 1.8
149.6 301.2 363.7
558.7 56 130.8 5.7 216.4 -71.2
1898.3 -71.5 25.4 -65.9 -218.3 134.6
2869.1 12.9 66.1 -89.4 -36.6 -37
147.6 247.4 294.4
569.4 41.1 153.1 -6.1 223.4 -88.4
1965.7 -27 77.8 -151.8 -279.9 25.7
2984.8 85.2 182.2 -168.6 -100.5 -170.7
135.9 226.5 255.9
573.2 38.7 160.9 -5.9 223.3 -83.1
1974.6 -28.1 85.4 -143.3 -279.4 29.6
3018.7 98.2 232.3 -135.5 -66.5 -152.9
132.2 210.3 234.5
575.8 42 164.9 -1.4 224.5 -80.6
1986.3 -25.9 90.2 -136.8 -279.3 36.9
3051.3 99.6 258.5 -124.3 -45.7 -133.2
133.6 197.8 227.4
576.6 38.8 167.1 -0.5 227.6 -81.1
2002.7 -38.3 91.2 -143.7 -278.1 40.7
3081.3 98.4 263.5 -120.5 -39.7 -124.2
139.7 178.9 214.9
588.5 40 151.3 -17.2 241.1 -60.2
2031.3 -43.6 69.9 -166.3 -268.1 64.7
3139.3 99.7 211 -156.2 -22.4 -79.4
140.1 163.5 189.9
590.5 33.7 148.9 -20.9 249.2 -57.8
2053.8 -59 63.1 -171.6 -267.1 70.5
3216.7 80.6 152.5 -179.4 -8.4 -34.9
146.7 154.2 182.7
593.3 29.9 140.3 -30.4 260.6 -49.7
2082 -65.7 52.4 -182.5 -269.7 86.2
3289.9 70.8 105.3 -193.6 9.3 7.8
149.7 148.9 171.9
596.3 5.9 120.1 -32 266 -50.9
2087.8 -88.7 33.6 -180.9 -258 101
3315.7 20.7 76.3 -200.8 54.8 64.5
147.7 157.9 179.3
590.7 -5.4 115.1 -43.8 275.6 -43.4
2093.8 -109.2 35.9 -192.3 -241.8 101.6
3334.7 -4.9 67 -218.8 54.5 51.7
155.2 183.9 218.5
600.6 -38.8 122.1 -42.6 286.1 -63.8
2131.1 -182.2 79.1 -238.7 -190.9 49.4
3359 -105.9 78 -272.4 117.6 39.3
153.1 200.7 231.7
600.5 -50.4 137.1 -50.9 294 -72.8
2149 -217.9 106.3 -270 -168.2 23.2
3392.8 -158.8 106.7 -305.9 142.6 22.2
winner is: 17
