Regression analysis information for: castilian_mismatch_declarative-broad-focus_El-nino-oye-el-rio
number of formants: 3
number of coefficients: 5
69.9 301.8 229.4
402.1 1.9 -14.4 48.5 38.9 5.9
1678.8 -142 194.9 424.8 -117 -37.4
2561.8 13.7 18.1 223 -220.2 -8.9
79.2 355.2 257.8
407.6 2.4 -15.8 26.2 45.8 13.3
1732.9 -80.5 222.2 394.3 -140.2 -42.8
2640.5 66.7 36.4 259.8 -205 -23.4
88.3 395 239.8
418.1 -8 -13.7 0.2 69.9 8.5
1772.3 -58.9 144.6 354.4 -73.1 -70.5
2754.2 78.5 8.9 244.7 -127.7 -33.2
100.6 385.2 227.2
430.9 -14.9 -16 -28 90.4 14.8
1866.8 -62.2 160.3 271.4 -60.9 -94
2837.8 43 18.4 158.8 -103.9 -35.5
100.2 339.4 200.5
453.8 -13.9 -19.9 -60.2 116 20.9
1984.5 9 171.7 235 -60.6 -156.9
2904.5 53.1 38.5 148.4 -69.8 -70.7
102.1 331.3 207
468 -23.4 -14.2 -87.7 139.3 17.5
2043.4 -48.8 149.5 188.4 -19.5 -114
2946.1 40.1 22.8 118.5 -51.2 -60.1
104.7 340.3 219.8
468.3 -24 -18.5 -94.6 142.5 18.4
2081.2 -25 90.8 123 -23.4 -57.6
2995.1 82.4 12 85.4 -49.5 -53.7
105.1 341.5 215.9
460.4 -19.4 -32.6 -90.2 134.6 29.5
2101.6 -10.6 75.3 114.4 -25.3 -35.9
3024.9 99.3 -3.9 85.7 -48.5 -35.2
114.4 333 226.7
461.2 -29.6 -26.1 -101 142.2 21.9
2141.5 12.7 77.2 76.5 -54.8 -60.4
3078.4 81.4 7.5 43.1 -32.9 -40.3
109.8 286.3 240.2
449.2 -21.7 -28.8 -89.1 125.4 23.4
2216.5 96.1 67 -27.5 -176.1 -124.9
3117.1 96 -1.5 -2.9 -39.9 -40.1
115.3 282.3 249.6
448.9 -39.4 -4.4 -101.8 129.9 5.1
2234.3 85.9 88.9 -45.5 -185.5 -139
3138.1 66 29.1 -22.7 -20.3 -45.8
114.5 285.2 256.2
446.3 -49.9 0.7 -93.5 125 -2.4
2240.1 85.5 112.5 -42.8 -212.1 -155.8
3153.1 48.5 62.7 -26.8 -20.9 -67.1
149 262.7 256
479.2 -92.1 0.3 -92.7 111.9 22.5
2279.3 75.3 95.9 -66.9 -204.6 -111.1
3213.8 27.5 48.7 -73.2 4.5 -30
168.5 275.6 259.4
492.2 -112.7 -3.6 -84.9 104.5 33.8
2269.1 33 92.5 -46.7 -179.7 -82.7
3244.3 9.4 49.5 -92.4 6 -22.8
177 327.9 277.7
497 -124.4 -1.8 -84 103.3 40
2239.1 -79.5 66.4 -39.9 -112.1 -44.3
3261 -45.5 67.7 -121 20.5 -29.3
182 314.7 243.9
498.3 -123.3 -12.1 -74.1 94.9 49.2
2245.3 -106.2 19.2 -29.6 -84.2 -12
3261 -137.4 30.5 -105.5 101.7 35.4
214.9 322.4 260.4
521.3 -157 -6.3 -54.2 64.8 69.8
2282.4 -132 -6.5 -22.7 -84 -1.9
3297.1 -188 27.8 -91.1 95.2 58.4
225.7 336.5 288.2
526.1 -162.6 -7.2 -43.9 47.9 85.4
2339.5 -115.3 -30.8 -46.4 -109.3 -19.4
3382.5 -155.7 -0.1 -122.2 48.8 36.7
221.8 312.8 287.3
521.2 -156.1 -8.5 -39.9 46.2 83.5
2398.7 -48.7 -37.4 -68.6 -208 -78.5
3494.1 -59.6 -30 -191.3 -53.6 -35.6
257.4 336.1 306.8
541.9 -190.6 -1.1 -3.4 -4.3 105.3
2426.9 -73.9 2.4 -22.2 -246.9 -136.1
3611.3 -40.9 -7.2 -165 -122.3 -82.7
winner is: 1
