Regression analysis information for: castilian_match_declarative-narrow-focus_Maria-bebe-el-vino
number of formants: 3
number of coefficients: 5
96.7 306.8 224.7
453.4 93.9 -49.1 -55.9 -11.1 9.8
1752.1 54.9 -200.5 91.8 -185 -41.1
2460.4 -120.9 -164.5 167.1 -153.8 5.9
98.7 358.6 256.1
449.1 86.5 -44.4 -61.2 -10.8 2.2
1751.7 28.2 -153.6 97 -234.2 -90.7
2583.2 -96.9 -191.9 123.3 -187.9 31.4
96.7 410 323.7
441.9 78.8 -39.5 -65.1 -10.8 -3.9
1706.6 -31.6 -70.3 138.3 -362.1 -159.9
2583.7 -86.2 -139.4 111.7 -312.6 -38.5
108.3 361.3 316.6
452.1 62.9 -29.2 -71.8 9.9 -11.1
1801.6 -75.5 -151.4 153.1 -290.2 -73.7
2704.2 -52.2 -160.5 79.7 -276.9 -55.9
118.3 235.9 226.6
476.5 57 -22.3 -106.3 28.4 -15.4
1920.7 7.3 -178.1 95.7 -204.5 -5
2817.1 33.7 -161.5 20.4 -215.6 -18.6
123.6 201.9 224.9
483.3 55 -14.9 -113.9 35.5 -20.5
1976.7 8.1 -135.7 72.7 -259.6 -39.1
2854.1 44.2 -132.1 10 -258.3 -62.7
129.5 190.1 237.9
485.8 41.7 0.6 -127.6 45.3 -32.3
2022.7 -12.7 -100.8 50.1 -298.8 -54.1
2903.2 12.3 -82.1 -33.4 -254.8 -102.5
128.8 185.6 229.9
481.5 32.4 16.7 -130.5 45.9 -41.3
2040.7 -41.9 -84.1 41.5 -299.6 -45.9
2935.2 -35.8 -69.2 -44.5 -249.5 -93.6
127.1 181.5 234.4
480.5 10.5 41.2 -141.3 60 -61.6
2058.8 -67.2 -56.3 26.3 -293.9 -58.4
2970.3 -82.8 -16 -91.3 -227.8 -111.7
115.1 171.9 231.4
476.5 2.8 47.7 -137.9 59 -61.1
2070.5 -80.5 -26.2 6.5 -291.3 -65.8
2988.3 -82.3 35.1 -142 -217.4 -121.5
110 165.8 206.6
485.7 -26.3 71.1 -154.3 71.2 -67.9
2074.2 -94 -10.2 -8.5 -287.2 -68.4
3029 -153.5 97.4 -190.8 -194.8 -131.3
109.2 166.9 196.7
487.2 -38 77.3 -158.6 74 -67.9
2079.2 -106.5 -6.3 -13.9 -288 -71.8
3049.3 -181.7 119.3 -209.1 -184.9 -144.5
109.3 169.4 186.3
486.6 -43.4 78.1 -160.6 74.8 -68.5
2083.7 -107.2 -6.7 -9.7 -286.7 -71.1
3068.6 -197.5 132.9 -212.9 -182.5 -149.6
121.1 177.6 182.3
499.2 -50.6 102.1 -163.5 97.2 -66.4
2096 -109.1 2.4 -4.6 -269.7 -62.9
3106.9 -216.8 139.3 -190.1 -167.7 -149.2
133.3 186.6 198
507.4 -35 116.9 -146.2 112.5 -46.7
2112.4 -101.8 11.3 5.9 -252 -54.1
3134.5 -226.7 116.5 -166.1 -150.5 -136.1
137.3 192.9 208.2
508.4 -25.9 119.4 -138.2 119.1 -43.3
2123.9 -86.1 9 23.2 -243.7 -47.7
3165.4 -231.6 105.3 -138.4 -121.7 -138.5
142.2 202 216.6
511.8 -30.8 125.2 -143.7 125.9 -50.8
2144 -89.2 20.2 28.9 -229.8 -44.5
3212.1 -255.3 103 -122.1 -87 -156.5
151.4 206.9 220.1
516.7 -39 134.5 -151.3 134.2 -59.9
2172.5 -124.5 61.3 22 -197.4 -50.7
3243.5 -271.6 120.3 -93.1 -61.5 -170
156.6 209.6 231.6
521.4 -25.5 141.4 -140.6 140.8 -54
2204.1 -143.5 96.3 25.8 -185 -39.5
3301 -244.3 154.4 -45.7 -33.3 -170.6
163.4 219.1 231.9
521.2 -13.8 138.8 -132.5 136.9 -48.5
2234.8 -161.3 108.1 22 -183.6 -34.1
3366.6 -235.1 163.5 -38.5 -28.8 -164.6
winner is: 13
