Regression analysis information for: castilian_question_filler_Mi-esposo-conoce-al-chico
number of formants: 3
number of coefficients: 5
119.4 365.4 358.8
518.7 -4.6 -58.8 -44 -11.1 -25.2
1438.8 91.1 -5.2 91.7 -157.5 52.8
2273.8 191 14.4 123.5 -80.3 105.1
121.8 333.7 338.2
527.8 0.6 -59 -47.9 -12.5 -23.7
1500.6 177.8 42.9 159 -115 80.8
2383 199.6 67.6 99.1 -116.4 83.5
122.5 289.5 309.2
535.3 4.8 -61 -62 -15.7 -20.7
1572.7 261.1 54.8 208.3 -81.4 79.7
2480.6 194.2 60.1 49.5 -132.3 71.1
125.7 279.5 301.3
548 0.9 -55.4 -71.3 -11.3 -30.2
1626.4 251.1 27.1 225.7 -66.4 17.5
2570.6 154 20.5 51.7 -114.5 8.1
126.9 251.1 269.3
557.2 -12.1 -57 -74.6 -1.8 -29.3
1721.7 169 -17.6 279.8 -101.7 40.6
2690.8 109 -49.2 65.6 -94.1 -5.1
130.3 245.8 241.9
560.7 -17.3 -51.8 -76.9 -6.3 -30.2
1775.3 140.6 -6.7 326.1 -129.1 67.4
2750.8 94.5 -55.6 77.7 -139 5.2
134.5 255.1 219.1
563.8 -19.8 -51.9 -82.4 -5.4 -28.9
1798.2 123.4 -10.3 319.1 -135.2 78.8
2801.1 73.3 -51.5 64.4 -133.1 16
138.1 272.9 225
557.8 -17 -42.2 -75.8 -8.7 -34.6
1806.6 138.5 -7.7 326 -138.5 86.6
2830.1 90.7 -47.9 50 -118.4 23.1
153.3 290.3 217.1
570.3 2.5 -22 -77.2 -13.9 -53.6
1833.2 141.5 9.2 335.1 -133 70.4
2890.8 88 -48.8 58.6 -132.1 3.4
160.6 309.4 252.1
573.4 7.9 1.8 -82.5 -22.9 -62.3
1855.2 144.2 51.4 313.2 -132.9 59.5
2935.6 83.9 12.8 4.4 -115 -19.7
171.3 320.3 284.9
583.2 16.2 13 -84.9 -40.4 -78.9
1885.1 152.2 100.8 310.6 -130.7 40.6
2985.4 89.6 85.2 22.1 -139.5 -64.9
186.9 333.2 298.4
591.4 22.7 10.7 -96.8 -58.1 -76.6
1898.9 170.3 92.7 286.9 -152.8 48.9
3003 87.2 101 10.9 -182.1 -85.9
246.5 375.4 350.2
651.4 24.2 -30.5 -76.2 -19.8 -148.3
1966.9 148.3 84.4 252.2 -135.4 -4.3
3107.9 47.1 78.3 -2.6 -119.1 -165.9
292.4 406.6 373.4
701.3 56 -44.3 -109.5 -48.4 -180.2
2024.2 133.8 87.3 222.5 -161.7 -36.7
3211.3 30.4 101.8 -39.9 -90.6 -203.7
341.5 453.6 415.6
759.5 106 -48.9 -130 -87.7 -220
2067.6 156.2 60.3 192.8 -225.2 -96.1
3300.7 56.3 92.7 -47.5 -107.2 -215.2
360.2 483.4 429.9
783.1 92.7 -87 -124.8 -65.8 -229.5
2125.2 145.8 25.9 164.6 -221.1 -110.7
3373.2 12.7 74.7 -92 -83.6 -243.1
354.8 472.1 431.6
787.4 100.9 -98.2 -165.8 -61.6 -220.8
2173.5 171.6 30.4 124.4 -270.7 -127.7
3434.5 4.4 77 -119.3 -125.3 -235.5
418.3 507.4 488.8
843.3 147.3 -79.8 -134.8 -71.9 -218.1
2271 219.3 83.9 181.7 -265.8 -103.1
3558.1 12.3 131.6 -59.8 -92.4 -173.7
446.1 510.2 510.7
875 183 -54.8 -129.1 -103.7 -231.5
2342.7 252.2 124.7 200.7 -303.7 -105.7
3680.4 60.2 214.6 6.1 -112.5 -124.3
481.8 522 518.5
924.8 190 -79.1 -120.8 -135.4 -228.5
2385.1 288.3 82.7 235.5 -356.6 -63.5
3752.6 84.2 196.2 48.9 -155.7 -99
winner is: 7
