Regression analysis information for: castilian_mismatch_interrogative-partial-wh_Por-que-desayuna-muy-bien
number of formants: 3
number of coefficients: 5
70.7 358.1 217.5
436.2 68.3 -12.2 17.5 32.7 -23.5
1461.4 41.8 -107.6 -232.6 240.3 7.3
2289.5 19 -17.7 -116.7 -41.7 82.7
68.6 378.7 229.5
435.1 68.2 -4.6 18.2 35.5 -12.4
1508.1 12 -121.9 -195.1 250 67.1
2376.6 4.5 -15.3 -113.6 -9.4 148.9
69 422 257.9
439.2 70.9 1.7 25.3 28.5 -22.2
1573.8 33 -48.5 -149.5 99.2 -10.2
2439.3 31.7 -33.1 -83.4 -55.9 106.2
82.6 381.1 270.1
452.8 70.7 0.8 25.9 28.9 -14
1699.6 -67.6 -1.9 -110.9 -62.7 144.7
2524.8 15.3 -49 -77.6 -91.1 196.7
90 300.1 256.3
460.1 68.5 -0.1 26.2 26.8 -12.6
1811.2 -66 -18.5 -154.7 -137 169.8
2619.2 24.7 -80.1 -102 -108.3 205.5
95.4 274.5 250.8
465.5 65.4 -6.6 32.2 28 -22
1856 -73.2 -61.3 -152.7 -107.5 151.9
2675.1 13.4 -107.9 -128.8 -66.3 191.8
96 267.7 234.5
460.9 61.3 -4.8 29 21.6 -25.9
1882.1 -87.3 -52.5 -163.1 -149.1 127.7
2710.4 -0.9 -70.9 -170 -97.1 172.5
94.5 254.9 229.4
457.4 57.7 -8.9 28.8 22.8 -31.7
1920.1 -99.4 -101 -174.9 -155 132.5
2757.1 -37.2 -106 -218.7 -72.8 156.5
91.6 273.8 236.3
452.7 56.9 -11.1 31.8 24.5 -37.7
1891.6 -82.7 -107.6 -227.1 -109.9 87.3
2772.8 -62.6 -114.3 -239 -51 113.1
89.7 261.7 238.2
451.2 58.2 -12.2 36.9 27 -41.9
1888.9 -76.6 -105.1 -232.9 -98.6 67.1
2777.6 -68.6 -106.8 -251.8 -42.6 98.7
86.5 262.4 260.9
447 62.7 -7.9 38.8 30.5 -39.6
1909.7 -59.6 -97.2 -233.4 -94.7 94.6
2819.9 -44.4 -105.5 -248.7 -23.4 121.4
92.1 282.3 286.4
452.8 78 -12.5 19.1 20.7 -24.1
1937 -42 -96.8 -244 -111.1 129.2
2843.3 -23.3 -91.3 -252.6 -26.3 152.3
90.8 280 300.6
454.1 82.4 -12.5 17.8 17.7 -20.8
1989.2 -53.6 -97.2 -177.1 -153.5 122.6
2890.4 -11.5 -80.9 -233.9 -48.1 186.6
98.5 260.9 315.2
461.2 87.7 -16.4 15.6 13.8 -19.5
2038.1 -63.9 -110.7 -120.6 -176.5 99.1
2997.6 -49.4 -91.5 -101 -106.7 168.4
100.6 257.9 323
463 89.1 -16.1 17 14 -19.3
2063.7 -66 -109.7 -101.4 -196.5 88.7
3071 -76 -86.7 -31.5 -134.7 168.1
103.4 251.6 327
465.8 92.4 -15 18.6 15.3 -16.8
2085.8 -44.7 -93.2 -98.9 -196.8 105.2
3139.6 -56 -40.5 23.3 -143.2 185.5
111.9 245.3 334.8
473.1 103.5 -10.5 17.5 12.3 -20.1
2106.3 -14.4 -78 -116.5 -194.2 115
3189.6 -5.7 -7.1 -4.6 -130.6 190.1
116 246.2 340.7
475.2 107.1 -9.6 14 11.5 -17.9
2120.6 4.3 -68.8 -160.5 -208.3 134.2
3237.8 14.7 -5.6 -74.9 -150.1 172.3
113.6 248.8 331.5
472.3 102.2 -14 9.3 13.7 -11
2141.5 6.4 -76.5 -187.4 -221.1 141.8
3296.3 21.2 -13.4 -142.7 -171.1 159.1
131.1 249.8 345.6
483.7 112.3 -17.7 -0.6 2.1 -7.5
2175.2 -15.2 -102.7 -188.1 -240.4 150.3
3369.6 -24.4 -7.1 -181.4 -205.8 191.2
winner is: 8
