Regression analysis information for: castilian_match_interrogative-total-yn_David-leia-el-libro
number of formants: 3
number of coefficients: 5
78.7 371.8 297.8
427.1 31.1 -11.1 -21.7 38.2 -6.3
1707.2 166.5 -416 -85.8 -90.4 31.6
2521.4 160.1 -292.1 105.7 -100.1 73.1
79.2 336.1 286.8
428.2 35.2 -10.4 -23.1 36.6 -5.9
1819.2 185.4 -490.4 -122.8 -91.7 58.5
2659 164.2 -340.6 82.6 -113.2 78.1
80.2 339.4 296.3
428.7 34.2 -6.1 -23.4 34.2 -5.7
1862.6 202.4 -431.7 -105.6 -169.7 101.9
2735.5 189.7 -354.6 41.7 -108.4 147.1
84.9 274.1 280.3
431.8 28.3 -2.6 -25.9 37.3 -7.3
1946.9 162.7 -461.1 19.3 -140.4 133
2790 152.3 -336.4 88.9 -86.4 169.3
90.4 234.2 214.3
438.6 17.5 8 -32.3 44.5 -8.3
2011.9 182.9 -433.5 81 -131.4 118.2
2871.8 157.5 -283.3 126.6 -37 114
92.4 229 169.8
439.6 13.8 11.2 -33.4 48.2 -10.1
2034.6 192.8 -444.2 60.9 -153.4 80.6
2921.9 169.2 -280 106.4 -46.2 35.6
92.2 227.1 163.3
438.7 11.2 12.6 -34.3 49.4 -11.5
2050.3 212.4 -435.5 62.9 -151.7 86
2938.6 176.2 -247.6 81.3 -48.9 42.7
90.6 232.1 165
435.8 8.3 14.1 -34.4 50.6 -11.3
2072.4 242.3 -412.2 84.4 -130.2 108
2962.6 169.5 -239.3 75.6 -38.2 49.7
89.3 239.1 164.6
432 4.6 15.3 -35.5 49.3 -12.8
2079.1 249.9 -404 84.9 -110.4 123.1
2988.2 146.4 -239.1 71.4 2.2 45.2
93.2 234.1 163.2
432.6 7.6 25 -29.1 54.4 -8.4
2083.3 254.4 -393.9 83 -85.8 149.4
3010.8 128.6 -219.6 58.2 34.2 53.4
100.7 238.1 164
441 26.1 47.5 -8.2 73.6 10.2
2099.5 267.2 -379.6 91.9 -70.9 175.9
3029.8 109.9 -208.3 47.1 45.7 58.9
94.3 248.8 161.8
431.8 30 35.3 -6.1 64.2 4.2
2103.4 248.2 -396.7 77.1 -93.8 167.2
3038.3 102.4 -217 45.5 45.7 56.9
90.3 258 165.9
426.9 40.4 29.9 2.3 62 5
2115.6 258.6 -393.3 101.7 -99.4 182
3053.4 89.7 -207.2 42.9 57.2 50.1
91.1 273.1 179.4
427.2 37.2 32.1 0.6 62.2 3.3
2138.4 252.4 -378.9 118.3 -107.2 197.4
3082.7 42.6 -158.8 15 80.8 13.6
97.4 280.9 202.4
434 51.3 46.6 14.5 75.9 15
2156.8 246.6 -360.7 137.9 -107.7 201
3132.8 38.3 -95.2 14.6 89.2 2
107.6 281 231.8
443.5 42.8 63.2 10.2 85.6 16
2173.4 199.1 -364.4 120.7 -131.1 186.2
3202.6 7 -20.7 15.8 87.4 33.4
125.9 281.9 255.3
459.7 11.2 83.3 0.8 77.9 32
2199 159.8 -361.7 111.2 -162.7 180.2
3246 -15.7 33.7 22 80.1 39.3
125.4 281.5 261.2
459 14.7 81.3 3.9 75.8 32.9
2212.8 151.8 -378.7 113.4 -193.9 169.8
3274.6 -22.7 60.8 53.9 43.6 35
127.1 278.9 269
459.6 16.2 81.7 5.3 76.1 32.5
2250.7 172.7 -353.1 137.8 -203.2 177
3346.4 -2.1 86.8 80.1 6.7 65.5
146.9 279.3 290.5
473.7 -6.1 97.5 3.3 67.5 52.1
2306.1 200.8 -321.5 167.6 -200.8 206
3451.3 20.8 129.5 132.5 -11.1 120
winner is: 7
