Regression analysis information for: castilian_mismatch_declarative-broad-focus_Mi-tia-odia-la-lluvia
number of formants: 3
number of coefficients: 5
91.7 442.9 264.9
465.9 -1.6 -55.9 -86.7 16 -62.1
1561.3 110.1 12.6 -226.9 -34 -295.8
2301.5 60.3 131.1 100.4 -105.5 -178.9
89 479.1 312
459.8 -8.1 -54.7 -80.9 14.5 -60.2
1589.4 112.2 75.9 -179.6 -51.5 -214.5
2460.1 68.8 144 -2.5 -93.8 -161
96.6 469.2 311.2
468.8 -6.4 -61.3 -86.8 16 -49.1
1630.2 43 106.5 -101.9 -94.4 -127.2
2564.5 73.7 147.7 -44.7 -132.5 -145.5
100.6 468 308.9
478.6 1.3 -76.3 -96.2 10.4 -32.7
1681.8 42.3 27.3 -63.6 -142.2 -98.9
2624.6 115.7 75.5 -16.4 -153.9 -75.1
108.7 386.2 281.7
489.2 4.4 -81.3 -106.2 9 -32.2
1807.5 -51.6 31 -41.6 -214.6 -161.4
2728 59.2 58.4 1.9 -210.8 -105.4
112.6 284.4 223.1
499.1 -0.4 -77.6 -117.9 12.7 -39.8
1952.9 -30 100.4 -13.6 -192.4 -199.2
2840.4 41.6 47.3 -12.3 -195.9 -116.2
108.1 277.9 208.3
495.4 -6 -75.1 -116.1 18.6 -41.6
1981.4 -1.9 115.6 24.5 -150.6 -205.7
2884.8 40.8 35.9 0.9 -169.4 -122.2
103.7 274.8 218.6
488.2 -8.2 -67.6 -105.3 19.3 -50.7
2010.5 45.8 169 66.6 -119.8 -203.2
2905.3 48.7 70.2 12.9 -150.8 -147.1
99.9 279.5 222.4
479.6 -6.1 -63.3 -94.9 18.1 -55.4
2013.6 45.7 169.2 68.7 -125.9 -210.2
2913 42.4 70.9 6.3 -164.1 -169.2
98.3 287.1 227
473 -2.7 -60.8 -89.4 16.2 -56.5
2011 42.2 162.9 61.7 -136.7 -226.3
2922.1 50.5 73.8 9.6 -172.4 -190.9
94.6 286.5 226.1
466.2 0.4 -61.8 -85.7 13.1 -52
2011.8 54.9 174 67.1 -140.8 -233.2
2924.5 66.5 82.2 17.8 -183.1 -201.9
97.3 283.5 224
466.7 3.8 -68 -96.9 12.1 -39.7
2019.5 78.6 185.3 47.1 -143.3 -205.6
2922.8 106.5 78.1 -12.1 -179.9 -179.7
96.7 274 228
467 2.4 -73.3 -103.1 14.3 -32.1
2026.6 81.5 191.7 42.7 -145.2 -201
2943 119.4 93.5 -25.9 -190 -145
101.1 266.6 266.2
473.4 3.3 -87.5 -116.2 21.9 -14.9
2060.4 86.6 157.5 2.5 -132.7 -155.2
3011.9 132.8 39.2 -83 -163.9 -60.6
105.2 241.5 244.6
480.1 5.8 -97.6 -127.1 25.6 -3.4
2083.1 65.4 122.9 -41.1 -140.3 -129.5
3043.5 89.8 -35 -151.5 -166.3 -43.3
106.1 233.5 239.7
482.4 5.6 -101.4 -131.2 26.9 1.6
2112.8 55.7 126.4 -50.5 -141.2 -114.1
3076.4 92.8 -43.2 -159.5 -146.3 -36.5
114.8 245.3 249.4
487.4 13.6 -95 -134.3 15.1 -12.4
2157.3 61.2 153.9 -37.7 -132.6 -95.2
3126.7 102.3 -29.3 -152.4 -110.4 -36.9
137.2 257.8 283.2
507.3 44.7 -91.6 -136.1 -0.6 -41
2186.1 77.7 169.3 -21 -118.4 -100.2
3198.1 134.9 19.4 -120.6 -65.2 -64.5
160.9 273.5 315.9
529.2 23.6 -55.9 -159.1 28.2 -72.9
2220.4 63.1 207.8 -26.2 -97.1 -130.8
3285.4 134.9 77.7 -128.9 8.6 -102.7
164.3 284.5 316.8
530 26 -51.9 -157.6 26.7 -83.9
2228 81.5 219.9 0.4 -116.1 -169.5
3332.8 207.3 63.7 -97.5 35.8 -125.9
winner is: 16
