Regression analysis information for: castilian_match_interrogative-partial-wh_Por-que-ama-la-navidad
number of formants: 3
number of coefficients: 5
124.1 357.4 266.2
488.3 -0.5 49 -13.1 -28 -4.4
1362.2 172.5 1.2 42.4 -220.7 -23
2164 80 -8.8 152.3 -206.2 -82.1
132.2 340 302.3
493 3.5 24.7 -13.5 -2 -0.5
1356.1 236.9 -47.1 -15 -75.9 -67.9
2244.1 140.1 -49.1 120.3 -135.4 -106.3
135.5 326.7 310.3
497.9 -0.4 18.1 -11.4 3.5 0.6
1399.4 212 -87.5 52.1 -68.4 -105.2
2314 119.8 -44 153.5 -103.6 -129.1
147 287.5 299.3
506.3 -4.6 5 2.9 1.8 -22.5
1551 141.8 -137.7 159.5 -245.4 -174
2406.6 58.5 -75.9 214.4 -196.7 -182.1
159.9 262 301.9
528.8 -8.4 -4.4 -9.2 -11.4 -31.8
1669.6 20.7 -104.8 176 -329.5 -114.2
2518.4 -26.2 -56.6 188.9 -230.8 -156.7
167.5 215.6 267.2
543.6 -16.8 2.4 -31.2 -18.9 -30.7
1754.1 -95.5 -44.7 137.4 -344.4 -104.5
2626.1 -145.1 12.1 121.9 -207.3 -150.6
174.8 183.7 215.4
559.5 -12.9 -13 -59.1 -13.7 -11.6
1795.5 -128.6 -15.5 93.2 -346.5 -101.4
2711.4 -181.2 1.4 75.6 -170.2 -138
177.7 176.5 183.6
563.8 -4.8 -4.9 -57.5 -6.4 -4.2
1811.4 -143.2 -6 75.8 -330.3 -114.1
2746 -195.4 39.2 62.8 -126 -163
179.1 177 186.5
560.9 -1 1.2 -52.9 -1.8 -1.5
1820.6 -138.7 -8.1 77.4 -325.9 -116.1
2752.4 -188.2 51.7 63.7 -129.7 -153.2
178 179.2 191.6
560.4 7.2 2.1 -51.3 1.1 2.9
1825.7 -133.6 -8.5 78.7 -323.1 -114.4
2769.7 -180.4 44.3 62.7 -114 -147.8
174.8 182.7 188
555.2 11.3 2.2 -49.8 -0.2 6.5
1838.5 -124.3 -25.7 73.8 -306.5 -104.5
2811 -166.1 -14.1 47.8 -56.4 -131
170.3 200.2 217.7
550.2 28.6 18 -46.9 -2 20.3
1829.4 -104.9 -7.5 54.9 -312.7 -81
2790 -141.3 23.9 -2 -67.3 -65.5
166.2 200.9 222.3
545.4 37.5 16.2 -45.8 -5.5 26.6
1847.7 -49.5 13.8 75.7 -303.2 -79.7
2793.7 -94.7 64.8 -10.8 -84.8 -54.7
162.2 204.8 238.5
538.3 41.8 28.4 -28.7 -12.4 11
1848.3 15.2 3.4 104.5 -325.4 -89.9
2842.9 -36.7 19.2 52.8 -36 -95.5
164.7 209.3 252.7
541.1 51 39.7 -17.1 -15.1 -2.1
1865.7 37.5 11.6 125 -335 -94.3
2877.5 -5.3 7.1 74.5 -35.1 -121.6
164.1 228.3 264.1
537.6 47.1 45.2 -8.4 -14 -11.9
1887.6 43.9 43.1 180.6 -314.5 -91
2878.5 -21.6 56 179.6 23.9 -140.9
176.6 230.2 274.7
562.7 62.2 11.5 -49.7 -6.5 33.6
1932.6 60.4 50.5 178.2 -319.5 -72.6
2972.2 8.8 7 139.8 28.2 -41.6
179.4 223.5 295.3
578.1 68.3 -4 -71.9 -4.7 54.2
1991 70.2 72.8 153.4 -306.6 -42.9
3106 21.4 -50 94.7 -21.6 36
184.9 206.7 319.9
588.5 74.5 3.3 -76.7 -8.2 57.3
2043.1 64.5 99.7 118.2 -308.1 -40.4
3219.4 -20.1 -25.9 77.1 -101.6 37.9
200 199.9 324.4
603.4 67.2 16.9 -68.8 -17.9 71
2084.5 37.6 125.8 102.8 -312.4 -42.3
3313.3 -55.7 31.9 72.9 -122.8 26
winner is: 8
