Regression analysis information for: castilian_match_interrogative-total-yn_Maria-bebe-el-vino
number of formants: 3
number of coefficients: 5
80.3 407.2 261.6
435.1 54.1 0 -34 2.6 55.5
1610.2 55 -259.3 81 -152 -132.3
2392.6 -24.4 -244.8 123.7 -167.8 -129.2
80.8 378.2 268.1
441.9 69.1 -8.9 -60.3 -19.7 49.7
1677.3 102.3 -289.7 62 -208 -206.2
2499.7 11.3 -277.7 92.1 -219.1 -95.6
86.3 392.2 298.4
442.9 64.7 -1.9 -57.7 -22 50.8
1668.2 139.7 -247.8 91.6 -211.1 -305.6
2567.6 94 -232 64 -268.7 -184.7
94.7 331.3 286.4
454.2 67.9 -0.3 -62.9 -18.2 60.5
1763.4 153.2 -324 86 -165.7 -259.6
2665.3 120.9 -228.7 53.1 -259.9 -161.8
102.8 237.8 245.8
463.3 70.7 9.1 -60.1 -13.8 68.3
1868.3 148.3 -231 190.4 -218.6 -150.4
2751.4 104.4 -118.6 119 -299.7 -49.6
103.9 181.3 203.1
469.3 71.2 16.4 -60.7 -12.3 73.1
1929.3 171.4 -211 194.5 -233.3 -130
2809 83.4 -103.1 127.7 -292.1 -55.8
102.6 162.2 184.8
467.7 70.4 18.1 -62.5 -13 72.3
1973 189.1 -188 189 -255.6 -145.9
2862.7 99.3 -86.4 131.3 -306.7 -114.2
102 166.7 192.8
463.3 68.9 21.8 -62.3 -13.2 69.5
1977.9 168.8 -190 171.2 -258.7 -166.8
2880.9 66.8 -64.2 105.8 -295.3 -117.9
100.5 169.2 204.8
457.9 65.5 25.3 -60.4 -12.3 65.6
1981.6 161.8 -179.5 163.5 -261.3 -171.9
2903.6 45 -16.8 67.4 -280.7 -120.6
95.8 169.5 213.7
452.8 62.8 25.7 -57.7 -9.9 60.8
1980.6 164.5 -169 156.7 -254.4 -169.7
2927.4 29.6 22.3 40.9 -262.6 -130
85.6 173.3 218.3
444 69.2 20 -52.3 -6.5 51.8
1982.2 178.5 -166 168.4 -240.6 -180.5
2944.8 32.5 39.7 49 -245.5 -148.4
74.1 179.4 217.1
435.5 73 13.5 -50.6 -5 42.5
1975 188.1 -167.6 167.9 -233.7 -202.4
2944 34 40.3 45.5 -221.7 -209.6
75.2 185.2 215.3
435.8 66.7 16.7 -52.7 -3.9 40.7
1981.6 176.1 -158.3 159.7 -227.9 -215.8
2968.7 -25.1 70.4 18.2 -215.9 -250.3
86.7 180.5 206.2
442 53.4 26.5 -55.8 -4.4 45.7
2006.7 153.4 -129.4 174.4 -221.1 -204.4
3039.2 -60.9 175.2 59.9 -174.6 -215.5
92.8 175.6 200.7
447.6 38.9 33.4 -60.6 -6.7 50.8
2028.3 123.5 -122 180.9 -224.5 -201.9
3070.3 -142.5 205.4 64.7 -173.8 -228.2
94.7 182.1 193.8
449.3 35.7 34.1 -61.7 -7.9 52.5
2053.2 107.1 -133.4 182.6 -224.2 -191.6
3097.1 -197.1 185.8 54 -199.3 -232.9
95.5 183 205.3
450.1 32.9 33.8 -62.5 -9.1 53.3
2073.5 104.4 -131.5 191.4 -222.6 -181.9
3135.7 -203.5 136.9 56.6 -151.5 -222.6
95.9 192.9 224.1
451 36.5 33.7 -60.4 -9.1 54.7
2093.9 89.8 -154.3 187.3 -233.5 -169.9
3185.7 -190.2 93 41 -100.4 -197.1
95.4 195.8 233.5
451.6 44.6 32.7 -56.8 -8.1 56.2
2127.7 95.2 -156.4 208.2 -245.2 -144.6
3276.8 -107.6 130.5 88.5 -26.5 -144.4
94 211.4 234.1
450.7 56.1 30.2 -52.6 -7.2 56
2157.7 94.8 -175.7 225 -272.2 -128.6
3354.2 -94.7 124.6 97.3 -33 -99.3
winner is: 7
