Regression analysis information for: castilian_match_declarative-broad-focus_Maria-bebe-el-vino
number of formants: 3
number of coefficients: 5
102.3 333.5 220.3
442.7 81.9 -12.6 -12.6 19.8 -10.5
1659.8 12.5 -176.1 166.5 -185.3 -220.6
2390.3 -82.9 -141.8 193.3 -206.6 -146.8
98.2 393.4 282.5
431 69.8 -19.9 -25.9 10.3 -14.1
1594.7 34.5 -117.4 81.4 -256.8 -319
2446.6 -54.7 -127.2 140.6 -244.8 -176.4
98.8 404.9 288.3
428.2 69.9 -24.1 -23.3 7.7 -13
1593.7 84.7 -79.5 98.2 -276.5 -352.5
2507 23.8 -80.4 158.5 -313.5 -252.1
126.4 362.5 285.7
467.2 119.7 4.5 -29.6 14.4 22.9
1708.7 157.7 -62.7 154.8 -207.8 -234
2638.8 164.1 -41.7 149.8 -305 -218
129.5 258.4 208.1
484.6 131.2 -6 -48.8 20 37.2
1873.1 204.8 -132.1 125.1 -188.8 -168.5
2775.9 229.1 -87.2 116 -261.4 -111.6
125.3 218.9 187.9
485.9 134.3 -10.5 -53 21.3 41.2
1961.7 145.8 -128.2 118.7 -279.7 -84.2
2836.4 197.6 -87 106.9 -302.1 -46.6
120.8 209.7 181.2
483 139.9 -16 -54.3 19.3 42.4
1993.9 103.8 -113.8 114.9 -304.9 -41.1
2864 193.4 -91.9 91.9 -316.9 1.8
126.5 220.3 206.1
482.5 141 -5 -51.1 24.3 44.2
2012 83.5 -78.6 85.3 -265.1 -72.2
2905.9 169.6 -27.1 58 -247.9 -28.6
137.7 208.6 210.7
485.4 108.7 24.5 -66.7 40.4 27.5
2042.5 39.4 -30.8 57.6 -245.8 -78.2
2987.9 74.1 96.4 -29.7 -174.2 -66.1
134.1 200.2 199.3
481 93.7 37.5 -62.2 46.9 19.6
2050.3 23.8 -6.8 41.4 -237.4 -80.9
3024.1 41.2 153.7 -74.7 -145.7 -76.1
135 195.9 194.7
481.6 91.9 52.2 -50.7 58.9 22.3
2057.8 17.9 9.7 50.2 -240.6 -67.8
3052.6 25 195.9 -70.4 -134.9 -80.6
138.1 192.1 198.4
484.8 92.9 64.7 -41.1 69.9 29.9
2066.2 8.7 19.2 60.6 -244.7 -56.8
3071.3 23.1 228.4 -49.8 -125.5 -66.6
142.3 192.5 198.9
486.7 83.9 72.6 -43 77.3 26
2078.1 -7.5 26.6 64.1 -250.4 -51
3089.8 9.3 233.6 -44.1 -134.4 -59.7
143.8 194.1 200.1
489 89.6 80.2 -33.3 84.6 33
2086.5 -7.7 29.1 73.2 -255.3 -46.4
3111 9.8 239.4 -31.3 -145.6 -40.2
146 199.1 203.2
490.7 85.4 84.6 -35.9 89.7 28
2091.5 3.7 23.4 79.4 -250.9 -55.6
3130.5 14.5 230.1 -33.6 -146.6 -41.7
135.2 202.8 190.4
478 95.5 60.3 -25.7 69.9 35.7
2087.7 20.5 -1.7 84.4 -258.6 -65.6
3126.8 11.5 170.2 -56.2 -173.4 -62.9
137.6 221.1 191.8
480.4 98.9 66.3 -23.3 80.2 33.6
2097.8 24.1 0.6 86.5 -244 -71.7
3144.6 9.8 166 -66.2 -152.8 -74.5
130.7 227.6 198.1
474 106.1 53.7 -16.4 69 37.3
2117.1 9.9 9.5 85.8 -242.7 -66.2
3184.6 15.2 186.8 -58.1 -131.1 -60.8
130.7 238.2 204.8
473.6 109.3 55.9 -13.2 74.7 32.7
2131.9 20.3 5.1 101.8 -248.2 -60.2
3228.9 17.2 199.1 -51 -108 -56.7
145 260.4 228.1
486.7 103.5 80.7 -20.3 99.5 25.9
2168.6 3.7 29.9 94.4 -229.2 -70.6
3288.1 -5.7 216.7 -41.8 -72.1 -64.4
winner is: 7
