Regression analysis information for: castilian_mismatch_declarative-broad-focus_Mi-madre-come-la-fruta
number of formants: 3
number of coefficients: 5
118.6 364.5 309.4
482.4 -29.6 1.4 -14.8 -27 -100.9
1455.9 47.5 64.7 51.4 -59.1 -34.7
2303.9 122.6 -20.1 33.8 0.3 58.4
124.1 360.7 334.9
493.4 -45.9 4.4 -16 -15.3 -121.4
1520.1 60.5 133.4 104.2 -9.7 -26.4
2419.6 110.4 52 46.9 13.2 16.1
125.2 379.4 325.1
485.7 -45.5 -11.1 12 -41.2 -105.7
1539.3 -13.9 5.8 48.9 -20.8 -43.4
2466.5 59.7 4.2 35 5.1 22.4
133.5 324 293.5
505.2 -36.1 -6.2 21 -62.3 -131
1642.5 78.3 38 49.5 -65.3 -44.6
2571.8 94.1 16 51.1 -64.1 -52.1
144.8 282.7 285.8
528.8 -72.4 17.5 4.3 -48.2 -149.8
1747 129.3 50.9 50.3 13.9 16.2
2666.7 45.5 53.1 4.2 -13.6 -77.7
142.9 225.6 230.9
553.3 -109.8 52.5 -29.1 -16.3 -184.7
1815.8 173.6 88.9 15.9 37.6 -39
2763.3 27.7 101.5 -83.5 16.5 -188.6
147.6 220.1 226.8
558.8 -121.4 63.1 -31.1 -21.3 -182.6
1833.6 181.7 105.1 24 51.2 -25.7
2794.5 -5.1 132.7 -109.3 20.5 -194.4
153.5 226.3 249.6
557.5 -122.4 63.5 -36.6 -25.4 -166
1847.6 186.6 103.6 10.1 56.8 -9.9
2827 12.5 148.4 -138.8 7.8 -182.8
145.1 239.9 266.6
539.7 -116.4 66.5 -53.6 -11.2 -160
1846.3 152.3 86.8 30.6 40.9 -24.3
2851.7 -10.8 158.8 -89.6 25.6 -202.2
162.1 256.4 289.7
549 -138.1 57.5 -35.7 -29.7 -143.2
1868.5 130.1 78.5 25.3 27.1 -1.8
2914.6 -43 128.1 -78.6 30.9 -187.8
173.9 268.4 296.8
556.2 -151.2 52.6 -26.2 -40.1 -139.6
1885.7 91.3 52.2 13 0.5 -13
2946.7 -75.2 121.9 -88.2 19.1 -172.2
187.5 275.1 320.8
565.2 -165.3 51.3 -4.9 -57.1 -142.6
1920.9 99.3 69.5 51.4 -4.1 3.6
2995.1 -89.5 122 -86.7 -5.9 -154.6
193 265.8 329.4
569.7 -165.1 51.9 -2.9 -59.2 -145.7
1957.2 120.8 95 63.9 -4.6 17.6
3052.3 -96.2 119.2 -82.2 -25.3 -149.7
216.8 272.9 352.1
586.8 -178.7 44.8 17.7 -81.4 -136.7
2005.1 126.4 127.6 111 -29.7 49.4
3129.7 -85.9 117.5 -56.1 -56.4 -112.6
233.2 255.6 360.9
599.6 -179.8 29.9 18.8 -81.2 -125.2
2048.1 143.4 126.9 123.3 -10.7 99
3214.9 -67.3 113.2 -79.1 -38 -60.5
250.6 239.7 374.8
610.7 -170.9 23.7 16.3 -71.6 -113.9
2072 147.1 112 104 -6.9 137.8
3272.1 -33 126.8 -84.3 -53.5 -1.4
273.7 223.3 386.9
638 -202.6 35.8 -12.1 -53.7 -106.7
2123.1 139.4 89.2 85.7 9.4 183.6
3381.7 -94.9 111 -124.5 -62.9 85.1
283.8 229 393.8
644.9 -179.5 34.5 18.7 -44.4 -91.4
2149 133.2 86.3 108.7 0.2 192.8
3439.5 -116.2 139.2 -82.7 -73.1 121
293.3 256 399.5
655.9 -200.2 45.7 10.1 -38.5 -98.2
2202.5 77.1 123.3 85.7 39.5 160.4
3525.6 -196.3 186.5 -113.2 -40.6 89.7
301.9 258.3 412.6
660.4 -201.8 51.6 20 -39.5 -82.7
2216.3 63.9 116 107.4 36.4 167.6
3565 -248.5 180.6 -58.2 -24.3 135
winner is: 7
