Regression analysis information for: castilian_match_declarative-narrow-focus_Manuela-vende-el-carro
number of formants: 3
number of coefficients: 5
83.1 287.9 276.1
491.8 -1.3 -20.9 59.7 -102.3 45.4
1486.7 13.1 -197.3 126.9 77.9 -143.1
2211.1 85.7 -159.9 -41.3 59.8 -181.6
93 268.1 292.8
496.3 -5.6 -14 48.2 -103.2 41.5
1579.9 94.3 -173.3 104.5 67.9 -139.1
2321.3 173.8 -174 -64.1 85.2 -196.9
105.5 294.4 314.9
496.6 -8.2 -2.6 49.4 -102.5 41.4
1586.3 100.9 -86.2 95 -22.2 -169.6
2385.6 190.7 -176.1 -82.1 71.7 -183.8
120.2 242.3 257.4
508.4 -8.1 0.4 26.3 -111 47.4
1663.5 114.3 -140.7 9 -65.4 -120.4
2500.7 157 -259.8 -149.4 -10.6 -71.1
124.9 134 201.3
526.3 6 0.8 25.3 -114.9 70.9
1765.7 146 -228.1 4.3 6.9 -33.3
2605.7 180.4 -290 -114.6 4.6 33.6
127.4 135.7 196.7
529.9 -4.3 1.8 20 -115.2 77.1
1777.2 123.7 -222.2 5.5 1.2 -42.8
2624.1 147.6 -290.9 -117.3 -18.1 18.9
130.4 143.9 211.6
530.7 -13.1 8.2 10.3 -107.5 70.4
1788.6 105.4 -229.2 -10 8.5 -42
2660.4 153.9 -269.2 -107.8 -3.5 11.5
136.1 143.6 220
531.1 -23.6 19.1 3.9 -101.5 64.1
1807.6 95.5 -231.6 -10.1 22.1 -55.7
2721.8 167 -230.4 -80.3 42.1 -20.3
148.6 150.5 243.4
537.3 -54.2 53.6 -17.5 -78.6 40
1828.9 68 -213.4 -29.2 45.6 -66.6
2777.6 126.5 -169.1 -120.1 93.2 -72.4
146.7 133.5 228
557.9 -113.1 111.1 -43.7 -58.4 24.8
1870 7.4 -157.9 -70.1 82.5 -68.1
2838.2 28.6 -73.9 -175.5 136.1 -75.5
137.7 131.2 209.6
559.6 -128 132 -46.5 -51.7 12.3
1888.2 -16.4 -133.1 -80 98.4 -77.1
2859.7 -4.8 -31.7 -175.2 133.9 -78.2
145.9 135.9 223
570.9 -140 153.1 -45.4 -39.3 5.1
1913.7 -14 -82.6 -73 128.1 -73.9
2907.8 13 49.3 -160.4 177.4 -78.7
158.1 142.4 226.3
583.8 -144.7 155.3 -26.7 -31.3 -3.8
1926.1 2.4 -54.5 -41.7 117 -76.4
2960.9 52.2 103.4 -120.3 197.9 -81.2
169.9 157 226.2
588.2 -142 153.2 -12.3 -43.5 -2.1
1933.7 12.1 -22.4 -35 100.5 -88.9
3010.6 60.8 118.8 -110.6 162.3 -89.6
179.4 166.7 232.1
609.9 -145 171 -6.8 -59.9 -11.6
1947.6 2.1 -13.2 -27.7 83.3 -85.4
3075.6 32.8 124.7 -125.7 139.7 -84.6
186.2 175.3 261.8
616.7 -145.1 183 -12.7 -60 -21.9
1962.3 11.1 -23.7 -17 72.6 -91
3129.1 40 99 -139.1 123.9 -88.9
196.5 198 305
618.1 -183.9 198.7 -21.4 -35.7 -23.8
1989.4 -25.6 -9.6 -32.5 81.4 -96.7
3202 -12.2 107.6 -145.5 139.1 -109
225.1 227.2 363.1
643 -218.4 164.4 -33.1 -33.9 -33.5
2023.6 -95.6 20 -78.3 105.3 -139.7
3267.6 -119.3 81.3 -147.3 131.6 -176.9
243.1 237.8 378.4
650.5 -201.5 125.1 -29.9 -51.9 -17.4
2033 -95.4 -5.9 -70.8 106.9 -145.7
3314 -160.3 67.4 -127.9 137.2 -201
261 247.9 397.2
663.1 -212.3 122.4 -7.4 -55.1 -31.3
2075.1 -102.6 -43.6 -84.3 152.2 -137.7
3396 -187.4 36.2 -96.8 188.5 -209.1
winner is: 6
