Regression analysis information for: castilian_match_interrogative-partial-wh_Cuando-bebia-el-vino
number of formants: 3
number of coefficients: 5
76.7 248 215.3
460.8 101.1 30.3 19 25.6 -9
1711.3 37.3 -518 61.4 -55.9 144.5
2443.2 -36.8 -280.3 53.7 -122 103.6
78.8 319.1 279.4
459.2 92.7 37.8 19.5 26.6 -7.9
1689 -19.8 -478.4 95.7 -3.2 218
2552.4 -48.1 -345 62.5 -6.8 235.7
75.6 320.6 302.2
455.3 95 37.4 20.1 27.2 -9.9
1696.4 -22.2 -474.7 92.8 -73.1 204.7
2570.9 -51.7 -334.9 54 -26.9 233.4
76.5 289.1 274.4
455.1 93.5 37.7 15.2 28.9 -6.1
1749.3 27.8 -491.7 57.7 -108.1 171.8
2640.4 20.6 -311.2 17.6 -65.6 186
81.6 253.3 236.2
459.3 93.5 40.3 7.4 27.4 -3.7
1793.8 -4.7 -535.5 48.4 -96.1 165.4
2710.9 20 -312.8 1.4 -50.5 145.2
87.4 224.2 224.8
461.3 89.1 43.7 3.6 28.1 -2.7
1807.2 -73.6 -537.9 48.1 -110.1 214
2738.7 -12.3 -291 6.8 -38 159.4
91.7 212.6 223.5
462.3 80.4 50.2 -0.1 29.9 -2.6
1827 -105.7 -521.3 41 -121.8 235.2
2762.7 -70.4 -280.4 -9.2 -33.7 164.8
94.2 230.7 233.7
460.9 76 56.7 1.1 33.2 -4.5
1845 -81.7 -504.1 34.3 -121.3 207.2
2795.6 -71 -258.2 -17.7 -22.3 124
97.2 243 246.2
462.6 64.4 70.4 -1.6 36.5 -8.2
1898.1 -56 -449.5 37.2 -139.4 184.5
2872 -61.5 -181.3 -14.4 -26.6 101.4
96.2 246.6 248.7
461.7 61 75.4 -0.2 38.3 -10.6
1917.1 -50.9 -430.2 40.8 -140.7 175.8
2910 -64.4 -136.6 -14.6 -24.3 99.3
96.4 250.8 258.5
462.7 61.2 81.2 3.2 42.2 -9.8
1941 -43.7 -388.1 70.4 -109.4 206.1
2938 -49.5 -93.2 20.2 12 126
92.3 252.4 255.8
462.4 59.8 84.5 3 49.1 -13
1955.6 -34.9 -347.9 104.8 -82.2 220.7
2975.6 -66.4 -24 36.5 72.1 124.1
89.5 243.4 249.5
463 58.4 88.6 2.9 57.5 -14.5
1970.2 -46.5 -310 110.8 -44.8 208.5
2996.7 -79.8 15 52.2 112.7 110.9
89.9 229.2 225.1
465.3 56.5 93.8 2.7 63.2 -13.3
1984.6 -80.1 -273.6 89.6 -14.1 186.4
3038.3 -150.1 76.8 33.7 137.7 93.7
92 219.4 209.9
468.4 58.2 98.9 4.9 67.4 -10.4
1991 -95.2 -274 79.6 -0.2 189.7
3068.9 -180.9 99.7 35.9 141.7 90.5
94.3 208.5 210.2
471.2 64 102.8 10.3 71.1 -4.6
2012 -66.8 -264.8 96 35.3 228.9
3092.6 -156 100.9 60.7 162.6 116.4
95.7 209.1 212.3
468.7 64 96 9.5 65 -4.6
2009.3 -25.1 -321.6 116 6.7 277.1
3095.6 -146 55.2 47.3 143.2 113.2
95.9 210.8 214
470 64.6 96 8.6 64 -5.7
2039.2 -20.7 -325.5 107.9 7.6 298.9
3143.4 -114.5 49.7 51 159.3 146.3
100 185.7 212
474.3 72.3 101.5 13.9 68.1 -2
2092 21 -283.6 154.7 26.1 356.3
3218.7 -41.9 56.3 72.7 187 193.6
99.2 196.3 219.3
476.5 85.9 103.6 21.5 71.2 -1.2
2139.2 21.2 -265.4 158 26.2 368.4
3317.3 -12.3 65.3 99.4 178.8 236.2
winner is: 19
