Regression analysis information for: castilian_mismatch_declarative-broad-focus_El-bebe-comia-muy-bien
number of formants: 3
number of coefficients: 5
85.1 263.4 216.8
450.9 64.2 -46.9 20.2 -5.8 20.2
1818.4 2.9 181.9 -5.3 -171.6 1.1
2438.1 70.2 127.6 51.1 -63.8 71.1
85.6 271.1 228.5
446.3 68 -45.8 22.1 -4.2 20.8
1812.7 25 197.9 -3 -178.7 -6.9
2512.6 81.7 142 59.7 -86.1 92.2
81.4 325 252.7
441.5 70.3 -46.5 26.4 -2.5 25.4
1706.9 -61.1 171.4 88.7 -107.2 -20.1
2477.3 96.8 112.5 84.3 -40.9 54.1
81.1 305.7 240.5
440.8 72.3 -52.4 23.2 -2.4 27.6
1742.4 -64.7 155.1 121.3 -139.9 43.5
2513.4 102.9 85.9 116.3 -69.3 119.6
81.5 256.6 215
445.9 70.5 -50.2 22.3 -4.4 36.7
1897.6 12.1 83.4 63.5 -142.8 119.7
2616.1 155 68.2 105.5 -75.4 188.3
83.1 212 209.6
450.4 70.4 -56.5 22.7 -1.7 34.7
1986.2 41.8 39.7 49.4 -114.3 93.8
2683.4 163.6 38.2 88.2 -66.4 168.1
84.7 191.9 214.1
451 68.6 -59.4 25.3 2.7 31.6
2022.6 35 35.4 49.5 -100.2 76.3
2727 135.6 38.9 63.5 -56.6 159.8
85 180.6 199.7
450 68.2 -61.1 25.3 5.3 28.9
2045.2 27.1 45.1 41.5 -97 66.1
2775.2 84.9 85.8 32 -28 140.5
85.4 186.6 179.3
446.6 66.4 -59.1 26 4.8 25.3
2050.4 14.9 55.6 39.9 -85.6 58.3
2827.2 7.4 155.6 -15.6 21.3 117.7
82 204.9 176.6
440.1 65 -52.1 26.7 1.6 20.9
2041.9 11.4 77.2 40.8 -86.8 48.9
2836.1 -8.4 188 -33.4 41.5 108.4
80.1 209.7 182.6
436.6 64.8 -49.7 24.7 -0.4 21.5
2040.1 7.6 82.3 42.6 -85 45.7
2837.6 -6.9 197.1 -42.2 55.6 104.8
79 203.9 180.4
435 64.7 -49.6 23.9 -2.1 22.4
2044.1 7.3 78.1 46.5 -80.3 41
2852.4 -10.3 193.5 -21.3 63.2 88.3
78.7 195.7 178.8
434.8 66.2 -52.9 23.9 -1.6 21
2051.1 6.6 67.5 47.8 -85.6 42.4
2863 -17.6 188.9 -9.7 55 87.9
80.7 181.2 176.6
436.5 66.5 -56.6 23.6 -1.2 21.5
2064.5 0.7 48.6 50.1 -98.2 39.8
2875.6 -21.7 180.1 -6.5 43.1 85.8
92.3 164.7 191.3
444.4 67.5 -70.4 22.9 3.9 21.9
2102.7 3 -5.7 25.3 -94.9 64.5
2926.2 -14.5 120.9 -43.1 46.3 124.1
102.4 152.8 203.8
454.3 72.8 -86.2 14.1 6.2 30.8
2138.5 7.6 -42.6 8.9 -91.5 82.7
3001.5 -1.4 48.7 -91.8 57.1 192.6
110.4 155.2 222.3
459.7 69.9 -88 10.1 11.5 28.5
2161.5 5.4 -46.3 9 -89.5 79
3064 -20.3 32.6 -85 48 208.8
121.2 158.6 238.5
466.2 62.9 -85.1 2.2 20.1 20.9
2187.9 4.6 -43 -0.6 -85.8 78.8
3138.4 -39.7 28 -87.2 36.9 213.5
140.3 166.5 272.1
476.1 53.9 -82.7 -14.2 34.9 8.2
2211.8 -0.7 -29.5 -15.7 -78.5 75.7
3242.5 -55.2 -17.8 -103.9 54.7 194.9
192 202.7 322.6
516.2 45.9 -57.6 -46.5 54.8 41.6
2241.1 -6.4 15.2 -48.1 -66.8 99.6
3327.6 -64.5 6.2 -141 45.6 199.4
winner is: 14
