Regression analysis information for: castilian_match_interrogative-partial-wh_Cuando-vendia-el-carro
number of formants: 3
number of coefficients: 5
99.8 286 234.4
523.5 -40.7 40.1 97.2 -19.3 65.4
1498.4 26 -399.8 33.2 190.2 122.8
2290.1 20.4 -153.5 -39.2 194.9 75.8
102 322.2 271.4
518 -44.8 46.2 103.3 -11.5 64.3
1552.5 56.2 -424.6 28.1 169.6 104.4
2361.1 60.2 -204.9 -88.2 185.1 42.7
101.2 353.9 266
514.5 -37.3 36 111.8 -26.1 57.1
1557.3 44.5 -390.5 83.5 106 9.4
2468.5 105.6 -248 -85.5 143.8 16.9
103 359.1 253.5
516.6 -33.1 33.1 117.8 -41.5 58.4
1557.2 9.2 -345.7 101.3 28.3 37.8
2534.7 75.2 -230.2 -38.3 37.7 62.1
104.4 284.8 212.9
512.4 -32.7 25.4 120.8 -43.9 57.9
1634.7 35.9 -464.2 23.3 38.3 98.8
2594.5 80.9 -302.7 -43.5 26.9 73.6
102.4 212.7 183.4
516.2 -30.2 27.1 116.3 -45.7 67.5
1700.8 85.5 -515 -63.6 20.5 188.9
2648.4 123.1 -303.1 -51.9 37 126.9
101.3 221.7 197.4
516 -32.1 26.8 115.3 -41.1 69.9
1715.9 88.5 -507.7 -48.7 34 169.7
2652.6 116 -271.7 -77.2 18.9 140.3
104.5 227.5 200.8
515.9 -38.3 34.6 114.7 -35.8 72.8
1771.9 146.4 -462.4 -67.4 16.1 138.8
2711.1 130.6 -260.7 -83.4 37.7 97.8
110.4 250.9 204.1
526.1 -65 65.6 95.4 -18.7 68.6
1829.2 104.8 -387.1 -119.5 46.6 128.2
2771.8 110.5 -183.3 -121.3 89.7 76.3
112.9 260.6 202
533.5 -80.8 83.5 90.9 -11.8 71.2
1856.4 54.2 -352 -141.5 65.8 146.9
2807.1 84.8 -129.4 -127.7 123.8 85.6
112.1 262.2 212.2
541.9 -97.1 101 85.8 -3.5 68.1
1895.5 16.8 -310.5 -150.6 84.4 169.2
2841.3 48.6 -84.5 -131.9 154.4 93.2
110.9 263.7 209.4
542.1 -102.3 103.8 87.4 -1.9 65.7
1920.1 -3.9 -296 -156.4 86.3 176.2
2859.4 34.7 -75.1 -123.4 166.1 66.9
110.7 265.5 217.7
551.1 -124.9 111.8 85.3 -1 57.1
1942.6 -36.2 -258.5 -153.3 110.1 171.6
2893.7 -7.1 -35.5 -112.1 190.8 59.3
109.8 265.5 232.4
553 -121 110.6 98.9 -1 57.2
1937.5 -38.4 -233.4 -95.7 129 180
2933.6 -4.7 -13.9 -75.5 209 97.5
112.9 283.3 235.3
558.2 -124.5 117.5 103.3 -0.1 60.4
1899.1 -84.5 -172.2 -9.6 134.6 103.7
2958.3 -39.1 24.5 -42.4 209.4 89.3
120.8 276.1 273.8
564.3 -131.4 120.8 106.9 -3.5 67.3
1915.8 -92.8 -177.1 -6 128.9 116.2
3021.9 -78.4 2.2 6.3 134.3 77.2
126.7 273.9 284.6
569.9 -131.1 117.1 118.5 -8.3 65.9
1939.1 -83.5 -175.4 -8 113.7 118
3070.5 -64.4 -5 -9.7 75.7 54.9
128.5 230.9 333.2
572.1 -132.2 128.4 108 -4 76.3
2017.3 -28.8 -246.6 -114.2 102.2 226.5
3160.5 -2.3 -58.2 -152.4 50.8 146.4
135.8 221.9 364.4
580.4 -135 126.6 119.5 -10.5 78.4
2066 29.4 -248 -87.9 108.2 273.9
3256.8 35.3 -42.1 -95.9 43.9 177.6
141.2 211.1 372.5
586.2 -135.7 121.1 132.2 -17.4 79.8
2104.5 80.6 -270.1 -86.2 114.6 315.5
3356.3 114.9 -51 -54.2 66.7 207.5
winner is: 6
