Regression analysis information for: castilian_match_interrogative-total-yn_Manuela-vende-el-carro
number of formants: 3
number of coefficients: 5
86.4 256.8 296.9
498.3 -56.7 7 8.2 -122.3 60
1488.1 93.3 -193.4 140.1 -51.1 -43.6
2271.8 62.8 -132.3 -52.5 15.6 -31.5
83.3 271.8 313.8
494 -58.8 2.3 2.9 -127.3 56.4
1512.9 131.7 -200.8 99.8 -36.9 -50.3
2336.4 124.2 -126.2 -112.1 58.8 -79.2
84.6 298.2 328.5
487.3 -52.8 0.5 7.5 -130.1 52.1
1485.8 126.1 -100.3 158.2 -156.2 -119.5
2357.8 110.9 -121.8 -89.7 38.3 -103.9
84.7 281.5 326.5
485.9 -46.8 -1.5 11.7 -130.6 55.3
1503.2 116 -125.2 138.5 -171.8 -57.4
2383.7 88 -139.3 -69.9 5.5 -71.7
87.8 265.3 300.3
488.6 -39.6 -2.1 19.3 -130.5 56
1543.7 111.3 -185.7 162.9 -140 -78.9
2458.3 28.2 -190 7.3 -55.6 -63.9
97.5 191.1 242.5
504.1 -25.2 -6.2 7 -138.1 64.3
1657.2 179.7 -283.8 121.7 -65.7 -11.8
2572 73 -254.1 -24.3 -33.5 3.7
105.8 137.9 206.8
515.8 -24 -6 0.5 -137.3 68.8
1724.3 217.1 -310.8 80.6 -41.8 30.8
2651.9 104.6 -254.6 -20 -23.7 16.7
112.3 132.1 194.1
520.2 -27.1 -2.4 1.9 -141.1 71.9
1747.8 223.7 -308 68.5 -41.4 43.6
2683.9 116.6 -226.6 -7.1 -4.8 30.5
123.2 155.4 206.9
532.8 -46.7 28.2 -11.6 -123.6 67.5
1781 187.3 -262.4 39.8 -17.4 43.1
2759.9 104.9 -141.9 -58.6 13.1 8.7
127 165.3 190.4
537 -59.9 39.2 -17.3 -123.6 65.7
1805.3 155.4 -236.5 26.8 -25.6 52.1
2819 50.8 -81.1 -107.7 27.3 18.2
126.1 170.4 177.2
537.9 -60.3 49.6 -18.4 -120.2 71.6
1821.4 144.1 -231.4 24.2 -28.8 63.5
2854.9 59.6 -37.4 -129.4 37.3 14.9
124.8 190.4 187.8
539.9 -73.1 57.7 -26.3 -114.5 66.1
1839 105.1 -214.5 5.4 -27.7 53.8
2863.5 -24.6 -47.7 -192.2 8.3 -11.2
122.6 188.5 186.2
540.1 -84.7 60.3 -29.1 -116.4 62.5
1858.8 84.4 -187.9 1.7 -24 44.6
2890 -49.9 -44 -222.6 -3.5 -19
125 185.1 202.2
544.9 -92.4 73.9 -28.2 -106.4 56.8
1871 61.9 -135.2 -2.7 -23.1 6.4
2913.7 -97.4 7.1 -191 8.3 -72.7
121.7 197.6 211.2
552 -113.7 87.7 -37 -99.7 45.8
1894.9 18.6 -80.6 -8.4 -10.5 -22.3
2959.1 -136.5 49 -172.2 17.7 -118.6
122.5 204.3 222.9
556.6 -118.3 95.5 -27.4 -101.2 52.4
1902.2 17 -46.8 31.1 -29.1 -20.8
3005.3 -125 104.4 -77.9 19.7 -97.5
129.6 213.5 244.8
561.8 -110.5 102.1 -11.6 -98.3 63
1906.5 22.6 -65.1 49.8 -35 -15.9
3045.7 -119.5 113.7 -25.8 -8.6 -89.3
128.7 238.1 270.7
555.5 -108.6 94.4 -18.3 -104.4 59.5
1944.6 -1.9 -50.9 25.7 8.3 -41.9
3130.8 -100.7 166.6 -22.1 25.6 -81.8
146.8 272.7 323
579.5 -118.5 79 26.7 -120.6 51.1
1991.7 -17.1 -85 36.9 18.1 -38.4
3230.1 -138.7 148.2 -9.8 24.3 -87.1
158 286.5 364.3
584.6 -123.7 48.5 45.5 -132.4 18.7
2034.9 -15.8 -110 5.8 48 -42
3325.4 -179.6 90.5 -30 18.7 -133.2
winner is: 8
