Regression analysis information for: castilian_mismatch_declarative-narrow-focus_Mi-madre-come-la-fruta
number of formants: 3
number of coefficients: 5
130.2 291.7 292.4
483.2 -8.7 -12.1 10.7 -76.9 -103.3
1465.2 49.9 112.8 46.3 -283.3 -26.5
2296.7 75.5 89.1 150 -111.6 79
137.7 322.3 309.9
482.6 -32.5 -17.3 6.4 -56 -95.7
1522 30.2 124.5 46.5 -223.5 0.1
2414.1 96.3 67.5 142.8 -113.8 36.5
127.4 335 311.6
499.7 -32.3 -62 34.7 -52.5 -96.2
1605.1 -4.1 -71.2 26.6 -105.8 32
2530.5 65.6 -96.6 125.3 -29.2 5
141.9 296.5 285.8
527.2 -80.3 -27.2 7.4 -28.2 -111.6
1680.7 -34.1 -54.5 -4.7 -35.8 21
2652.2 -49.3 -14.5 30.6 48.6 -45.1
141.3 215.2 224.5
553 -95.8 8.1 -26.8 -11 -154.7
1777.2 66.9 33.3 8 -32.8 -27.1
2750.9 -30 56.2 -33.8 14.1 -152.1
141.7 194.8 195.2
566 -115.6 22.2 -30.9 -8.6 -167.5
1823.1 108.5 66 28.6 -30 -33.8
2802.1 -45.7 80.2 -53.6 10.9 -185.5
150.5 196.7 192.8
568.7 -126.7 18.7 -14.2 -29.3 -161.6
1848.3 107.7 82.9 34 -44.3 -38.1
2842.6 -69.7 84.8 -62.7 7.7 -195.9
159.2 206 200
566 -107.9 30.1 -0.8 -21.3 -139.1
1856.6 123.1 101.7 52.7 -37.5 -24.8
2858.8 -49 107 -70.9 31.8 -173
166.1 232.7 225.7
560.6 -108.1 34.4 3.4 -19.4 -131.5
1861.4 115 93.7 61 -47.8 -25.6
2888.6 -61.4 95.4 -45.4 10.5 -163.8
185.1 255.3 255.4
564.9 -118.8 43.5 -1.5 -14.1 -116.7
1863.3 76 66.3 32.5 -52.9 -20.7
2921.1 -71.2 96.9 -43 4.5 -145.5
199.6 267.4 286.1
568.7 -131.4 39.5 20.2 -31.9 -115
1868.3 58 80.6 52 -75 -32.2
2952.3 -78.1 99.4 -27.1 -18.7 -139.2
223.4 292.2 310.2
577.5 -146 28.4 48.5 -59.6 -102.6
1880.6 31.2 68.6 37.8 -88.7 -8.6
2995.9 -95.1 91.1 -11.2 -38 -123.7
223.7 307.5 336.2
572.5 -145 28.5 54 -57.7 -108.7
1915.9 77.9 110.8 71.9 -65.9 7.1
3047.9 -76.3 124.1 5.9 -15.4 -105.8
239 310.6 359.6
579.7 -149.8 39.7 53.1 -49.8 -105
1931 89 148.1 110.9 -53.3 10.9
3085.2 -73.8 177.1 10.6 -35.7 -71.1
271.3 300.9 379.3
603.7 -166.5 19.9 61.4 -65.7 -83.5
1950 54.7 69.2 49.5 -65.2 66.4
3129.4 -107.5 126.2 -41.2 -53.1 -0.7
298.4 288.6 391.5
629.6 -186.7 33.2 27.5 -28.5 -82.2
2012.1 23.4 29.2 -34.5 7.6 95.7
3187 -148 89.7 -103.7 28.2 88.5
312.1 304.1 406
647.1 -205.2 14.8 61.3 -44.4 -95.5
2087.8 26.6 38 -7.7 66.1 100.6
3238.3 -196.5 58.6 -77.3 78.6 114.1
314.6 316.1 466.3
650.5 -193.4 16.6 54.4 -28.7 -86.7
2176 43.4 84.9 0.3 147.5 109.8
3350 -220.6 60.2 -65.2 189.1 100.4
328.1 332.4 467
657.2 -189.8 18.9 50.9 -31.8 -85.1
2217.7 39.3 120.1 2.7 144.2 138.6
3459.7 -216.9 50 -95.8 251.3 98.6
335.1 350.9 487
668.3 -190.8 10 68.3 -44.4 -90.8
2248.8 29.5 114.7 20.6 108.6 136.5
3545.1 -227.3 79.2 -63 146.7 33.8
winner is: 6
