Regression analysis information for: castilian_mismatch_declarative-narrow-focus_Mi-novio-viene-del-lago
number of formants: 3
number of coefficients: 5
80.5 402.9 286.1
447 -19.3 -39.3 52.9 -125.2 47.7
1530.4 161.8 -196.7 69.3 17.4 17.2
2312.2 285.5 -172 59.8 73.7 -102.9
85.2 372.4 283.6
445.5 -17.2 -41.1 48.3 -124.5 47.9
1616.4 279.9 -240.7 -67.5 41 35.7
2431.1 339.7 -222 12.1 116.7 -118.6
87.5 305.8 304.3
468.4 -37.8 -23.4 33.5 -101.6 26.4
1669.2 296.9 -165.9 -43.8 54.4 -114.1
2560.5 330.6 -171.6 -31.6 171.3 -157.6
89.5 209.2 301.1
480.5 -34.6 -29.2 30.2 -93.5 25.7
1759.7 323.7 -243.9 -31.1 130.2 -125.6
2669.8 254.7 -159.5 8.5 173.7 -97.1
94.3 188.1 288.3
495.5 -51.5 -17 24.8 -87.1 28.1
1813.2 300.5 -246.2 -44.6 169.8 -84.7
2715.9 208.8 -151.9 14.2 168.4 -37.9
101 196 280.3
503.7 -68.4 -6.9 18.5 -82.7 29.2
1818.5 291.2 -230.5 -61.4 179.8 -84
2757.3 154 -109.2 -11.1 162.1 -18
101.7 202 232.1
496.9 -65 -14.8 27 -84.5 32
1847.7 274.6 -226 -43 148.1 -63
2815.4 119 -124 29.1 79.5 37.6
101.9 205.2 206.5
490.5 -66.1 -16.5 32.8 -87.2 32.4
1875.1 279.6 -222.3 -21.4 138.2 -53.6
2861.6 103.6 -150 35.1 51 46.3
100.8 239.5 240.8
479.3 -67 -14.6 39.2 -91.8 27.8
1885.1 283.2 -219.3 -14.9 135 -67.9
2919.9 111.3 -164.1 -15.1 68.6 68.8
104.5 264.6 283.2
483.1 -92.7 13.1 24 -83.4 18.7
1906.2 212.3 -160.3 -38.4 156.9 -104.4
2976.6 31.9 -105.7 -77.6 116.9 16.5
100.5 253.3 294.3
479 -96.8 20.9 24.4 -90.3 25.5
1916.2 218.9 -130.8 -6.1 201.4 -73.4
3011 -19.5 -59.2 -82.1 165.6 -8.6
106.6 243.6 289.6
486.7 -120.7 47.1 2 -73.8 8.4
1949.4 231.5 -122.9 -42.6 211.9 -60.7
3072.7 -48 -48.1 -154.4 186.1 -8.1
107.6 252.4 282.4
491.2 -138.7 62.6 -13.1 -67.7 2.5
1981.9 220.5 -105.4 -81.9 216.1 -58.7
3126 -60.1 -49.9 -217.3 182 8.1
109.7 266.7 275.5
494.7 -151.8 72.3 -22.5 -66.9 0.1
1987.2 220.8 -101.6 -116.2 213.6 -61.2
3159.5 -70 -35.7 -270.3 161.5 22.7
111.9 277.6 278.6
488.5 -144.2 63.3 -14.7 -80.6 11.6
1974.2 218.7 -101.2 -114.4 226.1 -31.4
3156.7 -81.3 -12.3 -272.3 153.8 55.1
117.2 307.4 309.3
486.7 -145.8 61.1 -9.7 -91.8 22
1973.9 158.5 -85.3 -164.2 181 -21.3
3134.3 -85.2 80.7 -309.3 32.8 65.4
125.9 328.2 333.5
486 -129 58.4 14.4 -100.1 48.4
1996 123.7 -74.3 -174.5 138.9 -2.2
3160.5 -116.9 119.5 -309 14.5 80.6
145.5 339.1 329.2
496.6 -130.8 81.7 12.9 -75 42.6
2001.7 149.7 -65.1 -124.7 185.6 -11
3224.2 -92.3 121.6 -328.9 23.1 40.3
166.6 371.9 353.5
522.1 -164.8 120 -24.3 -50.4 0
2055.2 169.5 -16.7 -121.6 217.5 -50.1
3335.2 -47.5 132.2 -350.6 45.2 -52.3
181.2 381.4 406.9
549.8 -197.3 163 -50.5 -26.5 -19.5
2168.5 175.2 115.5 -97.5 284.3 -87.7
3507.3 5.7 174.6 -308.1 162 -78.8
winner is: 8
