Regression analysis information for: castilian_match_interrogative-partial-wh_Cuando-leia-el-libro
number of formants: 3
number of coefficients: 5
72.5 307.7 248.8
456 88 39.8 18 64.9 11.1
1736 -86.7 -378 110 -160.6 219.6
2514.7 -71.2 -235.7 137.4 -211.4 113
71.5 268 234.3
461.2 91.5 40.9 18.2 70.1 14.3
1823.6 -86.7 -471.6 53.9 -118.3 299.6
2628.1 -47.8 -290.6 136.2 -136.9 151.3
73.1 256.9 245.2
460.7 86.1 45.4 16.1 72.3 15.1
1845.9 -124.5 -479.7 58 -120.7 336.5
2729 -39.3 -354.6 102.9 -60.5 208.4
76.7 227.4 230.5
462.1 85.4 48 14.2 76.3 17
1883.6 -119 -493.7 49.9 -95.2 330.3
2780.3 -23.7 -362.9 83.5 -32.4 198.8
81.6 213.7 213.1
461.7 84.3 49 10.2 76.1 15.1
1915.7 -84.9 -486.6 29 -136.6 272.1
2825.3 21.7 -345.5 43.2 -78.6 126.4
83.4 198.6 217.9
463.3 87.6 53.1 9.3 76.2 13.1
1929.5 -102 -510.3 41.4 -115.4 255.8
2835.7 -17.1 -357.3 70.4 -43 110.5
82.5 202.1 230.3
459.8 85.4 53 9.9 77.2 11.5
1929.7 -113.3 -515.2 46.6 -102.4 258
2848.9 -56.6 -370.1 84.6 -10.1 97.2
80.1 211.5 252.1
453.5 83.1 52.5 12.3 75.4 8
1933 -112.4 -522.3 37.9 -109.3 247.3
2855.5 -71.5 -369 75.1 -7.2 80.8
77.9 221.5 257.8
451.6 84.6 56.4 17.3 78.2 10.4
1944.5 -92.2 -518.9 29.5 -114.5 231.5
2874.9 -55.5 -347.7 69.6 -3.8 47.4
74.6 220.7 217.8
449.9 84.4 59.3 20.5 80.8 13.1
1961.8 -62.6 -508.4 20 -118.3 227.6
2941.6 21.7 -338.2 19.8 -42.1 32.2
73.5 218.8 215.4
450.5 88.6 65.4 26.8 85.6 18
1975.3 -41.4 -485.2 40.6 -96.1 253.9
2988.8 85.9 -279.2 53.4 -13.5 57.8
71.8 216.1 208.3
450.3 91.2 68.4 30.8 87.4 20.4
1983.6 -41.6 -478.9 48.4 -95.3 268.5
3001.9 99.2 -266.6 66.6 -7.4 78.4
71.6 213.7 208.1
451.4 91 73.5 33.1 91.4 21.3
1999.2 -45.5 -462.1 57 -93.1 281
3038 92.5 -216.5 72.2 17.6 93.1
72.6 209.9 208
452.6 89.6 78.7 35 96 22
2013.2 -60.4 -444.5 63.4 -91.5 290.6
3094.7 63.7 -136.6 72.7 54.4 95.9
75.3 202.4 204.5
453.7 88.2 81.8 34.8 98.4 20.8
2026.6 -91.6 -427.8 62.6 -86.6 298.3
3146 36.5 -76.5 84.7 73.8 101.9
86.5 195.5 184
462.8 68.3 95.2 25.1 99.3 24.6
2031.9 -137.6 -414.4 51.5 -82.3 296.9
3157.6 -36.2 -61.7 61.4 41.4 89.1
83.4 180.4 175
463.4 73.8 95.5 28.8 99.8 25.7
2030.3 -129.5 -423.4 76.2 -95.8 310.9
3187.6 -44.1 -37.1 108.2 31.1 123.2
84.1 177.9 183.3
463.7 72.7 93.3 27.4 95.1 25.2
2041.2 -128.1 -422.7 92.4 -98.9 318.6
3235.1 -59.5 -16.3 147.3 25.2 157.5
84.6 186.1 184.8
466.9 75.9 96.1 27.9 95.5 24.5
2072.6 -100 -409.6 113.1 -92.4 329.8
3303 -44.1 9.5 209.6 30.3 205
83.9 199.3 195.5
467.9 85 95.3 30.6 95.2 21.2
2130 -35 -393.9 118.4 -119.4 301.9
3392.3 -21.5 24.8 265.4 8.7 233.4
winner is: 17
