Regression analysis information for: castilian_match_interrogative-total-yn_Daniel-iba-a-Bolivia
number of formants: 3
number of coefficients: 5
81.1 373.5 292
418.5 38 -34.5 -34 19.7 47.8
1533.3 -2.4 -64.6 158.1 -453.3 23.8
2325.8 103.3 66.9 106.4 -438 -93.9
81 422.9 322.9
419 40.4 -34.6 -29.4 23.4 43
1550 115.2 -43.6 140 -361.9 -54.4
2454.8 125.5 -12.1 155.2 -349.4 -118.3
82.2 439.3 292.4
423.7 34.9 -42.3 -35 29.8 50.6
1543.8 157.9 -72 85.9 -293.2 -44.4
2544.9 163.3 -101.9 128.8 -249.4 -88.8
91.1 314.5 241.8
439.1 25 -40.1 -37.1 29.9 73.5
1718.7 153.7 -30.5 88.9 -430.1 94.7
2672.7 196.4 -110.5 92.1 -276.9 16.2
92.5 256.7 202.2
442.2 27.7 -40.8 -40.3 29.2 76.8
1794.4 215.5 4.7 91.7 -470.9 81.9
2731.7 236 -95.8 96.7 -260.1 43.7
103.5 208.3 189.2
450.6 19.7 -28.7 -42.6 26.5 87.4
1870 170.6 -27.8 203.7 -502.5 34
2784.3 211.7 -87.6 136.2 -252.2 46.2
106.7 207.3 181.5
450.2 15 -22.9 -44.7 24.7 87.6
1884 168.4 -7.5 206.2 -513 23.5
2796.6 206.1 -42.6 119.6 -253 69.1
113 211.2 185.8
450.7 4.9 -10.6 -49 26.6 83.1
1904 153.8 10.3 209.4 -516.4 5.8
2819.2 182.8 -26.1 105.6 -246.3 65.7
118.6 213.9 188.2
451.1 -9.5 5.9 -52.9 30.1 76.4
1924.5 144.9 40.5 193.4 -513.9 -14.5
2856.6 150.7 19.1 69.3 -219.9 38.1
118 221.3 193.2
448.1 -17.3 13 -52.5 33.1 68.4
1928.6 143.1 61.3 194 -502.6 -30.5
2881.6 127 56.4 51.8 -190.9 -4.2
117.2 216.7 186.7
446.6 -24.1 16.9 -53.6 34.8 63.3
1928.5 129.4 74.6 195.5 -493.4 -46.7
2899.5 99.2 94.3 41 -168.4 -21.9
116.6 219.7 183.8
448.2 -33.1 22.3 -60 41.9 54.6
1938.8 105.7 87.9 187.3 -486.6 -62.1
2919.2 67.4 126.8 36.6 -148.3 -40.9
113.7 221.6 182.6
444 -27.4 13 -55.1 39.2 56.1
1947.8 104 82 194.5 -497.4 -52.9
2922.5 79.4 102.2 57.7 -160.7 -36.2
112.6 224.1 173.5
443 -25 5.7 -52.7 39.1 58
1965.6 117.2 87 213.6 -514 -17.7
2962.8 55.4 115 64.8 -156.4 -7.8
115.6 248.1 198.6
446.9 -31.6 7.4 -58.7 44.5 55
2013.7 103.7 24.3 209.8 -453.8 -14.8
3026.1 16.7 77.6 72.2 -118.3 20
118.2 278.9 212.7
453.8 -28.8 -11.1 -63.1 62.6 55.2
2068.5 100.1 -45.6 191.3 -392 0.4
3076.7 -2.3 43.5 53.4 -84 58.7
117.8 277.1 220.1
456.1 -24 -26.8 -60.9 68.3 60.3
2085.1 97.3 -76.6 185.7 -361.3 4.1
3111.1 -20.2 36 28.3 -57.1 52.4
124.6 289.1 239.5
466.5 -43.6 -8.7 -79.3 82.1 49.3
2109.9 77.4 -63.3 169.2 -347.5 -20
3184.6 -79.2 40.8 -20.9 -31.9 41.8
127.5 300.1 252.5
477.1 -42 -3.6 -79.8 99.7 54.5
2149.1 88.7 -72.2 171.6 -317.6 -25.5
3264.3 -98.6 40.1 -28.3 -14.9 73
129.6 308.6 269.1
483.7 -36.4 3.7 -74.8 107.5 63.6
2205.1 90.3 -48.9 163.9 -301.3 -45.5
3360.6 -127.2 63.9 -33.5 -11.8 85.9
winner is: 7
