Regression analysis information for: castilian_match_declarative-narrow-focus_Marta-abre-el-regalo
number of formants: 3
number of coefficients: 5
148.2 244 248.1
527.6 32.2 -38.9 -12.7 -108.6 135.2
1446.9 -121.4 -227 239.3 96.2 -41.7
2199.5 -127.1 -254.9 200.3 141.7 -96.7
138 270.7 320.8
533.6 51 -31.8 -33.7 -129.1 109.1
1483.7 -135.9 -225 189.9 76.7 -93.4
2297.5 -153.9 -213 97.7 74.7 -116.8
124.5 269.2 334
546.3 79.4 -25.1 -51.9 -153.2 68.4
1534 -93.5 -205.8 176.1 97.7 -164.1
2396.8 -91.2 -137.8 60.1 90.5 -221.8
128.5 257 327.4
561.3 92.6 -10.7 -62.6 -160.2 42.8
1578.1 -76.8 -163.1 184.4 88.3 -170.9
2480.6 -72.2 -77.4 68.4 87.6 -225.4
141.6 187.1 243.3
587.7 97.2 18.5 -44 -186.9 49.4
1687.5 -34.1 -163.4 123.4 13 -78.4
2659.6 -8.4 -81.2 -1.3 -10.3 -89.8
144.6 140.4 186.7
601.7 119.7 32.9 -48.2 -193.7 43.3
1745.7 13.3 -143 85.9 -15.3 -55.9
2741.2 72.8 -42.4 -63.5 -59.9 -56
143 138.5 176.1
598.9 144.9 31.4 -36.7 -200.3 51.8
1752.9 54 -154.9 73.2 -51.6 -49.6
2749.6 132.5 -64.7 -84.1 -119.1 -64.7
145.2 145.7 160.3
587.1 142.8 37.7 -40.1 -197.8 60.6
1748.2 73 -161.2 86.8 -57 -70
2733.2 198.9 -96.3 -50.1 -146.8 -124.2
146.4 146 168.6
571.3 131 36.8 -34.3 -180.1 77.5
1750.2 61.2 -148.2 85.1 -47.3 -70.2
2755.3 170.6 -66.6 -59.6 -140.1 -125.6
153.3 162.5 173.3
590.4 137.3 46.4 -60.7 -190.3 35.1
1779.2 32.2 -120.9 47.8 -25.6 -109.2
2829.4 97.6 -13 -139.3 -103.7 -148.8
161.7 164.4 165.6
601.9 107 61.2 -65.9 -152.9 9
1800 -19.8 -94 18.2 20 -150.4
2871.6 54.2 14.3 -170.5 -53.8 -164.2
149.3 161.4 163
594.1 93 51.6 -96.2 -173.2 -13
1810.2 -47.4 -87.4 -11 26.8 -177.5
2881.9 29.6 -15.9 -193.8 -62.5 -176.7
153.5 168.6 161.5
600.8 100.1 49.2 -92.8 -181.3 -29.7
1827.2 -58.6 -77.9 -20.6 39.2 -201.6
2905.5 22.7 -11.5 -202.4 -60.1 -211.3
163 169.7 155.2
601.3 85.1 36 -85.1 -178.1 -30.3
1828.8 -68.8 -94.9 -8.1 52.3 -197.4
2920 -3.8 -14.2 -198 -50.7 -226.3
170.6 188 172.9
603.9 91.9 28.9 -67.5 -182.7 -18.6
1842.6 -48.3 -97.6 6.5 49.7 -200.1
2942.4 12.7 -14.2 -174.7 -59.6 -238.1
187.9 220.9 220.2
617.2 112.3 29.3 -46.6 -165.2 -1.9
1868.4 -17.9 -101.7 7.4 49.6 -204.2
2994.9 63.7 -9.7 -165 -51.6 -229.2
200.5 226.5 281.1
617.2 91.7 28.9 -39.8 -150.1 23.3
1884.6 9.5 -111.8 33.9 67.3 -142.7
3053.9 134.7 0.1 -148.8 -80.6 -208.4
208.8 225.6 305.4
625.9 92.8 37.1 -35 -149.3 33.9
1902.3 13.6 -110.9 38.8 68.8 -132.7
3102.5 121.5 0.8 -142.6 -78.7 -196.6
228.2 231.6 325.4
640.7 89.1 43.8 -35.8 -145.2 31.6
1940.5 16 -95.1 28 93.2 -150.9
3172.4 135.6 28.2 -148.4 -54.1 -211.9
266.1 284.8 398.7
697.9 108.4 79.9 -50.6 -182.6 -26.9
2024 59.8 -59.7 3.7 70.1 -219.8
3278.8 174.5 59.7 -195.4 -76.9 -286.2
winner is: 8
