Regression analysis information for: castilian_match_declarative-narrow-focus_Daniel-iba-a-Bolivia
number of formants: 3
number of coefficients: 5
112.4 323.9 244.5
472.2 45.3 -68.4 -20.8 78.6 -28.1
1762.8 93.1 111.8 -159.1 -347.9 184.5
2433 183.4 136.6 -79.1 -372.7 148.8
122.3 350.2 281.1
478.7 48 -59.3 -24 89.6 -36.4
1791.2 153 101.5 -171.1 -344.7 167.5
2556.5 171.6 128.4 -73.3 -369.2 167.4
106.5 326.2 286.2
462.2 54.6 -46.9 -10.2 62.4 -40.2
1783.8 202.1 150.3 -116.7 -486.3 143.1
2614.5 186.4 171.6 5.1 -474.9 132.1
119.3 298.9 273.7
484.7 32 -53.1 -32.9 98.6 -42
1849.5 123.1 137.7 -130.5 -445.7 186.2
2715.8 158.5 122.2 -1.9 -384.6 118.7
122.8 230.1 230.8
496.5 26.8 -66.8 -37.5 116.3 -39.7
1943.9 55.4 141.1 -153.5 -418.2 202.3
2817.4 115.1 46.6 -10.4 -264.1 112.8
125.3 234.3 213.8
502.7 14.8 -66.6 -46.3 133.4 -43.6
1966.4 41.2 126.2 -178.2 -412.1 160.3
2846.7 83.7 -0.7 -48.4 -198.9 58.5
128.6 196.3 193.8
495.8 14.1 -64.3 -39.1 138.3 -35.6
2019.5 84.8 193.8 -161.3 -417.9 146.1
2890.6 100 64.9 -52.5 -169.9 59.2
125.7 203.4 197.3
486.9 11.8 -64.2 -32.7 141.9 -31.5
2032 116 209.8 -155.7 -424.1 130.4
2919.7 100.4 87.5 -50.8 -156.2 54.1
123.5 214.3 205.5
478.3 9.6 -64.5 -28.3 138.6 -31.9
2035.9 117.7 227 -145.4 -425.6 124
2945.2 97.8 108.5 -31.1 -134.8 45.5
118.4 215.5 217.8
469.6 9.5 -66.1 -24 133.5 -32.5
2041.4 109 242.6 -142.1 -427.6 124.7
2957.5 90.9 114.7 -27.7 -129.1 41.5
116 209 228.5
465.1 3.5 -63.7 -25.4 133.7 -36.7
2045.2 88.3 247.2 -149.2 -444.4 122.2
2961.2 90.7 120 -30 -123.8 23.7
119 201.4 235.9
471.2 -19.3 -46.8 -42.9 149.5 -53.1
2062.5 66.5 262.9 -153.3 -458.4 133.7
2980.6 65.9 146.5 -54.6 -101.1 -8.5
119.2 200.3 235.5
473.7 -29.2 -42.3 -49 156.3 -59.3
2076.7 59.6 268.9 -162 -463.4 142.7
3004.1 45.5 159.3 -68.1 -93 -16.8
117.8 203.3 233.7
477.7 -38.5 -38.6 -54.2 164.5 -68.1
2090.4 48.8 278.1 -190.2 -459.8 146.4
3031.9 16.7 174.3 -90.5 -84.2 -23.5
120.7 217.6 239.3
491.2 -60.6 -32.1 -61.3 182.9 -90.2
2113.5 38.8 254 -199.3 -448.8 135.7
3085.4 -32.1 173.1 -103.5 -61.5 -46.6
121.3 239.5 255.9
512.4 -94.6 -19 -78.3 217.4 -128.7
2159.1 2 201.3 -156.4 -397.6 49.3
3144.2 -99.9 155.8 -111.1 -4 -79
125.1 248.7 256.7
529.7 -122 -11.3 -87 236.3 -149.3
2183.9 -73.8 141.9 -136.1 -355.8 36.6
3171.1 -156.2 142.1 -102.6 23.8 -91
133.5 256 262.6
541 -134.1 0.3 -92.6 249.3 -153
2203.1 -80.6 135.7 -120.3 -349.4 41.4
3210.5 -167.8 130.3 -111.9 50.7 -101.3
139.8 268.4 281.7
551.5 -136.5 11.8 -94.8 269.1 -157
2242 -75.1 137.5 -112.3 -335.1 42.3
3287.5 -190.9 101.9 -139.2 77.6 -82.3
152.7 295.4 316.4
567.8 -136.9 32.3 -95.3 300.9 -150.9
2302.4 -52.7 166.1 -97.8 -306.4 52.9
3422.4 -192.5 93.1 -140.8 133.5 -18.3
winner is: 7
