Regression analysis information for: castilian_mismatch_declarative-narrow-focus_El-nino-oye-el-rio
number of formants: 3
number of coefficients: 5
88.2 370.3 283.9
407.9 2.8 -40.2 11.3 16.9 46.1
1526.1 -247.3 -38.5 311.8 -66.1 97
2476 -31.9 -29 242.6 -45.6 -53.4
75 354.9 295.6
406 5 -25.6 30.1 26.9 39.3
1595 -132.6 34.5 420.7 -38.1 54.7
2541.6 18.9 -2.6 295.2 -69.4 -49.2
63 312.6 246.8
399 1.1 -18.3 44.8 30.6 28.7
1670.9 -118 87.1 478.3 -3.9 51
2618.8 67.1 7 337.6 -56.4 -80.6
67.7 320.3 218.5
408.7 13 -25.7 34.4 31.7 42.7
1771.8 -75.6 70.6 460 19.8 89.9
2742.6 123.8 -12.4 267.3 -28.5 14.3
78.8 323 195.4
424.4 8.2 -25 7.6 41.4 51.4
1869.4 -18.1 -1.7 316.5 -14.9 134.2
2827.2 160.6 -61.8 157.2 -28.8 66.9
80 340 190.9
426.3 8.4 -27.9 0.6 44 56.6
1829.1 -96.7 -51.6 336.2 58.9 207.5
2822.6 149.5 -76.1 193.4 11.7 57.7
74.1 345.8 205.8
418.9 19 -37.7 5.8 38.2 59
1850.3 -70.3 -53.6 333.6 55.1 192.8
2843.6 160.2 -87.1 189.6 20.1 55.9
73.4 359.1 226.5
417.3 23.1 -37.5 5.8 35.5 56.4
1909.1 23 -10.2 328.9 10.9 103.7
2897.1 207 -74.3 153.8 -6 10.8
83.3 360.7 270.1
421.6 11.1 -20.3 -6.6 43 39.9
1986 135.8 49.1 256.1 -34.6 -75.7
2955.8 211.8 -29 98.9 -21.6 -31.9
89.7 342.3 286
429.8 -14.5 5.5 -24.9 59.7 19.7
2049.1 63.3 120 212.3 -36.6 -90.2
3013.5 133.4 19.7 32.3 21 -37
92.5 324 286.5
447.3 -70.4 62 -60.7 95.5 -23.4
2090.8 14.5 184.8 168.1 -12.5 -140.2
3069.4 51.5 109 -37.8 77.3 -112.3
100.2 328.5 293.7
457.3 -107.9 95.2 -85.3 121 -50.3
2105.9 -0.2 224.7 173.5 -15 -173.6
3047.2 -7.7 201.1 37.9 107.8 -216.7
103.2 349 306.5
457.5 -117.1 86.1 -77.9 107.1 -34.1
2122.8 -0.4 210.5 198.3 -30.9 -159.6
3111.1 33.7 176.4 -6.8 73 -226.5
130.7 385.7 328.4
477 -131 63.1 -100.2 107.2 -0.7
2140.7 -74 112.8 149.1 38.7 -20.8
3201.6 44 74.8 -107.7 97 -95.6
150.9 373.9 317.6
496.3 -128.1 74.3 -97.1 125.5 26.8
2173.6 -98 87.8 99.5 13.9 -8.1
3249.1 4.2 63.3 -149.9 105.3 -22.9
161.2 381.9 337.9
502.6 -136.8 48.3 -105.2 131.8 27.6
2215.3 -113.6 27 71.1 39 -16.8
3295.3 -37.7 86.7 -174.5 124.5 4.1
167.8 394.9 337.6
514.8 -152.7 57.8 -122.8 154.7 12.8
2268.3 -77.8 25.5 50.8 33.8 -59.3
3345.9 -30 72.7 -226.2 144 -28.6
183 374 323.7
511.7 -114.7 33.5 -80.9 138.6 55.8
2342.4 3.8 12.1 30.9 -35.4 -113.3
3436.8 38.1 45.5 -260.7 61.6 -87
192.6 346.3 286.5
518.3 -106.6 28.9 -81.9 154 62.7
2409.1 66.8 27 8 -59.2 -140.9
3550.5 103.7 28.2 -262.6 58 -134.8
200.2 341 286.2
516.9 -100 33.1 -71.4 147.5 69.6
2436.1 98.8 36.1 28.1 -62.2 -132.6
3619.1 111.3 18.5 -235.7 54.6 -138
winner is: 5
