Regression analysis information for: castilian_mismatch_interrogative-total-yn_La-nina-lava-el-plato
number of formants: 3
number of coefficients: 5
92.6 271.7 238.3
475.7 -1.2 -33.8 36.3 49.7 96.4
1296.3 192.2 36.6 136.3 -20.3 -79
2152.3 348.1 177.8 36.3 -31.4 -176.1
85.9 252.9 255.9
484.1 -0.6 -39.7 37.4 56.4 101.2
1359.3 234 37.4 186.9 -0.7 -97.9
2222.3 372.2 146.5 66.4 -3.3 -158.2
84.5 228.7 271.1
491.3 -8.3 -38.2 41.1 57.2 108.8
1454.9 230.6 37.8 258.9 19.7 -111.2
2349.9 326.9 119.5 158.2 8.8 -148.7
88.9 273 293.8
495.5 -26.1 -28.1 42.1 50.2 115.6
1468.7 125.3 -14.8 240.2 36.2 -17
2443.5 238.5 76.9 135.9 8.5 -91.4
97.3 263 285.5
506 -35.7 -26.2 32.8 45.5 121.8
1519.9 81.8 -75.4 192.1 64.9 62
2550.3 174 21.7 83 17.8 -4.2
101.6 274.1 285.4
514.3 -32 -26.5 15.8 36.8 119
1566.5 131.6 -73.6 145.9 40.1 35.1
2619.7 168.7 12 49.5 -8 2.8
104 256.9 263.1
520.4 -26.2 -34.2 -2.3 34.6 121.4
1637.9 140.1 -49.4 136.1 -19.9 44.8
2691.3 102.4 70.2 89.1 -76.2 33.7
103.4 244.3 290
518.8 -19.1 -38 -12.8 30.2 113.6
1689.5 204.8 -51.3 74.6 -94.1 16.2
2720 129.4 125 35.2 -126.9 44.6
101.7 204.3 264
518.6 -16.5 -40.5 -20.2 25.7 110.6
1775 330 -15.4 11.2 -189 -87.8
2794.9 207.1 127.7 -54.8 -172.2 30.5
99.6 179.4 227.3
516.3 -16.6 -41 -22.7 22.9 107.7
1819.2 400.8 1.8 -4.4 -237.5 -141.8
2854.4 233.9 116 -85.8 -169.4 42.6
98.3 173.6 201.8
514 -17.8 -41.6 -24 20.7 105.4
1832.1 408.5 0.8 -12.6 -252.5 -155
2900.2 219.7 82.9 -90.8 -163.3 50.5
96.8 177.5 200.4
511.8 -21.8 -41.9 -23.8 19.2 104.3
1849.6 396.9 13.4 -12.9 -267.6 -158.8
2947.8 202.6 90.9 -91.1 -190.5 23.2
99.2 190 209
510.7 -32.8 -35.1 -25.5 20.9 101.7
1865.3 376.9 41.5 -33.7 -284.2 -174.9
2998 174.2 128.5 -132.2 -211.4 6.5
100.9 227.3 217.6
509.9 -46.3 -28.1 -24.1 28.2 98.3
1864.3 275.7 74.2 -30.9 -204.3 -160.5
3062.3 99 192.4 -208.2 -197.7 -33.5
103.9 250.3 234.3
512.8 -63.7 -18.3 -22.7 32.7 99.5
1866.4 198 103.6 -22.5 -152.2 -168.5
3077.3 -0.2 251.3 -210.5 -151.8 -76.8
106.2 259.4 245.6
512 -70.3 -21.3 -14 36.6 95.7
1850.5 170.7 106.5 8.3 -118.9 -171.5
3084.8 -14.1 266.5 -183.4 -133.2 -99.7
105.4 221.3 241.8
515.6 -72.3 -27.2 -12.5 37.6 93.2
1898.1 205.5 76 -22.9 -131.5 -208.6
3109.7 -36 233.5 -180.8 -106.5 -81.6
105 207.9 259.5
516.7 -69.2 -32.5 -19.9 38.2 92.9
1933.3 220.9 44.6 -30.2 -140.1 -218.8
3184.8 -14.5 209.6 -174.6 -128.6 -107.8
123.7 232.6 299.6
539.1 -52 -14.3 11.6 54.2 116.5
1970.8 235.4 44.6 0.2 -134.6 -207.5
3268.9 4.9 219.6 -140.9 -148.3 -123.7
124.9 234.3 307.2
539.4 -47.5 -12 1.2 55.7 120.5
2018.1 252.6 37.9 -43.9 -179.5 -212.1
3338.2 42.2 194 -139.2 -186.3 -148.5
winner is: 11
