Regression analysis information for: castilian_mismatch_interrogative-partial-wh_Cuando-comia-la-fruta
number of formants: 3
number of coefficients: 5
114.4 260.6 283.9
540.8 -25.8 -4.2 57.2 39.1 -28.6
1346.1 -156.7 -50.3 180.4 39.8 192.5
2121.3 -50.4 -79.6 143.7 -46.1 238.6
121.3 291.5 307.1
540.9 -20.8 -9.6 70.1 25.5 -19.9
1367.3 -122 -38.5 195.1 32.9 172.8
2221.1 -4.5 -86.2 145.8 -25.3 223.7
120.1 283.8 324
545.8 -7 -16.8 67.9 10.3 -27.9
1364 -118.6 38.5 273 -56.9 33.6
2332.8 36.1 -117.9 155.2 -24.4 123.9
123.5 298.7 279.4
553.6 -4.3 -24.3 57.2 11.2 -27.1
1455.6 -52.1 -91.3 125.5 -73.3 115.4
2440.8 131.4 -178.2 51.5 -75 103.8
131.5 273.6 256.6
562.6 -21.4 -20.4 54.4 14.3 -26.9
1523.4 -66.9 -182.5 113.4 -5.4 133.5
2523.3 95.2 -239.9 86.5 -33.8 53.1
144 274.2 309.9
572.4 -38.9 -23.1 59.7 7.6 -26.3
1595.8 -77.3 -243.4 48.3 47 222.4
2604.7 49.9 -213.4 57.5 -30.8 106.9
141.4 280.4 343.6
577.5 -60.5 -9.4 47.3 17.8 -37.4
1641.9 -73.7 -212.8 4.7 91.7 224.3
2658.2 -3.2 -107.1 -2.1 -11.6 91.2
137.2 263.6 347
573.6 -64.1 0 45.4 24 -37.4
1688.7 -50.4 -160.5 1.2 134.8 185.5
2712.7 -36.6 -25.5 -53.3 18.1 61.9
138 258.1 297.7
577.5 -65.8 9.3 35.6 21.7 -44.4
1711.6 -59.8 -162.9 -16.5 143.9 162.4
2780.8 -80.6 -37.6 -85.6 65.8 -3.7
146.5 270.1 278.2
581.9 -72.2 7.3 47.2 7.1 -48.6
1719.5 -83.6 -158.6 0 129.5 139.5
2844.7 -136.8 -58.6 -94.8 101.9 -61.1
154.8 282.6 281.2
585.8 -83.5 3.7 65.6 -3.3 -52.6
1721.6 -103.3 -142.9 37.6 122.9 114.9
2886.4 -162.8 -65.9 -86.2 96.2 -97.4
158.8 277.4 300.2
587.7 -82.2 1.7 81.7 -9.6 -43.6
1743.7 -70.4 -125 74.5 118.9 129.5
2945.2 -147 -28.8 -55.5 88.3 -94.5
175.2 262 335
599.2 -88 0 95.3 -24.6 -40.5
1778 -42.2 -97.5 120.1 128.4 164.2
3016.9 -101.5 25.5 30 115.6 -40
186 266.7 343.2
609.5 -88.6 -4.1 101.5 -37.1 -35.3
1788.9 -57.4 -99.9 139 126.1 175
3062.4 -90 73.1 65.1 138.6 -26
191.4 261 377.2
614.4 -89.8 -3 105 -41.9 -29.1
1838.8 -30 -133.3 66 83.9 228.3
3141.8 -22.9 85.6 18.7 100.1 16.7
199.1 251.1 382.3
618.4 -73 -12.7 97.2 -58.8 -34.3
1865 -6.8 -143.2 10.1 41.5 229.1
3189 14.9 77 -77.3 8.9 24.8
200.1 238.7 380.3
619.7 -71.6 -20.5 97.2 -65.1 -38.4
1896 15.7 -156.1 -2.6 22.7 239.5
3219.7 32.9 68.7 -97.3 -38.9 29.1
206.3 236.4 369.7
625.7 -76.7 -21.2 93.9 -70.1 -37.3
1925.5 23.5 -159.2 -25.2 -2.7 252.7
3289 13.1 45.7 -151.9 -67.1 38.8
203.4 248 373.4
627.2 -81.6 -22 92.4 -68.8 -39.7
1946.6 15 -164 -12 -4.8 256
3364.4 -2.3 30 -136.1 -43.5 47.5
203.9 254 381.2
629.7 -84.8 -22.1 95.1 -65.6 -43.7
1973.1 6.8 -169.3 -1.8 -9.2 260.9
3448.7 17.1 58 -90.3 -29.3 51.6
winner is: 1
