Regression analysis information for: castilian_match_declarative-broad-focus_Marta-abre-el-regalo
number of formants: 3
number of coefficients: 5
134.5 249.2 297.6
558.8 94.1 -37.4 -62.4 -138.2 48.2
1465.1 -30.2 -188.5 147.3 115.3 -122.3
2202.6 -1 -219.6 204.7 107.1 -205.5
142.5 245.8 328.8
564.5 86.2 -22.4 -55.2 -138.5 43.1
1504.1 -95.3 -133.4 133 130.8 -126.8
2326.9 -92.3 -87.8 140.1 121.8 -199.5
138.1 226.5 341.7
577.3 85.1 -23 -83.4 -155.8 28.4
1541.8 -103.1 -99.2 137.3 135.4 -142.4
2427.3 -96.1 -55.1 105.6 80.1 -210.6
145.1 187.6 312
602 111.7 24.8 -52 -161.8 34.1
1581.9 -92.9 -33.2 202.9 141.4 -117
2517.4 -67.4 57.6 221.9 84 -141.6
156.8 153.4 263.8
619.6 116.7 29.2 -69.8 -163.7 57.2
1658.2 -44.9 -77.3 95.8 88.4 -52.4
2658.3 8.2 -43.7 46.1 5.5 -7.1
146.8 123.2 214.4
621 138.8 7.9 -88 -188.7 68.8
1696.6 17.5 -103.3 47.8 17.4 -47.3
2715.8 88.8 -97.9 -38.4 -85.8 11.2
143.8 112.8 186.9
622 144.5 6.6 -95.1 -198.4 63.5
1715.3 44.8 -104.1 33.1 -9.3 -62
2751.6 141.7 -104.5 -54.9 -146.1 -16.8
150.7 123.7 197.4
605.6 132.5 1.8 -85.1 -185.6 76.1
1715.5 48.7 -99.7 33.5 -13.1 -68.5
2761.9 175.4 -98.5 -49.8 -172 -39.5
152.2 130.4 223
599.7 127.9 5.3 -86.1 -181.5 66
1718.1 36.6 -82.6 27.4 -3.3 -77.5
2790.6 149.7 -56.5 -82.7 -177.8 -59
160.4 144 240.1
601.9 114.2 20.1 -94.4 -160.1 53.4
1737.2 25.4 -50.3 18.5 15.9 -102.6
2862 79.3 40.5 -141.8 -119.5 -106
165.1 148.7 229.9
598.3 106 25.7 -96.6 -135.7 61.1
1753.4 9.8 -30.3 10.5 35 -114.8
2907.7 61.3 69 -155 -89.2 -117.3
171.3 174.5 234.6
628.5 100.5 28.9 -74.8 -192 51
1798.4 5 -23.6 19.8 -12.3 -134.6
2986 60.6 94.5 -144.9 -127.4 -148
186.4 196.1 256.4
654.7 69.4 36.3 -49.1 -213 58.6
1827.6 -13.9 -19.4 35.6 -16.6 -131.3
3037.7 22.1 99.2 -129.7 -139.3 -143.3
192.6 193.5 249.3
666 56 50 -56.7 -202.7 51
1835.2 -13.6 -12.3 14.3 15.9 -149.9
3072.1 30.1 122.2 -138.7 -115.4 -159.7
195.5 202.6 251.4
670.9 56.1 47.9 -49.5 -212.8 56
1854.1 -0.4 -8.7 14.4 22.7 -154.3
3107.8 49.3 130.3 -129.7 -107.6 -147.4
202.5 226.6 263.1
679.6 53.6 51.7 -51.3 -224.3 49.8
1880 12.3 5.4 20.4 1.6 -176.1
3137.2 62.9 146.4 -126.8 -134.1 -171.8
203.5 237.5 281.4
690 78.8 60.4 -47.3 -221.4 56.2
1908.6 58.7 20.2 30.6 -8.6 -187.9
3184.5 114.3 154.4 -115.1 -131.1 -156.4
204.5 260.8 294.4
695.2 79 60.9 -53 -242.1 43.9
1934.6 91.2 35.5 34 -26.6 -213.3
3215.3 153.1 169.8 -107 -156 -175.4
221.1 292.9 321.5
709.1 74.5 79.9 -64.7 -237.5 32.4
1964.4 86.2 61.7 56.4 -20.2 -199.6
3256.1 164 188.9 -110.3 -167.5 -177.8
229.7 338.6 355.1
720.3 84.1 75.9 -70.4 -236.8 21.7
2020.9 68 65.8 90.4 -73.3 -175.3
3332.9 175.2 199.5 -84.7 -190.5 -138.2
winner is: 7
