Regression analysis information for: castilian_mismatch_interrogative-partial-wh_Cuando-miraba-la-luna
number of formants: 3
number of coefficients: 5
80.6 297 235.1
467.3 44.8 -72.3 55.6 105.3 -12.8
1300.2 49.2 -51.5 1.4 -14.8 223.6
2115.1 111.1 -64.3 -86.3 -23 285.2
88.2 316.5 307
468.9 33.8 -67 51.3 110.3 -7.4
1353.2 -5.2 -113.7 20.6 37.6 282.2
2232.4 64.1 -115.3 -45.9 5 308.1
91.7 330.6 350.2
479 41.2 -64.9 54.9 118.9 -1.6
1332.7 -25.7 -223.6 17.5 28.8 210.9
2277.1 71 -184.1 9 5.7 232
101.1 333.7 376
494.2 37.2 -56.3 55.4 131.1 6.7
1406.4 -39.9 -230.9 6.8 39 194.2
2350.8 48 -185 10.6 18.5 195.2
107.2 304.4 319.7
503.6 36.8 -47.4 61.2 138.4 4
1523.6 -14.3 -245.2 -38.7 -5.2 116.3
2501.4 78.2 -232.3 -39.7 -32.9 90.1
111.5 269.4 324.5
512.9 31.9 -38.8 54.2 143.3 1.4
1620 64.3 -154.3 -21.2 -26 61.2
2612.7 123.1 -149.3 -44 -40.6 43.2
112.1 242.7 328.3
512.7 34 -31.2 53.6 143.9 -1.5
1677.1 126.9 -88.8 -7.9 -23.2 48.1
2660.6 148 -85 -82 6.4 18
108.9 241.9 340.7
507 24.2 -29.3 45.4 137.6 -2.7
1696.2 118.6 -99.5 -36.4 -48.3 56.4
2671.9 142.7 -27.9 -139.4 11.4 42.7
106.2 250.6 347.3
504.6 13.2 -22.7 37.5 136.4 -5.7
1705.6 92.1 -82.7 -55.9 -66 57.1
2717.9 77.9 0.6 -149 6.9 18.7
104.3 249 351.1
504.8 11.3 -16.5 36.9 138.6 -1.9
1749 126.6 -100.5 -139.5 -125 93.7
2783 39.3 -12.1 -153.5 -27.5 -0.3
105.2 241.9 332.2
508.2 10.4 -6.7 39.5 145.9 1.7
1774.7 133.5 -64 -130.7 -105.1 95.1
2854.1 7.3 30.3 -89.3 1.4 -5.9
106.6 232.7 332.8
511.2 10.6 0.7 42.4 152.2 2.7
1797.8 122.8 -34 -142.2 -77.9 84.3
2905.2 -17.7 89.9 -71.3 37.2 6.8
110.1 230.9 336.7
513.2 22.8 8.8 54.5 159.8 11.1
1804.3 137 -24.6 -134.6 -66.6 97.8
2909.3 32.2 73.8 -15.7 7.4 60.4
109.8 229.9 328.1
513.8 33 13.1 63.8 164.7 15.6
1806.1 143.6 -20.8 -128.6 -45.7 124.5
2937.5 71 109.1 -0.4 22.1 75.9
104.5 223 318.5
507.8 46.9 3.5 73.4 163.3 14.7
1806.9 148.7 -25.8 -118.7 -23.4 152.1
2970.3 100.5 156.8 13.8 46.5 88.3
102.3 212.7 313.8
508.7 54.3 2.6 80.9 168.3 16.9
1815.7 145.1 -25.5 -111.6 -5 161.9
2999.2 115.7 197.6 6.6 58.2 66.2
102.1 197.8 302.6
511.2 55.9 -1.1 84 173.4 18
1839.8 130.5 -47.8 -98.5 32.8 145.5
3067.6 77.3 204 -53.4 101.2 16.7
98.3 205.1 293.5
509 44.1 -17.1 74.9 166.7 9.2
1847.9 123.3 -86.3 -83.3 14 161.5
3147.3 89.8 146 -106.6 101.2 -43.5
96 203.9 261.4
508 36.9 -27.8 69.2 163 4.7
1874 107.8 -117.5 -99.7 -3.3 144.9
3253.9 152.8 54.3 -187.7 56.7 -157.5
97.5 221.1 250.2
513.4 41.6 -28.1 74 171.8 9.8
1906.7 86 -121.1 -124 7.7 157
3327.1 169.9 39.5 -211.5 115.1 -133.2
winner is: 19
