Regression analysis information for: castilian_mismatch_interrogative-total-yn_El-nino-oye-el-rio
number of formants: 3
number of coefficients: 5
81.8 354.6 230.6
434.1 -6.1 -34.3 -12.7 36.1 45.7
1534.7 -235.5 -8.6 451.9 -100.5 94
2408.9 40 39 292.2 -175.1 32.3
76.4 380.5 276.1
427.9 -10.7 -20.9 0.8 37.5 30.6
1617.3 -163.6 72.6 496.6 -100.6 83.5
2507.1 17.1 58.6 293.1 -153.8 19.6
70.6 384.1 271.4
420.6 -13.6 -18.8 8.7 44 26.7
1633.9 -50.1 72.4 541.6 -86.1 47.7
2572.6 73.8 66.4 362.6 -123.4 -10.1
69.7 367.3 269.7
426.5 -4.9 -12.9 8.7 46.4 24.9
1725.6 43.9 147.9 548.5 -103.8 -2.5
2651.8 103.7 96.5 378.9 -107.1 -22.7
74.9 361.2 271.5
434.2 -9.2 -8.9 -1.4 49.2 27.1
1811.3 94.4 188.4 442.1 -171.1 10.2
2716.9 107.5 99 300.4 -118.1 1.7
85.3 359.2 266.6
445.1 -3.9 -22.8 -23.2 51.6 45
1846.2 109.8 160.9 407.8 -168 24.6
2775.2 100 68.2 228.3 -92.6 38.6
86.7 331.4 256.9
458.3 2.2 -33 -45.3 53.6 57.7
1942.1 161.8 93.7 354.4 -183.5 -2
2878.1 117.6 -5.1 117.1 -93.3 56
89.1 304.6 238.2
460.3 2 -37.6 -52.2 55.5 62.9
2009.5 215.9 68.4 268 -242.9 -18.4
2927.3 124.5 -16.1 60.7 -97.7 58.3
91.6 315.7 236.4
461.2 -4.3 -32.9 -58 61.7 58.3
2027.5 198.8 63.4 259 -223.8 -31.8
2953.9 99.5 -1.8 46.4 -72.2 32.3
93.2 325.5 243.8
457.2 -0.5 -36.5 -57.5 57.7 63.1
2039.9 196.8 48.7 264 -214.2 -24.4
2985.5 96.8 -23.2 46.6 -49.1 27.8
94.9 324.3 265.2
457.4 -11.2 -25.4 -67.7 64.3 52.3
2073.3 169.6 81.2 234.5 -190.6 -55.7
3026.9 70.1 19.2 -0.8 -34 -1.8
95.3 340.3 296.2
449 -18.4 -23 -56.3 60.6 47
2080.8 152.2 97.2 263.2 -186.3 -52.4
3025.9 82.7 38 37.3 -68.8 -21.2
135.4 362 304.9
472.3 -57.6 -24.6 -29.3 24.5 72.8
2099.6 91.8 133.7 281.1 -178.9 -6.6
3038.9 19.6 99.2 48 -52.2 10.3
142.6 349.2 316.5
478.4 -62.8 -33.8 -38.2 28.3 86
2123.4 84.3 119.9 256.4 -160.2 -6.6
3097.7 15.9 120.2 -21.6 -70.1 1.5
164.6 353.1 338.9
492.9 -82 -40.9 -23.8 7 105.5
2153.5 40.8 52.7 232.7 -139.3 5.4
3184.2 1.6 82.4 -55 -28.3 -15.3
168.8 366.8 346.6
495.4 -86.1 -46.7 -23.5 7.7 108.9
2143 -44.7 -77.9 157.7 -133.7 20.7
3224.9 -41.4 -44.7 -93 22.5 4
187.6 368.8 353
507.9 -100.5 -49.1 -6 -13 119.7
2172 -44.2 -91.3 146.8 -159.7 12.4
3272.3 -80.7 -134.6 -120.1 15.9 -31.3
210.9 337.2 373.6
523.1 -117.9 -53.1 17.4 -40.8 130
2253.9 33.1 -67.9 123.7 -254.9 -39
3367.3 -29.1 -145.5 -162 -82.7 -95.4
229.9 346.1 368.5
537.2 -138.1 -56.1 46 -70.5 140.1
2290.9 47.9 -34.7 168.1 -271.9 -19.4
3459.9 45 -94.4 -150 -109.1 -72.1
241.7 336.3 369
546.1 -154.6 -53.5 71.2 -93.2 146.6
2334.3 89.6 9 194.5 -289.8 -34
3556.3 118 -30.2 -129.9 -161.1 -91.9
winner is: 8
