Regression analysis information for: castilian_mismatch_declarative-broad-focus_La-maestra-vive-en-Paris
number of formants: 3
number of coefficients: 5
123.7 390.4 317.2
507.7 44.7 96.7 -46.6 14.7 -31.9
1646.7 -4.1 54.9 -121.5 100.5 -227.3
2386.9 -118 27.4 -66 14.3 -71.8
129.6 409.8 350.5
513.6 42.8 111.7 -69.2 25.8 -31.3
1693.9 -35.8 86.8 -167.6 32.6 -152.5
2490.4 -92.8 65.3 -153.1 11.8 -64.2
128.9 423.6 357.6
504.6 36.4 89.5 -61.9 20.2 -9.6
1650.2 -106.3 -58.2 -151.3 111.3 -106
2515.1 -108.9 -18.8 -135.8 31.5 -40.1
131.7 389 343.5
515.3 49.9 87.3 -72 10 -14.2
1717.6 -50.6 -64.5 -179.9 86 -173.4
2598.1 -89.5 -10.1 -170.5 -8.7 -62.8
144.9 304.3 270.8
533.1 47 95 -92 5.8 -11.3
1854.9 -88.6 -66.3 -131.7 -34 -163.7
2739.2 -129.4 2.4 -168.9 -103.4 -45.8
156.1 243.3 210.7
542.1 49.4 87.2 -103.3 3.3 -2.6
1953.4 -105.9 -45 -134.6 -74.9 -43.4
2832.1 -91.5 12.8 -186.2 -97.5 46.3
147.8 225.4 195.4
528.2 87.5 59.9 -84.2 -11.1 16.4
1995.7 -100.2 -13 -125.5 -60.2 2.8
2883.2 -76.2 45.6 -188.9 -72.8 85.3
150.5 223.1 181.7
529.3 87.2 60.2 -91.7 -8.1 17.4
2028 -106.4 -22.1 -146.3 -74.9 36.4
2916.2 -65.2 34.5 -217.6 -71.4 115.9
176.4 233.1 183.6
542.4 49.7 92.3 -122.9 23.1 2.8
2053.8 -141.4 1.6 -166.5 -66.6 39.4
2951.2 -102.9 64.2 -228.1 -56.7 105.2
204.9 241.8 217.1
556 13.2 123.6 -148.6 49.2 -17.6
2076.4 -172.2 39.1 -191.4 -43.9 25
3004.7 -139.2 91.9 -245.6 -47.1 70.5
261.2 263.2 258.3
609 -41.4 182.2 -233.6 73.3 -78.7
2125.7 -204.7 80.5 -262.9 -34.7 -6.3
3072 -185.5 166.9 -323.9 -41.3 29.5
292.9 275.8 287.5
657.9 -83.6 225.2 -330.2 96.4 -109.9
2156.4 -232.3 107.7 -335.9 -29.1 -29.6
3106.8 -203.2 205.5 -388 -50.3 5.7
308.9 291.4 323
701.9 -104.7 254.9 -410.5 81.2 -125.8
2193.8 -246.8 116.4 -391 -54.2 -43.7
3161.7 -238.5 219.1 -457.5 -71.2 -14.9
294.8 276.9 318.8
721.9 -148.5 296.8 -446.2 106.8 -141.2
2215.8 -270.4 148.1 -418.5 -37.2 -66.9
3188.8 -291.2 247.5 -498.7 -64.2 -62.3
313.3 283.2 354.9
740.5 -134.9 301 -464.9 71.1 -163.5
2243.4 -256.1 150.5 -429.5 -56.3 -92.1
3237.5 -288.6 254.1 -516.6 -72.2 -81.4
317.4 286.1 374.3
761.2 -146.1 321.6 -482.9 63.1 -171.9
2275.8 -264 172.8 -440.7 -54 -103.2
3268.6 -305.2 284.6 -505.2 -81.1 -118.5
326.4 289 399.8
784.5 -164.6 342 -499.2 55.7 -165.4
2312.7 -279.8 188.8 -452.7 -53.7 -106.4
3310.3 -310.5 303 -505.9 -52.4 -146.9
353.2 305.2 434
821.5 -157.1 331.1 -514.8 38.3 -195.9
2363.3 -272.7 178 -441.3 -61.7 -134.2
3406.7 -274.6 279.1 -507.4 -26.3 -188.7
352.2 293.5 428.2
827.8 -137.7 330.2 -537.8 36.1 -196
2385.7 -272 192 -463.3 -61.5 -141.2
3515.9 -239.3 258.9 -502.8 -7.3 -211.8
360.6 289.6 394.4
840.3 -139.7 332.9 -545.3 36.7 -198.5
2421.2 -283.7 195.1 -489.3 -71.3 -138.3
3654.2 -220.1 195.7 -526.1 9.5 -219.6
winner is: 8
