Regression analysis information for: castilian_mismatch_interrogative-total-yn_El-hombre-mira-la-luna
number of formants: 3
number of coefficients: 5
75.7 339.7 306.4
436.2 5.1 -22.3 59.9 76 -56.4
1442.8 62.1 -108.4 105.9 136.3 144.4
2208.7 71.9 -122.4 176.7 102.8 138.6
81.8 295.9 302.7
445.6 -5.5 -10.5 54.7 74.9 -56.2
1539.1 79.1 -77.3 135.9 127.5 123.9
2354.1 124.9 -83.2 215.1 132.7 123.7
84 203.1 236.4
453.4 -13.3 4 51.8 78.9 -63.7
1593.7 185.7 -67.8 186.1 169.6 50
2474 231.1 -174.2 210.8 193 65.7
84.7 194.5 221.7
457.5 -16.5 5 51.9 78.8 -65.4
1615.8 201.3 -92.9 162.9 153.8 45.1
2520.2 269 -182.6 193.7 177.6 34.6
86.2 190.2 232.7
458.7 -17.5 4.4 51.1 80.6 -64.4
1672.6 186.1 -108.2 120.9 139.5 75.4
2578.7 244 -192 157.1 172.8 50.9
89.1 192.4 263.2
460.1 -23.1 6.8 47.3 81.5 -61.1
1731.1 174.2 -143.3 65 144.7 158
2642.1 180.9 -178.9 138.5 160.9 105.1
92 209.9 313.9
457.6 -32.8 11.7 40.7 80.7 -57.4
1728.5 147.5 -120.8 52.4 126.3 192.5
2641.3 127.1 -174.3 72.4 142.3 121.8
92.5 209.2 350.4
456.4 -38.9 15 34.3 78.8 -56.3
1734.2 141.6 -119.5 23.2 121.8 228.2
2633.8 148.6 -96.3 -7.2 102.8 172
93.2 195.4 336.2
459 -49.4 21.9 27.2 77.7 -58.6
1756.9 131.7 -126.7 39.2 108.5 226.8
2685.4 102.9 -62.8 -12.3 137.2 160.9
94.6 177.8 273.6
460.9 -53.8 25.8 25.1 76.6 -60.2
1790.2 147.4 -121.9 46.7 83.6 190.8
2776.3 91.6 -136.8 47.6 180.4 107.2
96 169.9 241.1
462.5 -55.6 28.5 24.8 74.9 -60.1
1805.1 157.1 -119.8 38.5 67.4 184
2828.9 55.1 -125.5 22.7 152.9 95.8
96.9 166.4 214.4
463.5 -55.9 31.2 24.3 74.5 -61.2
1814.3 159.6 -123.1 32.4 68 195.6
2877.7 18.6 -115.2 15.1 138.8 91.1
92.7 166.2 210.1
460 -44.8 29.5 26.2 75.1 -68.4
1833.3 184.6 -113.1 23.8 65.5 193.5
2910.6 21.7 -93.3 5 131 69.1
86.8 166.9 220.5
452.9 -29.4 21.8 32.2 73.2 -73.8
1843.7 196.7 -122.3 4.1 71.4 205.1
2936.3 48.9 -72.9 -8.1 128.3 48.3
86.6 166.1 213.4
451.8 -30.4 23 30 77.4 -78.2
1846.4 185.3 -127.5 -8.8 84.4 220.4
2963.9 67.1 -88.5 -57.1 151.8 61.1
84.7 163.1 216.3
449.8 -31.2 21.8 31.3 78.1 -77.1
1844.9 183.5 -127.6 -8 79.1 217.2
2956.5 79.3 -93.9 -39.7 152.2 72.4
84.4 162.4 203.9
448.4 -28.6 19.3 33.9 76.6 -76.6
1855.6 183.9 -117.7 -7.1 67.7 206.6
3007.7 -2.7 -5.9 -99.4 200.2 38.7
85.4 163.8 189.6
447.7 -26.3 17 35.8 74.9 -76
1876.5 177.3 -104.9 -22.3 55.2 187.6
3070.1 -75.4 66.9 -179.9 241.1 -10.8
91.1 196.6 205.4
455.7 -40.1 31.1 22.3 88.5 -91.7
1919.2 156 -60.4 -58.9 70.2 139.6
3120.4 -89.9 89.5 -233.9 269.5 -66.7
92.7 211.5 235.7
460.6 -46.9 37.7 16.7 93.6 -96.1
1943.7 167.8 -58 -53.7 59.6 145.8
3188 -24.7 76.2 -272.6 217.6 -128.8
winner is: 18
