Regression analysis information for: castilian_mismatch_declarative-narrow-focus_La-maestra-vive-en-Paris
number of formants: 3
number of coefficients: 5
155 405.1 326.4
515.7 -18 76 -79.1 14 -73.6
1576.5 -95 61 -107.8 52.4 -166.7
2368.7 -160.5 47.9 -67.1 31.3 66.2
145.2 432.1 345.8
504.2 -14.2 71.7 -68.9 9.9 -64.4
1640.1 -99.1 84.1 -56.9 -2.5 -135.8
2480 -84.4 50.2 -48.6 19.7 64.8
148.9 442.2 323.7
510.2 -43.4 99.2 -96.1 37.8 -58.9
1642.5 -118.3 100.6 -107 29.2 -23.8
2573 -104.8 71.2 -91.3 21 151.5
160.8 336.6 269.8
532.8 -45 93.9 -105.5 44.5 -80.3
1790.1 -111.6 -43.7 -53.2 30.2 -59.1
2679 -102.1 -9.5 -46.4 -1.8 137.5
169.1 251.1 194
557.3 -20.4 107 -115 29.6 -90.8
1924.7 -95.7 -26.4 -59.9 5.2 -7.3
2782.6 -41.5 27.3 -66.8 -40.4 151.4
177.6 228.8 182.8
555.4 -19.4 102.9 -117.1 32.5 -89.7
1976.6 -143.6 3.5 -57.2 -37.9 41.8
2832 -74.9 55.3 -109.6 -37.7 155
171.7 228.4 199.5
539.1 -5.1 91.5 -107.5 22.4 -85.4
1981.5 -143.8 -3.9 -49.5 -47.9 47.5
2859.1 -59.1 49.4 -123.9 -33.1 155.5
195.3 244 225
556.7 -34.6 123 -143.3 29.4 -95.8
2015.7 -183.8 22.8 -80.2 -51.8 57.9
2901.6 -90.3 79.5 -177 -29.2 147.8
209.1 262.2 258.4
564.7 -74.5 163.3 -172.6 60.7 -121.6
2015.3 -195.7 53.6 -103.3 -52.1 52.4
2921.3 -117.8 148.5 -217.8 -21.1 132.6
225.7 272.9 271.8
589 -109.5 201.6 -227.2 85 -153
2039.3 -213.5 76.7 -143.8 -45.5 36.2
2971.3 -146.7 204.4 -279.1 -2.3 93.8
237.6 287.4 286.9
617.4 -150.9 240.5 -272.4 93.2 -156
2064.6 -228.5 103.5 -165.6 -42.4 50.3
3031.1 -180.2 234.4 -318.6 18.8 83.5
247.4 303.6 322.5
669 -204 289 -352.2 98.6 -153.5
2107 -244.6 112.9 -200.2 -48.6 60.2
3110.7 -206.4 228.9 -354.6 5.9 76.5
273.4 315.9 357.2
696.9 -187.2 286.2 -398.8 58.2 -154.6
2147.9 -224.7 99.4 -215.7 -71.7 72.4
3194.1 -162.3 229.6 -352.4 0.9 59.9
290.7 309.7 375.8
702 -172 275.2 -404.6 34.5 -155.6
2171.7 -237.5 98.4 -222 -72.6 63.3
3248.2 -147.1 225.4 -388.2 15.1 64.2
319.7 319.4 418.2
720.2 -144.4 270.2 -420.5 13.8 -155.6
2206.3 -242.1 113.6 -250.6 -60.4 46.1
3298.4 -145.8 226.5 -419.5 27.5 51.8
338.4 343.7 459.3
720.4 -112.9 243.2 -413.9 -10.2 -142.8
2232.4 -236.3 112.9 -273.4 -61.8 46.4
3320.1 -183.2 216.8 -434.3 53.7 48.2
347.9 363.4 492.6
721.5 -98.3 239.9 -404.5 -18.1 -114.3
2271.4 -242.9 135.7 -302.4 -45.1 45.9
3344.1 -225.5 168.5 -466.5 79.9 41.1
353.1 365.1 520.8
745.1 -118.1 270 -428.2 -9.5 -127.1
2325.4 -301.8 193.6 -327.7 -34.9 37.2
3419.8 -287.5 171.1 -507.6 118.7 -4.5
347.4 367.6 526.4
776.6 -146.2 311.9 -469.1 13.4 -154.9
2381.2 -347.4 230.4 -361.1 -39.7 18.1
3559.8 -292 174.1 -487.2 147.6 -89
348.7 352.9 486.8
789.8 -151.2 322.6 -484.1 13.9 -164.5
2426.7 -367.1 265.8 -362 -45.5 11.9
3708.1 -228.8 225.8 -432.5 145.6 -124.4
winner is: 6
