Regression analysis information for: castilian_mismatch_interrogative-partial-wh_Cuando-lavaba-el-plato
number of formants: 3
number of coefficients: 5
85.9 263.9 295.1
535.8 67.8 -55.3 -22 -36.1 115.3
1281.6 32.2 -105.8 145.3 38.1 -73.2
2054.7 50.2 5.1 76.2 61.5 -203.9
85.9 250.1 299.7
535.7 70.8 -57.7 -23.6 -34.5 116.8
1330.2 41 -138.1 133.9 44.5 -60.9
2136.6 87.4 -30.9 80.2 110.5 -167.1
87.9 240.4 319.4
535.6 58 -50 -15.1 -48.4 122
1310.1 2.3 -65.5 214.7 -10.4 -154.9
2144.6 44.3 1.2 141.1 37.9 -265.2
82.3 207.8 313.2
548.5 58.7 -49.5 -16.4 -61.5 118.6
1361.7 -11.6 -64.7 258.2 -18.6 -203.1
2218 2.4 17.1 204.8 -9.4 -344.1
88.2 233.8 379.6
551.6 47.5 -43.9 -10.4 -60.9 123.2
1457.2 -27.8 -128.4 204.2 -17.6 -92.4
2389.8 -13.7 -101.1 84 -39.3 -175.9
90.1 164.3 257.5
566.3 40.5 -47.3 -30.3 -63.9 140.6
1543 -19.3 -200.5 84.9 -47.8 -35.6
2566 2.8 -165 -58.1 -138.3 -32.7
96.1 156.7 247.8
572 30 -38.7 -33.6 -64 150.6
1561.3 -43 -197.4 74.3 -57.3 -19.2
2619.9 -63.9 -111 -10.6 -162.3 95.3
95.3 144.8 228
571.1 27.4 -34.9 -36.3 -64.1 150.3
1588.2 -11.7 -161.9 84.7 -57 -39.8
2651.5 -55.4 -73.7 -18.1 -189.1 92.3
92.3 147.1 191.8
566.4 27.1 -30.3 -34.4 -61.3 144.5
1609.1 11.1 -119.2 95.4 -54.8 -66.2
2731.7 8.7 -48.2 -4.4 -195 19.1
90.5 154.7 191.2
559.8 27.3 -25.9 -32.5 -56 136.5
1605.4 -3.8 -100.4 104.8 -47.9 -88.3
2758.2 4.7 -27.6 32.2 -170.1 5
92.2 157.4 197.9
557.3 30.9 -18.6 -29.7 -45.4 133.8
1614.3 -10.8 -77 116.9 -31.2 -97.9
2787.9 -16.3 -1.5 69.7 -158.4 -18.7
97.7 162.2 208.9
561 34.3 -16.6 -14.5 -35.7 132.6
1626.5 10.3 -62.7 152.9 -0.5 -91.6
2820.6 8 21.1 128.4 -132.3 -32.2
97.7 161.6 210.7
559.2 40.1 -12.9 -12.1 -28.9 137.3
1639.6 0.1 -39.7 147.4 36.6 -96.4
2848.2 27.8 57.2 121.9 -95.9 -58.5
98.8 164.7 219.1
562.8 43 -8.6 -6.7 -23.1 141
1654.6 -17.6 -35.9 143.9 48.1 -106.4
2894.7 -10.9 107.5 75.1 -63.5 -102.7
99.3 159.8 219.4
565.6 44.3 3.6 -12.3 -17.6 152
1681.2 -39.1 -3.7 122.2 71.4 -117.4
2966.8 -72.8 216.3 18.7 12.7 -113.9
102 153.3 219.4
571.1 41.9 9.8 -15.4 -13.9 155.7
1709.1 -46.4 22.8 111.1 88.6 -117.9
3032.3 -84.2 294.9 3.1 64.4 -91.3
107.8 138.8 201.3
580.1 38.4 3.1 -6.8 -11.3 147
1753.1 -36.6 62.5 121.8 125.5 -120.9
3102.2 -95.3 364.5 -4.4 117.4 -105.6
112.5 147.6 207.6
586.5 33.3 7.7 -10.1 -13.5 156.8
1775.5 -31.5 76.9 133.8 124.2 -112.2
3140.9 -96 382.2 -1 119.6 -79
123.7 175.3 251.8
602.1 16.6 6.4 -1.6 -24.1 165.7
1818.7 -42.6 16.7 114.6 128.2 -86.2
3195.1 -132.2 305.9 -50.4 110.5 -35.1
142 209.1 295.5
625 -5.4 -3.8 20.7 -38 173.9
1874.9 -76 12.9 109.5 114.5 -25.4
3290.8 -208.3 247 -71.2 88.9 63.5
winner is: 9
