Regression analysis information for: castilian_mismatch_declarative-broad-focus_La-nina-lava-el-plato
number of formants: 3
number of coefficients: 5
114.5 348.4 310
520 -2.3 -70.5 -19.7 17.9 83
1388.5 154.2 -30 26.1 -119.3 -184.2
2258.6 308 76.7 -4.4 -105.9 -194.2
111.1 361.1 357.3
529.8 -19.8 -52.6 -26.4 24.2 80.1
1497.3 157.4 53.6 11.5 -100.5 -115.5
2363.8 295.6 119.5 -31.9 -92.7 -115.6
102.8 324.5 354.8
546.6 -24.6 -57.3 -28.3 26.9 103
1605.7 125.2 5.6 47.2 -66 -26.1
2519.9 252.2 49 -13.7 -99.2 -43.3
102.4 304.5 319.4
553.8 -33.5 -51.8 -28 22.6 112
1654.5 90.8 3.7 54.7 -39 1.3
2608.5 193.7 67.2 -0.2 -83 -28.3
103.7 272.1 297.8
553.6 -27.9 -59.8 -24.7 16.3 122.5
1704.6 140.3 72.7 69.2 -55.7 -14.8
2661.6 201.6 121.5 9.9 -66.9 -19.7
111.8 247.1 227.2
556.6 -40.4 -55 -34.9 28.2 119.4
1776.3 157.8 18.6 35.3 -39.7 2
2775 199.8 28.8 -31.4 -20.8 38
114.8 231.2 205.5
544 -26 -65.4 -21.4 13.9 120.3
1804.2 207.7 33.1 56.5 -68.3 -38.9
2822.2 207.2 34.4 2.5 -75.7 72.5
118.1 194 206.8
542.6 -29.5 -57.3 -31.6 18.7 105.7
1856.2 250.1 60 -4.6 -131.7 -92.2
2852 201.8 63.8 -6.6 -106.6 51.7
132.5 155.4 192.5
549 -47.3 -34.2 -57.7 39.1 75
1919.1 312.4 99 -85.1 -213.7 -190.8
2911.2 169.7 96.4 -45 -117.6 5.8
127.5 143.2 171.8
546.9 -51.7 -28.9 -66.1 42.9 63.8
1932.4 311.3 109.9 -104.7 -204.7 -202.4
2950 126.4 129.1 -97.4 -75.9 -14.3
127.9 137.5 150.6
547 -65.1 -17.1 -77.4 49.4 50.1
1939.6 318.4 115.6 -101.6 -213.1 -219.8
2978.8 92.2 152.1 -104.6 -62.2 -40.2
128.8 138.2 148
544.5 -78.1 -10.4 -80.6 52.6 45.7
1944.9 294.1 117.9 -110.5 -215.7 -228.6
2996.5 78.5 161.7 -114.7 -64.5 -52
135.2 164.2 155
542.2 -92 -2.1 -81.4 60.5 37.8
1938.3 236.2 127.3 -113.2 -184.8 -228.6
3015.8 53 183.4 -141.9 -71.6 -86.4
134.9 180.5 169.8
538.4 -102.3 3.7 -75.1 67.8 35.5
1943.1 189.9 151.5 -115.3 -152.7 -246.9
3028.7 19.7 201.7 -152.4 -66.2 -113.1
139 181.2 191.3
539 -112.6 5.4 -72.9 81.3 32.1
1949.1 180.3 148.3 -108.5 -138 -246.7
3044.3 0.1 204.1 -150.9 -47.5 -121.3
135.1 174.4 162.4
533.7 -102.8 -8.8 -59.3 76.6 41.4
1947.9 184.5 137.3 -89 -127.7 -235.9
3017 -42 171.9 -84.2 27.2 -70.3
140.2 181 174.1
546.2 -114.4 -12.2 -62.3 84.7 48.5
1977.7 173 128.5 -100.1 -126.9 -238.8
3068.8 -55.9 159.6 -82.6 33.3 -67.4
154.3 187.4 211.5
564.9 -118.6 -3.7 -61.1 105.3 61.3
2028.3 187.3 141.5 -123.9 -130.5 -264.9
3166.4 4.1 180.2 -135.8 -26.9 -129.6
160.7 199.6 250.8
582.9 -137.2 18.4 -82.4 142 40
2077.4 172.5 165 -150.3 -96.9 -294.7
3258.3 10.4 206.3 -201.8 -22 -177
166.1 214.2 299.3
597.8 -148 29 -81.7 144.5 56.3
2126.9 158.9 173.3 -143.8 -104.6 -269.9
3329.2 -15.8 211.6 -225.5 -40 -150.3
winner is: 12
