Regression analysis information for: castilian_match_declarative-broad-focus_Daniel-iba-a-Bolivia
number of formants: 3
number of coefficients: 5
110.3 325.9 250.8
453 26.4 -31.5 2.6 101.3 -12.7
1594.2 -33.2 229.4 23.9 -135.4 238.6
2348.4 36.8 191.7 -24 -315.5 274.9
113.8 378.5 293.7
454.3 14.8 -25.8 2.1 110.9 -27.2
1616.8 32.1 237.5 17.7 -127.7 168.4
2439.6 39.4 195 38.6 -276.6 215.5
110.1 435.1 343
443.4 14.3 -25.4 7.8 98.7 -30.4
1569.4 14.9 175.3 -20.4 -177.5 206.8
2523.6 127.3 201.1 82.7 -318.9 135.5
103.9 437.8 362
439.4 19.2 -43 8.2 97.7 -21.9
1552.1 -42.2 90.1 -37.5 -178.6 292.2
2568.6 134.1 111.7 70.2 -308.2 129.4
114.2 413.2 346.9
453.5 6.1 -38.1 -3 117.9 -31.8
1668.9 -67.9 108.6 -95.5 -208.4 256.5
2686.9 111.9 61.6 21.3 -257.3 89.1
120.6 330.2 274.5
462 5 -45.4 -7.3 127.4 -34.3
1820.1 13.7 135.2 -144.5 -255.9 206.9
2829.3 148.7 21.6 -38.8 -205.9 81.7
124.2 272 230.5
466.8 6.8 -44.3 -10 132.1 -34.2
1890.7 59.8 187.5 -137.8 -309.3 185.2
2876.8 181.1 67.1 -25.8 -209.2 80.7
128.9 262.5 210.2
477.6 -13 -19.8 -30.1 149.6 -56.2
1925.9 77.3 225.3 -144.8 -314 168.5
2918.8 136.8 114.5 -91.4 -171.5 29.5
122.8 246.5 193.7
474.9 -20.6 -11.4 -30.7 153.1 -68.7
1957.6 101 245.4 -172.5 -333.6 168.5
2957.1 148.2 138.6 -129.8 -182.5 10.4
124.3 232.6 185.3
476 -36.5 5.1 -46.8 155.3 -71.8
1997.4 113.8 275.2 -153.4 -383.8 157.6
2985.1 156.8 166.3 -131.9 -199.6 -12.7
121.4 221.1 206.2
470.1 -35.1 4.2 -43.9 146.8 -71.7
2009.8 104 288.4 -147 -400.5 186.3
2983.3 133.2 175.5 -135.8 -215.7 -16.2
113.7 219.2 206
457.9 -16.8 -14.4 -24.6 127.9 -57.7
2013.3 103.3 276.8 -138.5 -405.3 211
2988.6 192.9 174.2 -74.3 -244.4 23.6
115.9 220.7 209.9
458.9 -22.1 -12.8 -25.9 131.6 -62.6
2026 86 258.5 -152.6 -424.3 217.3
3012.5 184.5 166.7 -63 -265.8 58.9
121.7 229.5 217.2
472.5 -50.1 8.7 -46.1 156 -85.2
2051.3 73.1 265.3 -159.8 -424.6 221.6
3069.9 137.7 185.5 -107.5 -226.3 62.7
121.1 251.2 228.5
483.8 -70.4 18.6 -55.5 176.2 -109.4
2070.2 66.3 272.4 -177.2 -418.9 223.6
3122.9 102.3 205.2 -165.8 -154.5 34.3
117 287.3 211
492.2 -81.3 16.3 -53.3 182.7 -112.6
2119.9 33.8 262.1 -147.1 -423.3 176.2
3210 11.3 248.5 -199 -100 -12.2
116.7 287.5 240.6
497.8 -85.9 5.3 -41.1 183.6 -116.9
2184 17.5 166.6 -13.9 -395.8 88.4
3279.8 -4.1 194.1 -122.9 -78.6 -68.1
118.1 280.5 244
500 -90.9 6.2 -43 189.2 -121.5
2173.8 -29.2 166 23.1 -382.7 102.1
3300 -68.8 219.3 -80 -86 -52.7
122.4 298 246.6
499.5 -90.8 3 -40.6 188.5 -118.7
2177.6 -55.7 161.6 45.5 -364 119.6
3323.6 -140.1 230.2 -42.5 -98.4 -22.5
139.9 341.3 304.1
524.7 -124.7 32 -57.9 211.4 -125.3
2254.1 -92.8 161.1 58.5 -299.2 70.8
3428.9 -193.4 225 -28.5 -20.6 -11.1
winner is: 12
