Regression analysis information for: castilian_mismatch_interrogative-partial-wh_Por-que-oia-el-rio
number of formants: 3
number of coefficients: 5
68.5 387.4 289.4
479.1 26.6 -6.9 -7.6 5.6 -17.2
1691 -29.7 -193.3 112.4 -188.6 60.7
2366.2 -20.6 -167.2 82.8 -160.2 -4.1
70.2 375.1 291.2
479.4 26.1 -4.3 -7.4 5.1 -19.2
1752.5 -36.5 -235.5 119.3 -181 85.8
2474.2 -81 -174.9 119.6 -156.7 58.3
76.5 333.4 254.6
478.4 29.9 -4.8 -10.7 3.6 -18.1
1793.3 1 -276 38.3 -217.5 160.5
2558.2 -44.6 -242 11.6 -179.6 172
76.2 305.6 237.4
492.6 31.2 -1.1 -25.6 6.8 -2.2
1843.2 18.1 -281.7 24.2 -205.3 168.7
2632.9 -15.7 -226.5 -1.1 -163.1 202.7
78.6 309.3 233.2
494.6 27.8 3.5 -29.2 10.2 -2.6
1850.8 -5.8 -284.9 21.1 -185.8 149.2
2663.6 -29.8 -209.4 21.4 -133.3 172.7
78.4 307.1 224
496.3 25 7.5 -33.1 13.5 -5.4
1873 -5.6 -288.2 25.2 -164.8 125.1
2700.6 -50.7 -226.6 40.2 -116.8 129.3
77.9 314.6 246.1
494 19.8 12 -38.8 13.5 -12.3
1886.3 -32.2 -288.1 -9.2 -150.2 109.2
2722.7 -80.9 -194.4 -49.1 -88 146.3
78 322.1 252.7
490.5 17.1 14.5 -42.9 14.9 -21.7
1891.3 -38.5 -270.3 -19 -165.3 103.6
2747.3 -106.3 -198.9 -82.7 -77 153.7
78.2 326.3 253.4
487.4 15.9 17.5 -41.9 16.5 -28
1907.7 -52.3 -256.6 -33.9 -150.7 94.3
2769.3 -137.3 -204.7 -79.9 -36.3 161.9
76.8 334.1 266
487.2 17.1 22.2 -39.9 18.2 -32.7
1927.4 -63.9 -234.1 -36.9 -115.2 78.3
2793.6 -176.6 -194.6 -54.5 24.4 116.9
76 344.6 272.8
486.6 20.1 22.8 -37.2 17.8 -34.3
1930.3 -57.8 -217.1 -24.1 -115.8 63.9
2815.3 -167.4 -197.3 -40.4 29.6 91.4
77.8 347 286.5
489.2 30 24.6 -33.8 13.2 -39.6
1945.5 -33.7 -203.6 -16.6 -123.2 53.2
2870.2 -157.6 -163.1 -56.1 28.4 44.3
80 350.4 312.5
491 36.3 25.5 -31.5 11.8 -42.4
1958 -26.6 -199.4 -16.3 -124.4 49.4
2926.9 -135.1 -124.4 -73.5 23 20.8
86.7 342 341.9
496.7 56.3 32.5 -20.3 10.5 -43
1985.8 22.1 -193.6 -5.7 -129.9 65.2
3013.2 -29.6 -42.7 -50.4 34.3 65.9
91.4 340.1 351.2
499.9 65.7 37.9 -13.4 14.6 -41.2
1999.3 37.7 -208.3 -17.5 -142.5 71.8
3079.7 38.2 -23.8 -77.3 12.8 75.5
113.7 331.4 337.3
520.9 100.5 55.5 -15.4 -1 -62.8
2044.1 69.3 -186.1 -32.7 -132.4 84.9
3175.3 133.8 -22.3 -143.3 0.7 99.9
124.2 329.7 338
529.7 111 71.8 -11.2 1.8 -71.4
2071.7 70.6 -131.4 -20.4 -109.6 45.3
3205.5 120.7 84.4 -109.1 52.7 -11.8
121.9 327.2 307.1
528.5 103.2 70.5 -14.6 6.3 -69.2
2085.2 59.9 -97.4 4.6 -94.2 26.2
3231 85.4 140.5 -87.4 74.8 -54.6
124.5 312 278.6
531.8 107.2 75.5 -14.1 10.2 -70.3
2108.2 62 -84.4 -2.1 -99 27.2
3312 85.2 183.8 -114.2 65.8 -61.6
128.8 306.2 281.1
533.3 102.2 71.5 -16.7 5.7 -72.2
2127.3 53.4 -85.7 -10 -105.5 32.3
3383.1 91.7 178.8 -153.4 35.2 -53.9
winner is: 6
