Regression analysis information for: castilian_mismatch_interrogative-total-yn_El-bebe-comia-muy-bien
number of formants: 3
number of coefficients: 5
83.7 306.6 241.1
425.7 46 -13.9 1.7 7 -29.9
1565.6 271.4 210.9 5.7 83.1 -173.7
2302.6 72 162.7 109.8 -11 -64.8
80.9 309.9 239.7
420.4 50.8 -13.9 0.9 5 -24.4
1547.3 302.6 235.8 17.3 84.5 -188.7
2373.4 115.7 181.1 147.8 33 -83
84.5 362.5 240.3
422.2 47.9 -18.2 -2.1 4.9 -21.3
1596.3 213 169 150.4 11.4 -79
2431.9 103.3 114.4 191.3 26.7 -15.4
89.1 327 246.4
427.5 46.9 -23 -2.8 1.5 -19.2
1724.2 203.1 116.1 129.9 -125.1 -44.8
2504 130.2 50.3 166.7 -15.8 18.5
97.6 245.8 229.6
436.3 36.8 -18.5 -6.6 -4.4 -9.4
1849.3 72.3 166.8 113.4 -206.7 62.7
2601 64.7 48.6 121.5 -42.9 101.1
105 214.2 211.8
442.4 28.7 -21.9 -7 -7 -7.6
1905.6 37.1 141.3 117.8 -170.9 52.6
2651.7 53 33.4 101.3 -24.7 127.4
106.3 219 197.5
442.2 24.6 -24.2 -7.1 -7.8 -8.5
1946.6 27.7 112.9 132.8 -128 31.2
2684.3 53.3 31.8 94 -8.7 122.9
105.4 214.9 200.8
439.3 21.5 -26.2 -7 -6.8 -11.3
1959.2 10.6 118.5 144.4 -122.1 12.8
2711.8 32.3 53.6 83.5 17.5 104.1
101 219 202.5
434.1 21 -25.3 -8.5 -4.6 -12.8
1960.4 -5.6 125.4 143.3 -116.8 14.5
2737.7 -23.4 70.8 67.7 47.2 79.9
96.4 228.9 214.4
428.9 23.7 -24.4 -12.6 -4.3 -13.3
1965 -0.8 125.6 126.5 -82.8 29.3
2744.5 -23 89.4 35.2 80.1 85.2
91.8 237.2 220.6
424.3 27.3 -24 -16.6 -6.2 -13.5
1975.7 0.9 113.2 119.8 -43.4 49
2742.2 -48.6 114.4 16.6 123.6 88.6
86.8 238.8 221
420.6 31 -24.5 -19.3 -9.4 -14.1
1995.7 9.3 103.8 124.1 -41.9 45.8
2761.9 -38.7 113.8 17.5 128.2 79.9
84.8 244 215.8
418.9 34.5 -26.2 -21 -10.2 -15.1
2017.5 11.8 90.2 122.2 -49.9 41.3
2801.1 -29.4 93.6 25.1 138.6 63.5
92.7 237.2 220.5
424.8 33.8 -35.3 -16.1 -11.6 -22.4
2061.3 -3.1 38.2 147.6 -61.2 -3.7
2869.3 -29.7 33.4 23.6 141 24.1
104.9 225.8 228.5
434.9 37.8 -48.1 -22 -17.7 -20.5
2086.9 -6.9 12.7 142.8 -82.4 -18
2947.6 -25.2 -13.3 6 102.4 26
109 205.1 230.7
438.2 39.1 -52.1 -23.6 -19.9 -19.7
2097.4 -6.2 17.2 142.1 -113 -22.2
3027 -26.2 -42.7 23 52.7 9.2
107.7 200.6 230.6
437.5 38.6 -50.9 -21.1 -20.1 -22.5
2105.7 -8.9 33.6 144.5 -133.6 -13.4
3079.1 -18.9 -34.4 20.5 -11 3.1
108.9 212.1 250.4
439.1 39.5 -52.2 -22.8 -20.3 -21.5
2132 -10.5 23.6 144.9 -123.6 4.6
3162 -6.7 -43.6 15.4 -64.7 8.3
111.6 228.5 273.4
441.4 41.4 -54.3 -27.6 -20.8 -17.6
2163.6 -12.8 -0.2 140.7 -98.2 24.4
3263.8 -13.7 -75.9 -0.8 -107.1 51.5
111.8 233 273.4
441.8 41.8 -54.2 -29.4 -20.8 -16.4
2183 -14.3 -6.1 136.3 -85.4 36.9
3378.3 -31.1 -127.4 -18.7 -79.3 88.8
winner is: 8
