Regression analysis information for: castilian_mismatch_declarative-narrow-focus_La-nina-lava-el-plato
number of formants: 3
number of coefficients: 5
118 376.9 297.7
524.3 -32.1 9 -31.8 33 97.7
1349.1 126.5 79.2 -37.1 19.5 -70.4
2188.3 173.6 143.1 -16 -51 -232.8
112 348.5 322.3
537.4 -47.1 10.6 -39.5 50.5 83.1
1423.4 137.5 35.7 5.1 33.1 -86.8
2283.4 197 112.7 38.6 -11 -272
110.1 337.9 339.8
544.1 -56.4 14.4 -48.5 58.6 78.2
1483.7 136.1 33.7 -1 32.3 -99.2
2362.7 233.6 83 13.8 -40.4 -261
110.5 328.8 345.8
559.6 -84 22 -45.9 56.7 84.8
1565.2 61.2 1.5 36.3 71.2 -76.9
2497.8 153.7 81.1 28.9 3.6 -248.2
110.5 293.5 326.4
572.5 -91.5 28.7 -60.3 70.5 75.9
1643.3 61.6 -4.1 47.1 99.2 -69.6
2608.2 113.5 86.8 20.4 17.9 -240.4
107 223.7 255.3
590.8 -108.9 41.1 -77.7 66.9 71.3
1785.1 107.8 43.2 -23 -25.6 -92.7
2777 50.4 114.3 -37.8 -63.9 -123
118.2 226 251
574.7 -92.4 32.6 -64.6 46.9 78.1
1807.4 112.9 98.3 11 -60.5 -146.1
2838.8 22.7 186.8 -14.6 -89.7 -144.8
123.2 219.1 284.1
565.4 -89.5 36.9 -64.9 40.7 78.7
1815.5 147.5 119.2 11 -78.9 -171.5
2808.6 49.2 230.7 -1.8 -70 -183.9
116.2 197.1 271.5
562.5 -82.2 32.9 -73.2 33 86.8
1849.7 209.3 88.1 -31.9 -120 -169
2866.6 110.6 138.1 -86.4 -131.3 -118.1
111.2 168.4 226.8
566.4 -87.7 40.5 -87.3 40.3 80.5
1892.1 235.1 120.8 -72.1 -139.2 -213.5
2930.1 114.2 147.5 -132.3 -145.4 -108.2
110.1 166.4 204.4
564.2 -87.2 41.9 -87.8 42.4 78.7
1896.2 227.7 121.7 -67.9 -143 -210.2
2962.6 94 145 -124.8 -146.7 -92.9
113 164.5 196.7
563.5 -95.8 52.2 -90.4 52.8 69.4
1908.5 213.1 131.1 -72.8 -138.7 -214.7
3011.8 55.7 160.2 -136.2 -134.7 -92.5
116.5 172.7 201
564.6 -108 63.7 -95.3 61.3 61.8
1922.1 192.1 146.8 -88.4 -128.6 -222.8
3058.9 13 187.3 -169.9 -125.1 -106
117 183.4 209
563.7 -111.7 66.2 -95.8 65.8 61.3
1923.9 173.6 146.9 -89.3 -113 -216.1
3089 18.8 183.5 -189.3 -123.9 -139.6
117.3 195.1 228.5
559.7 -111.8 62.2 -91.6 66.1 67
1921.4 153 141.5 -89.1 -98.6 -199.2
3087.4 1.8 196 -158.5 -90.3 -153
116.3 202.1 238.6
558.2 -113.9 60.1 -90.3 66.8 70.7
1915.7 121.6 131.9 -90 -75 -173.2
3078.1 -43.3 194 -149.2 -58.3 -139.7
117.7 208.8 243.6
561 -120.4 58.6 -86.6 69.1 69.2
1922.8 105.2 128.3 -81.7 -60.4 -173
3085.7 -81.2 190.7 -136.8 -31.3 -141.6
121.8 206.8 250.9
566.6 -128.5 54.2 -77.5 71.1 66.1
1975.2 128.6 140.4 -91 -92.9 -229.8
3177.2 -62 162.8 -162.4 -33.3 -190.8
124.2 175.6 267.9
568.8 -132.5 55.7 -79.6 71.1 67.8
2026 178.7 170 -118.1 -141.9 -297.3
3294.3 7.6 153.8 -205 -93 -260.6
132.5 185.8 297.7
582.1 -125.4 72.4 -62.1 83.6 77.2
2043.8 168.1 197.6 -74.6 -115.4 -289
3352.6 8.9 210.4 -181.2 -120.3 -257.8
winner is: 12
