Regression analysis information for: castilian_match_declarative-broad-focus_David-leia-el-libro
number of formants: 3
number of coefficients: 5
91.8 247.4 292.6
438.4 43.4 -4.7 -12.8 51.9 -19.6
1895.6 79.2 -491.5 -33.6 -86.6 45.9
2459.2 57 -223.7 92.9 -26.8 41.2
92.1 268.7 292.7
440.2 37.7 2.5 -14.5 53.2 -21.6
1946.5 74.5 -475.5 -41.8 -111.7 38.8
2574.2 26.6 -270 91.8 -20.4 53.8
101 320 328.9
447.3 15.5 27.9 -32.3 70.4 -42.9
1883.7 138.4 -375.4 -123.9 -9.4 -37.5
2723.8 17.8 -333.7 54.4 16.3 12.2
104.9 311.5 341.4
449.3 8.1 34.9 -36.5 71.6 -45.7
1914.9 109.1 -361.4 -76.9 -11.3 -43.8
2788 7.7 -329.5 6.1 -5.9 -29
113.8 322.1 326
450.3 -11.1 41.2 -53.8 78.8 -64.3
1975.3 56.7 -391.9 -49.6 -112.7 -59.9
2847.5 28.8 -323.9 20.4 -56.2 -53.6
121.1 293.6 281.2
461.5 -20.2 63.3 -64 98.9 -77.7
2026.1 49.6 -419.3 -92.4 -141.4 -51.6
2918.1 71.3 -294.3 -8.8 -37 -50.6
121.6 282.3 241
455.1 -8.9 53.3 -52.8 91.6 -70.9
2046.8 59.3 -429.4 -76.8 -139.8 -50.4
2964.4 118.7 -300 6.9 -27.4 -36
115.3 276.3 238.6
445.2 3 40.5 -41.9 81.2 -62.5
2063.5 116.1 -387.3 -5.1 -87.7 -11.2
2969.8 153.7 -292.6 68.8 -0.4 -46
123.8 285.2 252.6
452.9 -23 66.5 -61.8 103 -79.7
2094.9 115.6 -343.8 -12 -33.3 8.6
3013.6 122.2 -275.1 33.9 41.8 -66.9
123.7 280.9 256
466.9 -53.3 97.3 -87.3 128.1 -100.8
2146.7 103.6 -277.3 -44.6 3.7 6
3073.7 55.4 -227.2 -31.6 100.2 -71.1
111.3 265 243.9
478.7 -78.2 118.4 -103.5 139.7 -104.2
2170.7 70.6 -241.3 -69.6 16.8 -1.2
3124.6 -38 -150 -90.8 161.5 -88.1
108.3 262.6 226.5
481.7 -86.9 124.1 -108.1 144 -105.7
2188.6 68.7 -222.1 -71.5 12.5 3.2
3154 -50.2 -137.2 -104.1 153.8 -94.8
110.9 266.1 222.4
487.4 -99.6 134.3 -116.2 150.8 -108
2210.6 56.2 -198.4 -78 13.1 5.4
3192 -55.3 -110.2 -129.6 146 -123.4
114 271.5 215.3
490.3 -105.9 138.4 -119 151.9 -106.4
2227.5 51 -185.5 -71.6 10.3 19.6
3225.8 -56.1 -98.6 -135.8 114.4 -118.9
124 294.8 225.8
504.4 -132.8 162.6 -140.8 171.3 -124.4
2262.2 5.2 -144.5 -96.1 34.2 3.2
3281.4 -94 -58 -158.7 103.3 -133.2
127.4 304.8 239.6
512.7 -148.3 176 -152.2 180.7 -132.6
2279.2 -14.5 -130.2 -107.5 49.4 -5
3320.8 -113.3 -30.8 -182 114.4 -157.9
129.2 306.7 247
515.2 -152.5 179.3 -155.5 184.2 -137.3
2294.5 -40.5 -127.9 -115.9 44.8 -7.2
3348.4 -132.9 -17.8 -191.6 124 -166.5
130.2 293.5 240.3
506.2 -135.9 165.3 -146.5 179 -136.7
2280.7 -60.3 -174.2 -137.1 11 -42.5
3357.2 -120 -31.2 -187.1 132.8 -173.9
138.2 296.6 247.9
516.4 -124.9 183.6 -135.6 193.8 -128.7
2301.4 -90.3 -172.7 -128.2 -3.9 -26.1
3386 -135.7 -16.7 -160.6 138.2 -143.6
141.9 317.8 257.6
524.3 -127.7 198.2 -139.3 207.1 -131.9
2338 -105.6 -154.2 -126.8 3 -38.4
3414.2 -156.1 -0.6 -135 151.6 -143.8
winner is: 12
