Regression analysis information for: castilian_mismatch_interrogative-partial-wh_Por-que-odiaba-la-lluvia
number of formants: 3
number of coefficients: 5
84.5 383.2 257.6
483.4 32.1 -26.8 -17.5 79.6 5.9
1397.4 -18.8 72.6 29.9 -132.3 220.4
2169.1 -99 51.8 151 -169 76.9
84.5 386.2 297.8
483 33.7 -29.4 -10.1 86.2 6.9
1436.1 -33.2 41.2 33.9 -108.5 263.9
2248.1 -96.2 28 145.5 -117.4 154.9
84.8 394.1 353.3
482.6 49.6 -30.5 -11.2 76.5 2.7
1476.7 -38.6 9.7 98.2 -200.4 219.9
2331.7 -71 -2.3 148.4 -159.5 144.7
87.6 388.3 365.1
491.4 46.2 -26.4 -11.6 81.2 6.7
1581.1 -42.1 -12.7 56.4 -227.3 215
2445.2 -35 -70.3 119.3 -158 129.5
91.5 348.7 332.7
499.9 39.3 -19 -16.4 83 2.8
1696.9 -32.8 -60.8 56.1 -247.3 72.9
2566.6 -45.5 -166.2 160.5 -137.7 13.5
93 289.1 266.6
506.6 33.7 -22.1 -24.9 85.4 3
1771.4 -34.4 -137.7 22.8 -229.5 71.5
2662.6 -31.6 -237.2 87.1 -145.6 19.3
93.3 285.3 267.8
508 25.4 -16.4 -34.3 85.3 -1.7
1806 -70.8 -101.8 3.3 -230.8 54.5
2720.2 -79.3 -162.8 -5.5 -166.3 22.4
95.8 293.3 281.9
505.7 23.1 -9.8 -36.9 85.3 -3.1
1814.9 -88.7 -42.9 -24.7 -238.7 49.1
2722.1 -96.4 -71.8 -65.4 -192.8 40.5
94 279.8 268.9
507 13.9 1.4 -42.2 95 -12.7
1837.8 -114.8 -25.5 -42.1 -205.7 7.9
2768.8 -122.9 -83.1 -71.7 -103.9 -29.1
93.1 269 255.4
503.5 15 2.1 -36.9 96.1 -14.7
1846.1 -112.6 -34.8 -34.2 -177.3 -6.4
2798.3 -145.8 -83.9 -73.6 -34.8 -53.1
93.1 263.6 252.3
501.8 16.9 3.1 -34.1 95.9 -15.7
1855.6 -110.2 -39.1 -23.2 -169.9 -6.6
2829.6 -163.2 -70.8 -62.9 -13.6 -62.4
98.1 271.5 266.2
504.6 31.9 11.4 -20.7 104 -7.1
1872.4 -93.8 -24 -1.2 -173.9 9.5
2872.3 -183.2 -19.4 -55.1 -7.5 -59.4
101.4 279.2 271.9
507.4 42.6 17.6 -16.1 105.7 -8.9
1891.5 -91.5 -10.2 5.8 -188.6 5.6
2917.9 -186.5 19.2 -41.2 -41.1 -52.2
117 300.3 286.6
520.5 71.9 39.6 1.3 116.5 -1.1
1929.5 -62.2 43.6 34 -168.2 27.7
2986.1 -175.6 87.5 -14 -65.5 -13.7
118.8 301 280.6
523.1 76 41 1.1 116.1 -2.6
1949.6 -59.7 52.4 33.3 -178.4 22.8
3050 -205.1 139.1 -16.9 -107.9 2.6
125.2 302.6 286.9
531.1 88.9 47.9 3 115.6 -8.2
1973.2 -43.6 59.6 28.4 -173.7 20.8
3106.7 -184.8 162.5 -23.5 -125.6 -9.4
131.4 302.3 301.6
536.7 98.7 50.3 3.1 113.3 -15.7
1994.7 -41 27.6 20.9 -157.2 15.7
3158.3 -124.9 113.1 -15.6 -111.2 -39
130.9 303 314.6
538.2 100.2 49.9 3.7 118.2 -12.7
2018.8 -29.8 11 25 -142.3 15.2
3256.7 -82.8 113.8 -29.7 -70.1 -66.9
137.8 308.3 315
543.6 108.6 53.2 6.3 116.1 -18.2
2045.8 -0.3 27.2 40.2 -115.4 18.1
3329.6 -15.5 188.7 -38.2 -39.7 -131.3
132.6 309.2 302.7
544.7 109.2 54.9 11 124.3 -9.1
2066.7 9 35.2 65.4 -88.8 37.2
3416 -2.3 210 -45.1 13.3 -103.4
winner is: 11
