Regression analysis information for: castilian_match_interrogative-partial-wh_Por-que-abre-el-regalo
number of formants: 3
number of coefficients: 5
91.7 260.2 279.1
514.4 3.9 -3.5 39.5 -106 71.1
1529.2 105.7 -292.6 75.1 -2.2 -76.4
2322 54.9 -268.6 -15.3 7.5 -118.5
92.9 248.2 265.9
520.9 3.4 5.1 39.8 -104.6 80.6
1582.1 102 -281.7 45 -19.8 -36.5
2419.1 86.3 -212 -43.5 64.7 -65.7
86 258.3 285
516.6 -7.2 19.5 52.6 -96.7 75.6
1592.8 77.8 -256.6 90.9 -19.7 -46.8
2450.6 42.3 -168.6 -22.1 77.4 -76.5
93.8 238.4 257.8
519.7 -5.3 24.1 48.7 -97.5 79.2
1651.7 99 -260.4 51.2 -79.4 -52.4
2535.5 6.7 -153.9 -70.6 30.2 -55.2
101.8 208.8 216.6
528.3 7.6 25.9 36.1 -101.5 89.3
1699.5 153.2 -262.2 0.6 -130.4 -70.9
2610.3 -5.7 -146 -108.7 -19.4 -32.1
103.3 205.2 178.1
525.3 2.4 26.5 32.1 -105.6 85.8
1709.7 148 -260.9 0.9 -139.6 -65.2
2665.4 -70 -143.7 -70.4 -91.1 29.8
107.4 198.1 169.1
527.7 9.7 25.4 32.7 -110.2 65.6
1734.5 181 -245.1 0.7 -152.4 -95.1
2685.1 -28 -136.1 -78.5 -85.2 -17.5
111.5 200.5 162.9
528.7 8.3 17.5 41.7 -99.9 56
1736.3 182 -259.5 -4.2 -149.3 -106.8
2676.5 18.5 -158.5 -86.4 -58.2 -70.7
109.7 201.4 168.2
523.5 11 17.1 45.5 -98.5 53
1728.8 176.1 -270.9 -8 -149.9 -111.3
2674.4 -28 -147.4 -89.2 -59.7 -61.5
108 204.9 165.5
520.6 18 20.3 50.4 -101.2 44.1
1732.5 190.6 -246.9 9.6 -154.9 -132
2705 -52.1 -87.6 -79.3 -73 -52.6
125 221.3 185.9
532.6 21.2 19 71.9 -78.6 36.6
1751.3 204.5 -242.3 30.7 -133.2 -124.3
2755.8 -63.8 -48.2 -74.8 -34.3 -19.9
144.6 237.2 197.3
547.3 22 15.3 91.1 -64.4 20.2
1778.6 232.5 -226.6 58.9 -121.8 -131.9
2792.9 -59.9 -16.9 -74.8 -15.9 -40
158.3 246.4 198.4
559.7 33.3 27.3 106.7 -58.6 15.7
1803.2 254.8 -210.5 76.6 -113.5 -136.1
2835.1 -34.2 20.8 -63.2 3.2 -35.1
180.9 259.6 209.2
576.5 33.7 3.8 136.3 -44.4 -7.7
1830.6 274 -213.4 98.5 -107.2 -158
2886.3 -8.3 36.1 -34.8 19.4 -55.9
197.4 269.7 226.7
591.6 27.6 -0.7 146.5 -31.6 -22
1859.9 268.4 -200 96.7 -91.2 -173.9
2953.4 21.2 58 -31.2 22.8 -88.4
191.3 259.6 233.9
590.8 17.8 -1.9 146.7 -22.2 -8.5
1861.1 288.1 -227.1 111.5 -94.5 -160
2977.7 26.2 37.8 -30.1 12.3 -82.2
201.4 270.8 244.3
604.7 -2.3 -3.8 146.1 -17.4 -21.5
1894.4 263.4 -205.2 101.2 -83.2 -179.5
3022.3 27.7 45.6 -30.2 0.1 -120.1
208.6 267.5 260.6
610.7 -4.3 -12.5 147.3 -27.9 -31.5
1909.3 280.9 -217.2 101.3 -88.4 -182.5
3051.5 45.3 20.8 -23 -17.8 -159.1
228.3 278.2 282.5
622.8 -16.3 -24.3 149.2 -41.3 -51.6
1939.1 250.2 -192.4 68 -61.6 -208.5
3094.1 12.8 45.1 -38.4 11.5 -193.7
252.4 292.9 336.3
643.8 -38.3 -28.6 151.3 -31.2 -77.9
1991.4 179.6 -142.5 18.8 -16.7 -283.3
3184.2 -37.9 92.3 -97.1 46.5 -274.1
winner is: 7
