Regression analysis information for: castilian_mismatch_interrogative-partial-wh_Por-que-venia-del-lago
number of formants: 3
number of coefficients: 5
101.7 305.5 216.8
471.6 -21.4 -22.6 91.3 -1.2 49.1
1300.4 278 -209.8 54.8 296.3 -26.4
2141.8 286.1 -152.9 -75.1 136.9 -136.9
103.2 332.6 301.1
468.6 -23.1 -17.1 91.4 -2.5 44.5
1349 244.3 -235.4 136.8 260.5 -72.3
2283.9 198.1 -235.9 -2.7 136.4 -162.9
97.6 312.8 292.1
469.7 -25.7 -9.6 93.7 -17.4 35.6
1417.5 225 -241.1 231.6 140.1 -180.5
2404.4 170.3 -324.4 95.1 143.4 -284.8
103.4 256 296.7
479.3 -28.7 -11.1 90.9 -28.4 39.3
1544.4 331.1 -274.1 97.2 -38.8 -226.3
2525.5 159.9 -314.4 60.8 6.4 -284.6
104.4 215.8 277.2
482.4 -21.1 -18 85.2 -24.1 35.1
1615.9 357.1 -335.6 57.9 -44 -202.3
2636.6 112.7 -331.9 46.3 -69 -178.4
108.2 186.8 224.7
486 -26.7 -17.6 85.1 -24.2 40.3
1653.1 292.5 -337.4 124.4 -59.5 -168
2706.8 7.2 -327.7 118.3 -118.5 -90.7
111.6 173.9 208.5
487.5 -34.1 -20 84.6 -28.8 44.3
1694.4 302.8 -368.6 95.2 -78.2 -129.1
2759.1 15.7 -340.1 75.2 -136.8 -44.6
111.3 171.3 207
485.8 -35 -18.2 83.6 -26.1 43.5
1727.5 325.6 -402.3 63.5 -86.5 -108.4
2821.1 13 -352.6 44.7 -156.9 -29.1
111.1 183 218.6
481.5 -38.3 -13.2 82.9 -20.2 42.4
1745.6 337.2 -395.2 57.3 -85.3 -120.6
2878.8 -22.8 -347.1 40.7 -157.8 -34.8
114.5 211.1 243.4
485.1 -33.5 5.1 85.7 -7.9 41.2
1769.2 333.4 -396.5 35.6 -46.2 -108.2
2929.8 -44.9 -353.4 34.8 -114.8 -15.7
119 261.7 278.7
489.9 -28.9 21.3 82.4 -6.6 27.7
1801.6 302.9 -355.7 5.7 17.2 -133.4
2991.7 -87.5 -332.7 -8.8 -18.9 -25.8
133.5 296 318.6
505.3 3.1 51.6 98.1 -2.9 19.5
1843.3 314.3 -314.5 -16.4 49.1 -157.5
3054.5 -44.2 -304.9 4.2 5.9 -34.1
139 314.8 318.1
509.4 9.9 62.2 99.3 -4.9 13
1872.2 303.9 -275.1 -35.1 77.1 -185.1
3140.2 -74.7 -241.7 -43.1 74.1 -75.2
141.2 313.7 301.6
517.2 -5.7 78.2 88.9 2.5 11.1
1919.9 256.1 -196.6 -90.8 124.5 -217.2
3212.5 -103.1 -156.5 -101 127.7 -119.2
141.7 306.8 309.7
518.8 -6.6 84.2 90.1 1.5 12.5
1928.6 265.5 -192.2 -106.6 125.7 -225.5
3270.5 -71.6 -114.9 -120.4 149.7 -127.2
145.3 298.4 321.3
521.7 -7.2 93.5 97 6.4 24.1
1920.1 270.3 -168.1 -80.3 133.6 -219.8
3284.8 -75.2 -11.7 -136.4 127.4 -137.2
144.2 294 278.7
519.8 -7.6 92.7 99.4 0.1 25.7
1909.7 286.5 -160.2 -64 134.9 -220.2
3261 -65.6 92.5 -128.5 50.5 -189.4
156.4 306.4 290.8
525.2 6 100.1 108.1 4.2 27.4
1925.8 298.4 -161.5 -71.7 132 -212.1
3313.5 -74.2 65.4 -132.9 82.2 -165.4
150.8 327.5 326.4
532.8 -25.6 106.9 99.4 -1.5 44.2
2034.2 151.1 -70.7 -133.7 97.4 -106.1
3418.9 -125.6 31.3 -103 154 -126.4
147.1 350.5 350.1
539.1 -38.5 112.7 104 4 70.4
2087.9 113 -55.7 -153.6 83.1 -40.5
3503.5 -173.3 -24.1 -74.6 194.2 -66.3
winner is: 8
