Regression analysis information for: castilian_mismatch_interrogative-total-yn_Mi-novio-viene-del-lago
number of formants: 3
number of coefficients: 5
84.1 321.4 270.1
451.2 -16.5 -25.2 30.9 -35.9 0
1475.1 311.6 -214.2 44.7 166.2 25
2257.8 238.4 -74.5 63.3 161.5 32
89.1 289.9 312.8
459 -35.7 -18.6 32.1 -53.2 14.3
1560.7 277.2 -252.5 126.8 64.8 -11.5
2430.7 152.3 -155.5 137.5 106.5 54.3
90.3 271.9 276.2
460.4 -43.3 -11.2 30.5 -66.4 19.4
1606.5 304.8 -252.8 105.7 20.9 2.8
2568.6 172.7 -171.2 149.6 66.1 6.6
90.6 236.3 233.9
465.5 -49.9 -11.3 33.4 -77.1 22.7
1652.2 302.1 -272.9 73.2 -44.5 68.7
2623.8 125.2 -164.7 141.6 4.2 75.9
90.3 183.2 177.9
466.6 -47.5 -16.4 29.3 -77.3 22.8
1708 305.8 -347.7 58.3 -19.7 78.5
2681.2 92.3 -194.2 146.6 9.4 90.5
88.4 153.1 158.8
463.5 -44.1 -20 25.9 -73.7 20.2
1741.5 298.8 -373.9 92.3 -18.5 27.3
2719.7 93.9 -197.3 162.2 6.1 42.9
87.2 156.1 155.8
456.6 -42.3 -20.6 18.4 -62.8 11.9
1761.1 292.4 -374.9 87.5 5 27.1
2747.6 77.6 -192.7 149.1 19.8 45.2
90.5 199.6 178.6
456.5 -58 -9.3 7.5 -52.9 3.7
1765.5 221.9 -373.5 22.7 17.5 -2.1
2765 1.6 -181.8 99.1 30.9 34.7
90.5 214.3 193.6
456.2 -71 6.6 -2.2 -38.8 -10.8
1778.8 203.5 -357.2 -5.6 39.5 -14
2800 -69.3 -136.8 47.5 68.7 6.7
89.9 216.4 204.8
453.6 -74.4 14.7 -4.8 -32.4 -19.3
1798.6 202.5 -330.4 -14.2 50 -25.2
2838.6 -91.5 -97.4 23.9 77.6 7.8
92.1 237.9 221.7
448.1 -68.7 13.3 0.5 -36.3 -18.6
1815.1 190.3 -305.5 -16.6 61.9 -16.8
2853.9 -103.1 -88.9 23.5 78.2 25.8
94.6 247.4 240.1
449.5 -71.7 19.8 2.2 -42.8 -14.8
1837.6 205.1 -259.4 6.1 80.9 -8.4
2870.9 -110.7 -12.8 69.8 99.7 2.5
99.6 247.7 235.5
457.3 -83.9 32.4 -1.6 -47.1 -11.7
1864.1 195.2 -211.7 -8.6 103.8 -17.6
2902.5 -155.1 75.6 61 126.6 -25.9
104.2 245.4 219.8
462.1 -86.9 39 -4.7 -51.6 -14.4
1892.4 192.5 -171.4 -21.2 105.5 -31.6
2937.1 -196.5 149.4 35.6 161.3 -37.5
113.9 239.5 237.2
470.6 -94.4 47.8 -9.1 -57.8 -13
1914.5 152.4 -128.9 -33.2 80.2 -22.9
2992.7 -193.4 167 -19.1 115.8 -11.9
124 228.8 247.4
481.7 -106.8 57.5 -11.8 -69.7 -4.3
1968.5 128.5 -107 -81.7 32.9 -28.9
3072.7 -151.8 175.7 -98.1 33.4 -60.3
132.9 241.4 256
499.2 -132.4 74.1 -14.7 -83.6 15.3
2026.2 66.7 -66.2 -99.4 17.1 30.3
3131.4 -176.2 177.9 -134.2 10.2 -24.6
144.3 260.7 260.2
511.1 -134.4 81.8 -14.7 -98.9 17.1
2079.8 70.7 -49.1 -114.9 17.6 55.9
3226.7 -146.6 148.8 -203.9 -37.5 -8.3
147.3 278.5 271.5
518 -140.9 84.9 -12.2 -108.5 25.4
2115 78.5 -38.1 -97.9 14 91.8
3319.5 -99.5 89.7 -251.9 -70.7 45.5
148.8 299.2 287.6
522.3 -146.9 88.8 -11.3 -112.7 30.7
2152.3 62.7 -23.6 -92.9 18.1 119.8
3421.5 -91.9 104.1 -257.3 -26.8 80.5
winner is: 7
