Regression analysis information for: castilian_match_declarative-narrow-focus_Ana-lleva-el-abrigo
number of formants: 3
number of coefficients: 5
108.7 312 211.5
498.8 143.3 -43.9 41.1 86.5 33.3
1577 76.2 -153.4 23.1 -269.9 33.5
2364.3 -20.8 -173.1 -47.6 -226.8 63.9
117.3 331.4 237.2
496 112.1 -35.5 23.7 95.6 21.9
1609.3 35.7 -141.3 12.9 -277.6 -6.9
2430.7 -70.2 -192.8 -96.9 -218.6 63
118.1 356.2 316.4
481.1 70.8 -45.1 -2.7 75 -15
1625.1 -23.8 -85.6 36.1 -334.4 -86.5
2495.2 -117.2 -99.9 -42.5 -315.7 -63.4
124.8 314.1 282.1
488.8 72 -46.7 -1.8 79.2 -14.1
1735.8 -70 -196.3 61.4 -323.3 22.1
2598.6 -93.4 -202.3 -63.6 -291.8 -16.2
130.3 301 274.2
502.1 46.1 -36.3 -22.1 101.8 -5.3
1781 -131.1 -220.6 39.6 -312.5 62.1
2662 -124.9 -242.3 -98.7 -266.2 -27.3
144.2 308.8 298.7
518.5 44.6 -9.4 -30 118.7 -11
1793.4 -162.1 -201.9 55.2 -262.3 57.4
2700.5 -120.3 -193 -90.7 -218.9 -35.5
146.9 311.4 330.5
503.6 78.7 -24.1 -5.1 109.3 -2.6
1819.2 -113.8 -177.1 71.1 -253.6 66.9
2752.1 -26.7 -134.8 -40.7 -173.2 15.4
130.9 296.3 324.6
519.4 143.2 21 55.2 136.7 43.1
1864.7 -34.1 -109.1 124.5 -215.9 100.3
2831.6 142.7 -33.4 78.9 -104.2 103.4
134 283.9 344.8
525 124.5 46.3 45.7 147.1 21
1906.9 -18.9 -64 76.1 -257.8 58.9
2899.5 138.8 58.6 9.3 -92.6 21.9
146.5 251.5 327.1
552.9 73.4 97.7 3.1 176.6 -13.8
1977.9 -58.2 22.8 -6.8 -277.2 7.3
2993 100.2 170.6 -49.8 -89.2 -54.7
147.8 227.9 292.8
577.5 33 141 -30.2 191.3 -13.2
2024.3 -109.8 86.8 -41 -251.2 -37
3066.8 24 269.1 -89.6 -58.6 -96.9
148.1 223.3 289.2
581.2 18.3 147.4 -40 193.8 -13.6
2031.5 -130.7 85 -58.1 -260.2 -35.3
3086.9 -37.2 267 -103.1 -89 -82.5
146 230.1 284.3
563.8 28 118.6 -18.6 176.4 21.8
2009.8 -149.9 32.3 -63 -284.4 5.2
3096 -82.8 234.9 -82.3 -122.2 -25.7
145.7 183.3 217.8
559.5 38.4 109.7 -3.8 168.5 40.2
2050.3 -84.9 61.3 -40.9 -293 11.1
3173.9 -7.1 310.9 -19.2 -143.6 -0.8
147.9 166.5 201.3
565.3 23.4 118.5 -10.8 178.4 43.4
2077.4 -99.9 60.2 -70.2 -302.8 35.3
3232.8 -39.8 293.1 -66.9 -174.4 63.1
151.3 163.6 195.7
566.7 10 117.4 -19.5 188.1 47.1
2077.6 -127 49.4 -78.2 -279.1 62.8
3263.6 -87.8 261.7 -107.7 -165.8 91
153.8 164.3 190.5
568.5 2.9 116.3 -24.7 190.8 46.6
2082.1 -151.4 48.5 -80.5 -265.1 65.1
3296.9 -104.2 232.5 -123.7 -134.9 111.9
154.9 174.3 191.9
573.9 -17 128.3 -37 204 34.5
2106.9 -193.4 73 -103 -239.2 51.7
3329.8 -131 265.4 -118.6 -100.6 93.7
159.6 184 193.2
587.3 -43.5 141.6 -65.9 225.6 19.8
2130.9 -218.5 80.5 -124.5 -231.9 37.9
3368.1 -154 276.9 -117.7 -71.5 76.7
155.9 206 196.6
602 -91.2 183 -97.9 262 -26.6
2165 -270.1 123.2 -162.4 -214.7 -21.4
3423.3 -211.3 305.4 -156.4 -36.2 38.2
winner is: 17
