Regression analysis information for: castilian_match_interrogative-partial-wh_Por-que-hablaba-del-agua
number of formants: 3
number of coefficients: 5
89.1 268 346.4
516.4 1.4 -71.6 25.4 -58.6 77.2
1335.4 147.5 -44.9 74.2 -110.1 -138.8
2171.1 78.2 -6.8 26.8 -196.2 -98.3
92.5 267.4 339.2
524.3 3.4 -64.2 31.3 -52.3 88
1361.8 157.8 -39.9 89.9 -93.7 -120.4
2265.1 114.3 14.3 76.8 -185 -95.3
96.5 258.7 305.2
526.7 8.6 -63.8 29.2 -45.6 89.9
1398.3 161 -55.2 106.2 -118.9 -131.3
2349.9 103.7 8.5 154.2 -232.9 -86.3
103.4 197.4 259.4
536.3 13.9 -71.9 24.3 -59.9 85.8
1476.5 230.5 -83 47.9 -211.8 -205.2
2447.7 111.5 -36.1 137.3 -310.3 -98.5
111.1 187 238.5
547.3 1 -62.1 4.1 -59.9 87.9
1530.5 228.7 -130.4 1.3 -180.6 -205.7
2551.3 87.4 -121.2 60.5 -208.4 -54.5
126.1 179.7 203.1
556.6 -20.2 -48.9 -7.7 -51.8 83.6
1571.3 196.3 -173.7 25 -123.6 -242.8
2629.7 37.3 -174.5 52.3 -123.2 -57.6
135.1 175.5 208.3
563 -39.3 -35.6 -18.6 -42.2 75.7
1579.6 172.1 -171.9 51.2 -92.6 -295.2
2633.8 -3.6 -155.6 85.8 -76 -139
137.1 172 197.6
562.2 -44.6 -30.7 -20.2 -38.9 72.5
1585 180.7 -172.5 41.9 -95.5 -298.8
2641.8 -11.7 -140.6 76.6 -75.7 -157.8
138.2 173.6 196
565 -39.1 -17.7 -11.7 -31.1 76.5
1597.2 181.8 -168.1 28.7 -96 -292
2689.5 -64.8 -131.7 101.2 -79.2 -183.8
136.4 177.7 185.3
564.9 -43.3 -11.6 -11.5 -26.9 75.4
1627.1 206.2 -148.7 14.6 -90.9 -290.1
2752.7 -78.2 -127.8 36 -65.6 -156.3
132.8 178.9 206.4
564.4 -41.7 -8.5 -3.9 -26.7 82.2
1634.6 214.9 -142 17.7 -92.9 -283.6
2789.8 -85.7 -91 42.3 -61 -142.2
133.9 189.3 245.6
560.8 -23.9 -10.8 9.9 -27.3 85.3
1654.2 241.2 -107.6 22.7 -88.3 -293.5
2808.1 -48.3 -62.2 68.1 -54.6 -143.1
141.9 181.6 258.7
567.2 7.8 -3.8 24.1 -39.3 73.6
1672.9 303.1 -81.2 37.2 -100.4 -316.1
2839 3.4 -23 80.6 -70.4 -166
154.2 194.1 266.4
578.8 21.2 16.1 35.1 -38.7 71.8
1699.4 323.4 -33.1 54.8 -101.3 -312.3
2873.3 20 29.8 91.5 -81.2 -152.6
164.9 230.7 278.6
599 0.4 41.7 35.5 -40.9 85.7
1767.1 266.8 54.5 62 -112.6 -253.3
2952.7 -28.3 137.2 104.1 -76.1 -104.9
172.5 229.3 276.8
613.2 -5 58.1 38.7 -36.9 93
1797.5 255.6 86.5 63.8 -97.7 -243.6
3023.9 -37 209.3 96.5 -65.9 -123.4
178.3 221.7 271.6
618.2 -7.6 59.1 45.4 -30.6 101.2
1826.7 251.8 111.3 95 -65.7 -205.7
3082.5 -47 264 119.5 -20.9 -108.4
187.7 224.8 275.9
628.5 -11.4 56.2 47.4 -42.7 97.1
1852.4 227.8 86 84.8 -68 -217.7
3143.8 -103.2 270.7 101.9 -19.5 -137.4
202.7 233.4 293.2
640.2 -22.4 59.8 36.7 -38.5 79.8
1893.4 213.8 52.6 81 -25.9 -251.9
3219.8 -119.5 238.8 120 31.1 -163.6
228.6 248.4 322.2
670.3 3.3 82.3 62.5 -28.3 73.1
1949 240.4 53.2 115 24 -263.7
3324.2 -63 232 145.8 57.6 -194.1
winner is: 10
