Regression analysis information for: castilian_match_interrogative-total-yn_Mariano-habla-del-tiempo
number of formants: 3
number of coefficients: 5
91.2 337.2 281.9
435.5 52.1 -13.9 -24.1 7.8 -11.9
1448.5 131 10.6 249.8 -258 -69.8
2253.5 -22 90 190.9 -50 -138.9
91.2 335.7 306
435 50.2 -14.3 -21.8 13.9 -13.2
1486.4 126.7 -18.3 314.3 -211.2 -123.1
2363.3 -53.8 64.8 271.8 -58.3 -212.5
91.1 333.8 319
433.7 47.5 -9.8 -19.2 14.6 -13.2
1487.6 126.6 -45.7 295 -116.1 -110.3
2440.6 -60.6 94.6 306.3 25.3 -226.1
105 299.5 325.8
447 56.7 -17 -29.3 13.5 -15.1
1565 192.7 -52.9 278 -104.3 -107.8
2546 -17.7 88 239.5 50.5 -213.6
115.2 240.2 285.8
459.3 64.8 -18.3 -34.5 7 -17.7
1668.3 214.7 -93 312.7 -142.8 -139.9
2652.7 -5 42.2 206.8 42.3 -229.5
119.3 222.3 260.2
471 71.2 -24.8 -39.6 11.4 -10.7
1722.6 220.9 -94.7 359.8 -135.9 -147.3
2720.4 -5.9 14.8 205.7 48.3 -239.6
118.1 218.9 232.3
469.9 67.1 -25.9 -37.3 13.6 -11.4
1747.5 213.8 -100.7 372 -138.7 -165.3
2782 1 -7.3 187.6 6.3 -288.9
122.9 215.9 224.3
476.9 78.9 -27.9 -52.4 9.2 0.5
1763.8 217.3 -104.4 361.1 -153.9 -163.1
2817.3 22.3 -16.4 149.3 -28.1 -302.4
121.1 213.5 208.4
485.5 88.8 -43.7 -87.9 -4.7 14.9
1777.3 219.7 -108.6 346.3 -170.8 -153.6
2849.3 32.5 -22.3 122.6 -55.3 -318.5
125.1 219.3 210.9
488 92.4 -35.3 -87.5 -5.6 24.1
1785.8 219.8 -96.3 346.1 -177.2 -134.4
2871.4 36.2 3.1 108 -74.7 -306
126.2 232.4 232.9
486 80.7 -37.6 -100.8 -15.9 21.8
1807 210.1 -87.2 318.8 -192.2 -122.3
2908.5 29.8 0.2 41.9 -111.4 -300.8
136.4 274.8 279.4
484.4 45.7 -16.4 -81.7 -14.4 17.2
1838.5 129.6 -45.5 295.2 -172.9 -150.1
2915 -65.7 33.2 37.7 -107.9 -329.6
141.3 300.6 311.5
487.4 26.5 -0.7 -74.5 4.5 9.4
1885.6 29.3 20.3 253.2 -113.6 -181.5
2967.2 -153.1 62.9 18.3 -70.2 -293.7
157.9 299.2 304.5
509.5 24.1 2.8 -99.9 4.1 31.3
1931.3 0.8 53 253.3 -106.6 -148.7
3039.7 -183.5 60.7 -67.6 -59.4 -234.6
165.5 285.8 290.6
520 28.9 0.9 -103.3 8.2 28.1
1981.7 -37.4 82.5 252.8 -121.2 -120.7
3120.1 -174.7 84.3 -99.8 -54.5 -191.4
184.2 272 284.5
535.8 9 -3.6 -92.1 -4.5 28.5
2031.7 -78.7 118.5 256 -135.7 -95.2
3212.3 -146 134.1 -82.4 -47.9 -128.6
207.1 260.9 284
549.7 -3.9 -7.9 -75.2 -7 16.8
2090.4 -153.6 168.5 250.1 -117 -129.4
3288.5 -197.3 147.3 -43.8 -59.7 -138.9
213.8 259 285.3
553.5 -5.5 -4.3 -50.9 -4.3 18.8
2114.5 -182 193 261.2 -111.4 -153.9
3337.4 -201.5 170.4 -3.7 -68.8 -137.9
223.8 268.3 294.9
562.8 -30.6 14.4 -42.9 -11 35.8
2147.3 -225.6 226.4 270.6 -110.8 -160.5
3393.7 -237.7 191.7 14.5 -80.1 -128.6
236.8 282.9 307.8
566.7 -56.6 20.8 -11 -13.9 21.9
2180.8 -269.6 245.1 282.6 -102.6 -187.6
3454.2 -273.2 193 38.9 -77.7 -130
winner is: 9
