Regression analysis information for: castilian_match_interrogative-total-yn_Marta-abre-el-regalo
number of formants: 3
number of coefficients: 5
124.2 238.8 290.4
566.8 54.2 4 7.3 -114.7 34.5
1424.4 11.2 -254.1 226.1 131.9 -20.7
2141.9 52.2 -206.1 194.9 166 -102.1
119.5 238.4 339.2
570.4 40 17.1 9.2 -110.6 32.3
1461.2 -49.3 -191.5 256.7 130.2 -0.5
2232.3 21.9 -97.5 209.6 200.6 -92
118.2 215 362
571.4 44 32.7 20.5 -100.8 24.7
1510.3 -21.9 -175 289.2 134.3 10.7
2328.7 36 -36.9 215.2 201.3 -64.1
127.8 200.3 351.4
578.4 43.7 38.4 20.1 -99.7 27.7
1554.2 -17 -176.4 279.4 124.1 52.5
2446.8 3.9 -21.6 188.2 163.3 -15.8
130.5 199 319.3
588.7 56 52.3 20.1 -105.6 15.5
1590.3 10.1 -155.9 271.4 99.9 52.1
2555.5 -26.4 28.9 185.8 98.2 11.6
134.6 175.2 276.8
594.8 62.4 47.3 4.3 -115.9 13.2
1637.8 56.8 -180.9 203.8 59.7 68.4
2663.3 25.4 -30.5 64.6 18.8 80.9
118.8 137.1 185.3
619 93.4 35.1 -45.5 -159.4 -0.2
1685.5 120.7 -192.8 131.1 -14.3 34.7
2761.7 133.5 -63.9 -64.3 -109.1 4.6
112 131.8 160.7
625.4 102.2 33.1 -62.7 -173.1 -7.6
1696.2 135.9 -201.5 104.9 -41.4 6.5
2789 169.2 -54.6 -110.2 -134.3 -45.2
112.5 135.3 162.6
622.7 98.8 34.6 -65.9 -172.2 -9.2
1697.3 132.6 -200.6 103.2 -38.9 6
2799.8 147.4 -17.5 -118.5 -140.5 -40.7
111.9 139 158.8
619.3 94.1 34.4 -66.9 -170.9 -8.6
1695.9 120.8 -203.8 107 -30.7 15.2
2838.6 103.8 35.2 -135.8 -130.5 -37.6
115.8 144.6 170
617.3 85.5 27.3 -63.9 -167.6 -11.1
1696.2 114.5 -211.7 114.5 -28.5 16.5
2872.2 102.1 37.3 -120.9 -133.9 -43.7
113.9 151.2 168.4
613.3 80.2 25.8 -63 -166.9 -11.4
1691 113.2 -223.1 123.5 -31.9 16.5
2885.6 88.1 31.7 -129.4 -120.6 -62.9
119.8 159.4 164.3
614.3 71.2 23.5 -50 -155 -16.9
1698.1 120.4 -216 141.5 -22.5 15.2
2916.8 39 46.9 -160.4 -89.8 -99.6
123.7 171.9 152.7
619.6 70.1 29 -49.6 -150.5 -22
1718.5 137 -194.5 155.5 -15.6 -0.4
2953.8 19.2 67.5 -181.5 -73.6 -129
118.5 176 151.6
618.4 67.2 42 -52.4 -153.6 -28.6
1736.1 147.4 -174.2 149.2 -14.5 -19.9
2995.8 11.1 95.8 -197 -65.1 -148.3
130 198.3 170.3
628.4 63.5 43.8 -33.7 -134.4 -27.1
1766.8 138.5 -145.8 153.9 6.3 -36.8
3054.6 36.3 135.9 -170.3 -35.8 -147.6
127 204 167.4
626.4 72.4 54.3 -26.4 -136.3 -14.8
1782.6 157.1 -126.6 168 11.8 -30.8
3090.8 55.1 172 -150.1 -17.3 -129.6
126.8 213.4 177.2
626.2 77.8 72.7 -33.7 -144.4 -3.2
1797.1 162.5 -112.8 165.9 10.5 -34.8
3123.3 75.5 199.6 -124 -12.3 -109.5
153.9 243 213.3
655.5 64.4 65.1 -19.7 -136.1 -47.3
1835 145.2 -91.1 152.6 30.2 -82.1
3187.4 65.3 221.8 -101.6 3.2 -137.1
194.1 273.7 266
688.1 62.8 22.7 8.8 -127.7 -57.6
1872.6 139.7 -109.6 167.9 42.7 -80.8
3257.8 72.1 194.3 -70.9 8.1 -137.6
winner is: 8
