Regression analysis information for: castilian_match_declarative-broad-focus_Manuela-vende-el-carro
number of formants: 3
number of coefficients: 5
124.9 218.4 278.9
520.8 -14 -15.4 23.9 -119.4 62.7
1655.3 121.2 -209.9 11.3 -38.5 -44.9
2312.7 85.9 -202.4 -53.3 1.8 -117.3
135.8 231.1 270.3
525.7 -40.1 4 -3.6 -101.8 41.6
1686.4 128.6 -225.3 -34.9 29 -54.8
2392.4 154.9 -189 -91.8 53.3 -138.5
123.8 298.5 279.1
510.3 -42.2 -8.5 14 -129.4 51.2
1645.2 72.6 -150.9 6 -66.1 -95.9
2445.6 139.5 -254.1 -101.8 19 -129.9
128.8 314.3 288.1
507.7 -48.1 4.3 24.4 -116.4 49.1
1655.7 41.9 -101.4 34.8 -66.7 -54.1
2481.2 113.8 -240.6 -79.1 30.2 -99.3
150 234.4 241.7
526.6 -44 28.8 2.1 -92.7 47.4
1762.9 55.9 -171.4 -8.4 9.7 16.4
2585.9 60.9 -246.4 -96.3 11.9 -20.1
179.9 198 241
553.4 -82.5 73.2 -41.2 -49.5 13.2
1814.2 41.2 -196.9 -41.5 72.8 -12.9
2666 2.2 -182.1 -141 38.9 -61.2
183.3 171.6 229.7
551.6 -75.8 84.9 -42 -34.6 24.2
1844 43.6 -181.3 -28.9 77.6 -29.8
2710.2 30.9 -156.3 -121.9 30.5 -80.1
176.1 169.7 235.8
541.1 -58.6 75.4 -20.4 -44.2 42.8
1852 47.5 -194 -24.5 97.2 -31.1
2716.3 37.7 -168.2 -85.9 60.7 -60.8
179.3 167.4 240.8
554.3 -93.7 113.8 -44.2 -18.3 19.7
1872 6.3 -159 -46.3 130.1 -45.1
2742.7 -11 -104.1 -77.4 120 -72.6
178.5 155.4 217.4
572.8 -128.3 154.9 -69.5 11.5 -5.9
1900.3 -13.4 -122.6 -61.6 160.8 -62.2
2813.2 15 -27.3 -104.2 129 -117.9
176.1 150.2 215.3
579.6 -117.3 160.5 -37.6 2.7 10.3
1916.4 5.8 -121.9 -37.5 160.1 -50.7
2858.5 21.6 11.2 -77.6 133.4 -110.8
171.2 153.1 213.9
576.2 -106.5 152.3 -15.6 -16.5 31.3
1930.7 15.7 -125.4 -15.6 156.3 -47.7
2893.2 23.8 11.8 -32.2 108.8 -105.2
174.7 164.5 231.7
582.5 -116.3 156.5 -7.5 -23.2 35.9
1950.8 11.6 -116.1 -5.6 154.8 -46.1
2956.3 49.9 51.8 42.7 114.6 -91.2
187.7 183.4 246.9
599.2 -138.3 183.8 -17.6 2.4 12
1976 -4.2 -76.5 -37.9 178.1 -66.8
2997.3 8 91.4 3.3 134 -120.1
198.6 202.6 270.5
617.4 -169.5 201.8 -20.4 -1 16
1984.2 -31.4 -28.2 -45.6 148.2 -67
3048.3 -28.6 110.5 -0.2 121.5 -110.3
206.9 217.2 292.2
625.7 -193.2 215.7 -32.8 2.5 15.4
1991.2 -63.3 20.8 -62.8 142.3 -83.2
3075.9 -79.7 114.4 -19.3 114 -113.5
221 222.6 314.6
643.2 -232.5 247.6 -62.6 30 -12.3
2020.3 -129.3 66.1 -94.5 171.2 -113.4
3130.5 -153.1 165.3 -51.1 154.9 -127.4
227.3 232 319.6
653.7 -245.9 252.8 -64.5 12.4 -12.8
2050 -164.7 88.1 -100.7 179.2 -133.5
3167.8 -217.1 186.6 -39.6 134.4 -147
232.6 240.9 325.6
655.6 -245.9 254.4 -67.1 3.9 -3.5
2087.1 -182.1 83.7 -105.1 191.9 -142.8
3230.4 -234.2 207.8 -12.4 136.6 -137.1
239 249.1 324.8
680 -270.6 284.9 -78.1 15.9 -12.5
2152.3 -208.6 69.9 -109.3 231.8 -155.3
3323 -278.7 245.3 -15.6 186.2 -155.8
winner is: 12
