Regression analysis information for: castilian_mismatch_declarative-narrow-focus_El-bebe-comia-muy-bien
number of formants: 3
number of coefficients: 5
54.5 358 218.8
414.8 73.9 -1.7 12.9 -1.1 -1.4
1598.7 177.6 305.8 -25.2 25.1 -102.6
2361.5 99.1 162.8 38.9 -94.2 -23.1
51.9 364.8 220.2
411.9 77.5 -0.8 10.7 -7.4 3.1
1638.8 147.6 319.7 28.4 -67.6 -99.2
2447.8 112.1 124.5 51.1 -71.9 -27.6
45.8 367 225.4
411.4 84.2 -12 2.5 -9.1 15.7
1662.7 148.7 294.5 58.9 -149.3 -83.7
2481.5 116.4 99.5 45.3 -100.1 23.5
49 351.2 222
416.6 83.1 -26.4 3 -2.8 15.7
1760 161.2 195.6 53.8 -162.8 -65.2
2526 154.9 39 61.9 -81.8 28.2
55 278.6 210
424.8 78.3 -37.1 4 1.6 15.5
1920.7 132.4 -6.3 89.7 -26.5 -62.4
2599.4 177.6 -46.3 137.6 -26.9 28.2
60.7 191.7 201.9
428.9 69.5 -37.9 3.9 0.3 19.2
2004.2 10.3 45.2 100.7 -99 59.4
2672.4 98.9 2.4 129.2 -72.9 109.8
62 197.3 207
424.7 58.5 -36 0.6 -5.4 20.9
2011.7 -7.8 47.8 87.6 -104.2 62.3
2704.2 83.9 45 99.7 -59.9 116.9
59.5 195.9 205.7
418.7 52.1 -31.2 1.2 -7.8 23.1
2033.9 -11.4 43.5 98.1 -91.8 47.5
2758.9 31.8 96.4 64.5 -23.5 78.1
56.3 206 209.3
411.7 48.9 -25.7 2.1 -9 22
2040.9 -20.9 58.4 104.6 -91.3 42.3
2807.3 -0.1 112.8 30.6 10.4 53.6
53.4 216.7 228.3
406 47.8 -22 2.3 -10.4 19.8
2045.8 -30.8 59.7 108 -83.4 40.4
2839.8 -13 113.5 8.3 37.9 58.5
51.2 217.5 244.6
401 47.8 -21.5 2.5 -10.8 16
2042.4 -26.9 64.2 98.5 -77.4 38
2841.6 -5.8 100 -12.9 69.5 63.8
50.1 212.1 263.6
397.7 48.8 -23.1 2.2 -10.4 13
2037.1 -33.8 74 106.8 -92.3 31.1
2839.1 -25.9 82.4 -17.2 83.3 85.6
51.3 212.2 272.8
397.2 52.4 -28.8 0.1 -9.3 11.8
2045.9 -36.4 68.4 112.1 -110.8 23
2859.6 -17.2 69.3 -9.3 87.4 69
57.3 201.5 278.3
401.1 56.4 -38.8 -4.8 -6.2 16
2076.3 -35.8 30.3 105.2 -111.5 40.2
2912.7 -15.5 8.5 -17.8 84.8 71.3
57.9 189.8 279.4
401.5 59.4 -40.9 -7.9 -8.5 21.1
2100.2 -26.8 5.6 84.1 -124.7 61.9
2978.1 -4 -24.6 -43.9 18.6 119.5
65.7 189.7 278.6
409.4 59.5 -46.3 -18.3 -4 23.6
2111 -23.6 12.7 68.2 -149.5 51.8
3028.2 9.3 -23 -50.5 -19.6 93.1
71.2 195.5 293.4
409.6 48.3 -32.5 -16.4 4.9 5.3
2134 -34.4 -2.1 67.6 -112.9 34.3
3120.2 43.6 -43.9 -66.7 -12.5 60.5
102.6 222.8 326.2
432.3 19.4 -7.3 -57.9 37.8 -19.6
2165.5 -46.8 13.6 7 -94.2 47.6
3214.1 43.8 -21.2 -119.5 -25.9 4.1
146 242.8 372.5
463.3 2.9 2.9 -116.2 59.7 -23.8
2227 -46.7 -13.9 -69.1 -86.4 81.5
3331.1 22.5 -29.5 -132.3 -37.2 -28.9
162.3 248.2 385.3
474.7 -21.5 29.4 -139.1 78.2 -44.6
2249.9 -76.9 6.7 -69.7 -68.4 57.9
3397.8 -28.3 11.9 -87.7 -45.9 -46
winner is: 6
