Regression analysis information for: castilian_match_declarative-narrow-focus_Emilio-ama-la-marcha
number of formants: 3
number of coefficients: 5
163 270.2 256.1
536.7 -10.1 -94.7 22.5 -10.6 36.2
1611.7 342.4 157.6 -27.7 -58.8 -39.8
2306.4 341.6 205 -62 -12.4 -38.6
177.2 273.1 297.6
551.5 -42.1 -69.8 -6.2 11.8 20.4
1648.7 322.9 180.8 -61 -13 -67.5
2438.3 302.7 200.1 -107 54.6 -79
167.2 306.2 356.2
560.1 -88.5 -42.4 -1.6 30.9 9.2
1672.5 250.8 227 -0.3 29.2 -61.2
2532.2 200.2 175.4 -56.7 150.3 -55.3
174.2 281.6 351.6
578 -108.7 -28.8 -28.8 43.8 -1.5
1736 225.3 231.6 -46.9 -4.5 -35.7
2650.5 148.7 165.9 -98.6 72.5 -28.7
178.2 222.4 301.7
601.9 -120.9 -21.7 -61.2 50.2 -4.7
1823.1 242.9 230 -50.3 -80.7 -59.6
2768.8 85.9 149 -104.9 -8.3 -12
179.5 202.6 287.7
606.7 -135.9 -14.4 -51.5 45.9 -7.3
1857.1 262.3 241.8 -13.1 -101.7 -100.1
2818 55.1 142.8 -73.7 -19.3 -23.1
182.6 190 264.1
602.5 -144.3 2.1 -63.8 59.2 -27.7
1881.2 271.6 270.8 -0.9 -117.2 -143.8
2856.3 25.1 163.7 -44.4 -29.8 -85.9
170.9 189.5 239.1
622 -193.4 44.2 -108.2 102.4 -61
1901.8 244.6 302.3 -41.4 -92.6 -172.3
2888.7 -15.5 208.5 -89.7 0.8 -155.3
168.8 185.8 226
626.1 -207.9 50.1 -115.7 114.4 -60.9
1924 244 284.6 -48.5 -86.1 -154.8
2923.9 -49.4 208.6 -114.2 30.8 -151.2
167.7 192.1 225
625.8 -214 52.5 -117.6 121.4 -62.1
1930.2 245 274.4 -52.5 -83.7 -141.2
2959.5 -61.9 188.9 -129.2 39.5 -155.3
173.5 199.7 232.8
627.1 -220.1 53.8 -111.2 107.9 -42.7
1944.8 243.6 269.4 -49.3 -99.2 -118.7
3001.4 -92.6 174.4 -127.8 8.6 -114.4
177.9 205.7 237.5
628.1 -223.2 59.2 -119.4 106 -39.9
1956.3 238.7 278.4 -48.1 -91.4 -107
3035.3 -130 174.7 -152.5 19.8 -85
184.6 213.8 240.2
631.8 -230.7 65.2 -118.9 92 -25.2
1974.6 249 290.2 -45.8 -112.7 -93.8
3065.8 -121.8 171.4 -168.5 -3.8 -68
191.2 228.8 250.5
634.9 -243.4 77 -117.1 80 -16
1996.2 239.6 316.7 -42.6 -140.2 -85.8
3103.5 -135.5 217.3 -191.8 -58.8 -57.2
200.1 221 269
638.8 -251.7 81.6 -115.9 69.2 -5.1
1986.6 190.7 306 -44.4 -142.3 -48.7
3136 -157.8 223.4 -224.1 -112.5 -28
203.1 232 278.8
654.2 -284.3 106.4 -113.3 47.3 12.8
1987.7 141.6 350.4 -23 -176.2 -50.3
3146.5 -190.5 287.2 -203.8 -154.6 -25
205.6 240.4 273.4
658.1 -301.8 120.7 -110.2 55.2 8
2009.6 149.6 382.6 -15.4 -180.1 -61.1
3143.6 -209.2 314.2 -163.4 -146.7 -36.8
218 264.8 310.1
676.9 -327.9 130.3 -111 54.9 10.1
2075.5 140.4 414.5 -36.1 -161.7 -74
3228.4 -255 325.9 -180.5 -132 -35.4
225.1 286.1 345.7
695.6 -355.9 143.8 -115.9 58.3 16
2142.6 126.2 457.5 -51.9 -142.6 -83
3339.9 -311.5 344.2 -176.1 -132.2 -51.9
239.7 273 392.8
717.7 -370.2 141.4 -137.8 72.8 18.9
2232.4 40.5 550.7 -147.6 -41.2 -158.1
3527.7 -348.3 377.3 -274.1 -41.6 -112
winner is: 9
