Regression analysis information for: castilian_match_interrogative-total-yn_Ana-lleva-el-abrigo
number of formants: 3
number of coefficients: 5
74.8 327.4 296.2
458.3 48.1 -50.4 34 93.5 28.6
1422.8 -135.8 -169.1 234.8 -224.9 187.1
2226.5 -54.4 -97.1 81.9 -219.4 35.6
73.4 324.5 342
458.6 46 -52.2 32.5 93.3 28.9
1483.2 -114.3 -171.6 220.9 -284.5 209.4
2299.8 -22.7 -125.7 63.3 -294.8 59.5
74.8 311.1 359.4
458.5 36.8 -50.1 27.2 93.6 37.3
1553.5 -118.7 -200.5 215.2 -263.1 227.7
2394.6 -65 -115.4 33.4 -293.9 119.8
80 299.3 313.4
461.9 24 -54.4 21.6 94.7 37.1
1583.2 -148.2 -248.9 202.9 -237.9 217.4
2473 -106.6 -189.7 -1.2 -249.1 110.3
98.3 289.8 315.9
483.5 50.1 -22.1 37.2 107.8 46.6
1670.1 -61.4 -219.9 179.3 -257.9 225.4
2621.3 -36.6 -141.2 16.9 -174.6 124.9
104.2 266 298.8
497.8 62.4 1.6 49.7 125.1 59.3
1687.6 -56.3 -198.2 211.9 -214.7 252.6
2677.5 -27.8 -71.5 53.7 -98.1 152.2
113.1 257.8 281.8
510.7 80.6 22.8 51 119.2 46.2
1724.4 -14.1 -167.5 209.3 -225.4 246.8
2746.8 23.9 -4 57.1 -85.2 149.2
114.4 252 282.1
514.1 89.9 32 50.4 112.2 35
1758.1 29.6 -139.2 196.6 -264.8 198.8
2792.2 51.1 38.4 45.7 -100.2 104.7
112.7 250.1 274.7
512.3 90.9 34.3 50 111.8 32.7
1774.7 50.6 -126.6 188.7 -283.2 183.8
2829 69.2 79.8 42 -94.3 92.3
110 239.8 264.6
509.5 93.8 32.2 50.5 110.3 29.1
1806.9 88.6 -118.4 145.9 -344.7 125.9
2879.5 112.1 113 26.1 -142.6 57.1
96.8 223.4 261.1
497.9 113.8 16.3 60.1 107.1 21.3
1810.1 152.8 -142.6 136.9 -391.2 78.6
2894.2 157.8 109.5 29.5 -171.4 35.6
97.2 222.4 261.5
494.5 105 11.7 54.7 103 18.4
1827.3 167.5 -131.6 123 -419.9 53
2933.4 150.2 156 27.3 -183.5 32.1
104.8 225.1 253.4
501.2 88.1 22.8 46.9 104.7 22.7
1862.9 156.4 -101.3 94.1 -448.6 34.5
2992.8 100.2 213.1 -28.4 -222 -2.9
112.7 237.9 255
507.5 70.2 33.6 38.3 113.5 23.3
1887.6 103.1 -76.9 66.5 -432 34.4
3037.6 -1.3 249.1 -95.6 -221.5 -30.7
121.1 227.2 251.1
516.5 43.6 47.7 23.5 125.3 20.2
1904.3 62.2 -71.7 63.8 -418.8 60.9
3077 -69.2 276.3 -106.2 -191.5 -0.3
134.1 210.8 252.9
525.7 25.3 38.2 37.7 119.2 14.7
1933.3 28.2 -71.7 75.6 -428.9 78.8
3120 -85.6 284.3 -60.3 -172.2 20.9
165.2 208.3 264.6
556.7 11 10.2 43.8 111.5 22.9
1974.9 16.6 -82.9 76.5 -437.6 66.3
3187.1 -99.7 269.4 -47.4 -157.7 40.4
195.5 198.8 252.5
589.7 -9.2 -22.8 60.7 106.8 28.5
2027 -28.2 -91.1 98.3 -429.1 34.5
3332.1 -109 169.9 7.9 -143 -17.8
208 210.3 265.5
605.7 -25.2 -29.2 70.6 102.6 38.5
2060.4 -41.9 -88.2 90.3 -431 44.3
3408.9 -101.4 137 -15 -121.8 38.8
214.7 224.7 254.5
609.4 -16.2 -48.5 71.5 98.1 62.3
2073.6 -5.9 -124.6 93.8 -468.2 68.5
3461.7 -77.1 86 -41.1 -115.8 95.1
winner is: 12
