Regression analysis information for: castilian_mismatch_declarative-broad-focus_El-hombre-mira-la-luna
number of formants: 3
number of coefficients: 5
118.9 225.6 234.6
478.1 -4.7 0.3 15 79.4 -38.9
1719.5 159.2 -131 -59.4 168.8 185.5
2471 206.7 -209.9 70.9 157.4 132.8
118.2 215 204.4
477.5 -1.7 -3.5 16.9 84.2 -48.7
1760.9 155.1 -138.8 -53.3 193.2 161.9
2586.4 205.3 -222 59.7 151.8 125.3
106.1 203.6 190.4
472.7 8.3 -12.8 20.8 85.1 -59.2
1776.3 208 -182 -52.3 198.3 129
2636.2 243 -262 60.8 169.9 55.8
108.6 195.6 198.5
477.3 -3.7 -4.2 8.7 94.4 -65.2
1787 217.9 -178.6 -71.5 199.9 125.5
2651.4 247 -240.3 37.2 182.2 34.7
126 205.7 248.2
499.2 -55.6 39.2 -33.4 128 -88.8
1806.2 176.1 -145.7 -97.3 226.1 123.2
2682.8 163.7 -168.6 -19.1 254.1 20
127.4 204.7 254.3
497.2 -65.8 47.1 -39.8 132.1 -93.5
1833.3 146.6 -124.4 -113.4 221.4 134.1
2728.8 142.4 -119 -71.3 265.5 -15.2
128.5 205 248.1
489.4 -62.7 46.4 -35.3 122.4 -84.7
1841.9 145.1 -125 -110.1 207.6 150.7
2738 124.5 -109.7 -92.8 241 9
128.5 202.1 240.4
496.6 -87.6 74.1 -54.7 136.3 -101.1
1860.7 125.3 -105.1 -124.5 212.4 152.7
2796.3 51.7 -35 -118.3 242.5 54.9
118.7 201.3 221.7
520.5 -141.2 126.7 -96.5 172.2 -135.2
1877.7 107.1 -86.6 -130 216.2 151.8
2854 -19.7 11.8 -129.6 278.8 23.2
111.1 198.6 208.9
523 -151.4 136.5 -98.5 173.5 -139.6
1892.2 93.6 -78.8 -122.5 202.2 162.3
2886.1 -71.1 40.1 -132.1 269.8 17.5
104.3 199.6 177.3
532.7 -176.3 161.5 -115 187.1 -155
1903.2 65.9 -67.2 -115.1 199.9 175.3
2931.6 -138.6 72.8 -139.9 276.6 4.7
99.6 204.4 165.5
542.6 -198.7 183.1 -127.9 196 -163.6
1925.4 30 -41.5 -111.2 187.9 180.5
2960.9 -176.4 96.4 -145 282.4 -4.1
99.9 207.8 172.7
536.4 -187.5 172.9 -112.3 180.2 -154
1934 20.4 -35.5 -100.4 177.5 183.8
2972.1 -183.2 106.1 -141.4 283.4 -10.9
102.8 195.5 169.4
533.4 -179.5 166.2 -101.5 167.1 -141.4
1953.3 -5.8 -30.3 -63.2 124.4 211.5
2987.2 -200.3 120.7 -121.9 262.6 -0.1
105.1 195.3 160.6
534.4 -176.3 168.6 -102.4 167 -146.1
1969.8 8.8 -15.6 -55.4 104.1 197.8
2991.5 -184.1 135.7 -118.5 256.6 -26.3
105.1 191.8 167
532.2 -163.9 165.1 -98.6 164.5 -150.6
1988.1 31.8 -12.6 -51.2 80.1 188.8
3003.8 -170.3 142.3 -121.3 246.9 -40.3
105.8 188.6 189.5
532.6 -159.5 167 -102 170.4 -162.4
2004.9 49.9 -11.5 -63.4 74.5 171.2
3031.3 -158.1 144.1 -136.7 244.9 -33.6
108.4 200.4 210.7
537.7 -166.3 175.9 -111.2 180.2 -174.2
2012.7 61.2 -12.9 -96.8 89.2 152.7
3051.9 -164.1 151.3 -160.1 254.4 -38.6
112 216.1 252
531.4 -152.6 167.4 -107.6 180.6 -176.5
2031.4 103.8 -8.5 -127.8 92 129.3
3107.5 -123.7 182 -178.3 217.3 -75.1
121.5 245.8 293.3
536.6 -161.6 176 -116.6 189.6 -185.4
2070.5 100.2 18.9 -161.1 107.3 110.6
3157.1 -110.3 212.2 -227.4 221.4 -109.2
winner is: 15
