Regression analysis information for: castilian_match_interrogative-partial-wh_Por-que-iba-a-Bolivia
number of formants: 3
number of coefficients: 5
85.8 352.6 269.7
445.6 57 -36.2 -9.1 73.8 19.3
1493 6.9 181.6 18.7 -464.4 46.3
2254.4 -20.4 142.8 12.7 -433.4 41.6
90.8 378.2 312.7
452.2 51.3 -34.6 -6.7 80.6 16.2
1531.6 7.1 164.2 31.5 -418.9 12.5
2415.6 -32.1 61 93.1 -363.7 -34.8
88.8 360.2 306.7
457.4 52.8 -35.3 -11.8 82.7 20.1
1518.6 -31.7 173.4 83.1 -375 27.8
2438.8 -51 46.1 137.1 -314.6 -39.3
94.1 328.6 310.8
457.9 46.5 -17.4 -13.8 72.5 18
1595.6 -39.7 191.6 70.3 -502.3 31.6
2484.7 -57.6 72.7 125 -369 -51.5
101.4 269.7 280.8
474.3 44.4 -39 -34.2 90.1 37.8
1735.1 -2.3 99 -25.2 -585.7 87.4
2619.6 -17.7 -30.7 53.4 -348.5 -6.2
103.5 221.1 213.9
487.3 45.4 -64.2 -53.3 107.1 58.6
1803.4 -22.5 37.5 -39.1 -567.3 131.4
2703.9 -11.8 -134.4 14.6 -273.3 65.9
104.1 206.6 200.5
487.5 43.8 -63.5 -56.8 107 58
1827 -43.6 49.4 -51.7 -575.9 131
2729.8 -35.5 -111.1 -6.5 -277.4 57.2
106.5 201 193.8
488.1 41.3 -60.6 -59.1 108.7 56.3
1842.5 -59 70.6 -68.7 -574.6 124.3
2770.3 -72.2 -60.3 -42.5 -255.1 39.9
107.6 204.4 195.3
485.6 40.4 -58.4 -58.3 110.9 52.8
1854.4 -67.4 79.4 -84.9 -583 113.2
2794.8 -93.1 -50 -77.4 -252.3 19.1
107 207.3 199.9
483.2 41.3 -55.7 -56.9 110.6 49.4
1862.7 -61.2 94.9 -95.1 -579.2 101.6
2801.7 -100.2 -43.1 -98 -236.8 9.1
105.8 206.1 202
481.4 42.3 -51.5 -54.2 109.7 45.9
1868.6 -55.1 109.6 -97 -574 94.6
2825 -114.9 -6.8 -109.5 -201.7 -1.3
106 203.3 217.4
482.6 54.1 -36.4 -41.6 108.7 40.2
1874.4 -37.6 131.7 -81.7 -576.2 85.1
2850.6 -72 27.3 -80.1 -195.7 2.7
108.3 204.6 238.9
490.5 74.9 -19.7 -26.4 108.8 27.7
1888.3 -16.6 166.1 -62.7 -581.4 65.4
2877.2 -34.6 89.6 -35.3 -203 -30.1
104.7 226.1 269.7
492.4 78.6 -22.4 -20.4 108 11.9
1929.4 -11.4 168.2 -40.1 -549.2 17.2
2932.6 -43.7 111.4 -9.2 -169.1 -101.1
108.6 253.2 285.9
501.5 92.7 -16.1 -4.7 123.7 15.7
2004.5 -23 114.4 6.1 -477 -49.6
3011 -84.9 166.2 1.1 -86.7 -166.4
112.7 256.5 283.7
509.3 102 -19.6 -3.2 122.6 3.4
2041.6 -13.9 99.7 31.4 -467 -81.2
3063.3 -42.4 182.6 38.1 -82.1 -233.5
120.3 260.2 282.2
518.8 116.2 -13.9 5 127.5 0.1
2095.5 -12.5 31.8 77.8 -420.7 -134.5
3143.4 -14.7 151 87.4 -44 -282.1
134.6 273.3 306.7
527.9 124.9 -10.4 8.4 135 4.3
2138.7 -2.6 19.7 83.4 -403.2 -111.1
3226.5 -41.6 134.6 108.2 -30.5 -236.8
142.2 270.8 336.8
529.5 112.3 -26.5 -9.9 130.2 0.6
2164.3 -40.4 1.1 34.6 -426.9 -82.3
3327.9 -139.6 138.7 94.5 -87.4 -166.1
148.4 287 331.9
537.9 115.7 -29.9 -13.9 140.8 14.6
2200.3 -54.2 -19.9 22.3 -412.4 -68.2
3469.5 -151.2 29.4 33.7 -38.7 -41.6
winner is: 8
