Regression analysis information for: castilian_mismatch_interrogative-total-yn_La-maestra-vive-en-Paris
number of formants: 3
number of coefficients: 5
99.3 356 274.5
465.1 43.3 16.8 9.6 -18.3 -56.5
1635.3 -58.9 -56.2 34.7 127.7 -108.5
2326.8 -56.9 -0.2 18.3 41.6 12
97.6 409.1 339.5
464.5 31.1 22 -12.2 -19.2 -57.6
1674.7 -81.2 20.5 -36.9 34.7 -19
2450.3 -10 53.3 7.9 39.3 7.7
92.5 414.6 359
459.4 22.6 17.2 -27.2 -22.1 -53.1
1686.1 -146.1 63.8 -61.5 -22.9 55.7
2502.5 -96.3 85.2 -30.7 -35.1 71.4
113.1 385.5 360.9
477.5 34.8 34 -22.8 -4.6 -55.2
1740.4 -96.7 9.1 21.5 67.2 -8.7
2586.1 -58.2 105.1 23.4 26.6 58.5
128.5 306.2 310.3
496.1 50.3 21.9 -16.1 -4.9 -47.5
1867 -68.7 -38 53.2 13.2 -51.3
2724 -9.5 39.7 18.9 -12.7 26.6
147.5 255.3 255
517.6 37.9 22.9 -22.2 -6.4 -55.6
1951.1 -72.6 -26.7 30.6 -57.3 -66.2
2819.9 1.7 36.4 -14.1 -69 15.7
166.8 260 249.6
530.9 6.4 65.2 -74.7 28.4 -79.6
1973.2 -150.3 -4.3 -30 -68.9 -85.3
2853.7 -81.2 69.3 -108.9 -61.1 -16.7
160.9 250 247.9
519.3 17.1 59.2 -66.2 18.5 -66.7
2006.6 -176.6 10.8 -55.2 -80 -33.5
2893.6 -97.6 47.4 -155 -62.1 23.8
195.2 270.4 282.5
540.8 -45.9 122.1 -126.6 62.7 -94.1
2041.4 -193.4 81.8 -79.2 -44 -34.4
2966.2 -96 107.3 -204.1 4.4 71.3
208.5 267 296.5
575.6 -131.2 198.9 -199 123.8 -138.4
2077.7 -233.7 143.2 -128.5 -0.4 -56.1
3036.3 -102.8 198.3 -243.9 80.3 89.6
215.8 265.2 309.6
586 -139.8 225.6 -195 141.6 -138.4
2085.6 -225.9 165 -106.4 -0.5 -49.7
3054 -107.8 224 -238 84.3 94.5
222.1 258.3 314.9
599.9 -158.9 237.2 -184.4 150.1 -150.1
2111.2 -232.7 155.8 -118.1 24.2 -39.5
3098.8 -118.9 196 -245.7 109.2 92.6
227.8 251.9 292.4
610.4 -174.6 249.2 -187.5 158 -167.4
2138.7 -242.8 163.6 -120.2 34.7 -63.2
3169 -110.9 200.7 -253.4 143.8 40.7
222.5 253.3 287.7
620.8 -178.1 285.9 -207.3 190.6 -175.2
2166 -250.5 187.3 -127.5 55.4 -73.8
3249.3 -116.5 238.1 -272.9 221.6 -5.5
237.9 266.8 284.9
637.2 -191.5 292.6 -212.1 193.4 -190.7
2193.3 -254.3 183.9 -144.2 47.4 -92.9
3317 -120.8 229 -278.4 241.6 -58.2
271.7 295.4 337
663.1 -172.4 265.2 -284.6 122.7 -224
2225.8 -242.3 156.6 -207.6 -9.4 -127.6
3383.4 -105.7 180.7 -364.9 177.9 -99.5
302.1 322.1 374.7
690.7 -154.6 251.4 -333.5 70.8 -245.6
2258.4 -237.4 144.5 -250.1 -48.5 -153.2
3449.5 -102.2 150.5 -439.5 138.8 -119.1
327.7 340.4 397.9
712.5 -127.4 231.6 -363 20.1 -251.7
2289 -229.5 138.4 -276.6 -85 -163
3511 -90.7 132.3 -469 103.3 -141.2
369.8 359.5 417.7
752.5 -100.4 226.6 -356.9 11.9 -242.4
2331.4 -235.7 141.1 -266.8 -87.6 -145.8
3574.6 -90 148.9 -452.6 84.5 -157.1
391.6 373.3 437.9
767.8 -77.1 209.9 -366.6 -43 -233.4
2375.8 -249.5 152.1 -300.9 -120.9 -132.5
3635.3 -121.8 174.1 -473.4 15.8 -186.9
winner is: 6
