Regression analysis information for: chilean_mismatch_interrogative-total-yn_La-maestra-vive-en-Paris
number of formants: 3
number of coefficients: 5
116.5 257.2 256.2
516.8 102.5 29.3 3 -18.1 27.3
1723.5 -77 59 -229.7 -54.3 103.7
2313.1 -169.2 -64.7 -145.3 20.2 230.9
112 203.5 252.2
513.1 97.7 22.9 7.4 -16.9 25.3
1782.1 -158.6 67.3 -169.5 -42.4 204.2
2390.4 -129 -46 -101.8 27.4 209.8
112.8 191.7 255.2
512.5 103.7 22.6 17.5 -9.4 18.7
1812.9 -201.6 50.9 -110.2 -8.3 201.5
2429.2 -140.5 -34.5 -75 52.4 218.8
116.2 205.9 258
509.5 109.6 26.4 19.1 -5.6 9.5
1820.8 -202 59.3 -92.8 -11.4 174.2
2447.4 -142.9 -13.9 -63.7 48.9 213.7
119.8 224.2 291.1
506.7 125 37.8 19.6 -5.3 11.1
1825.1 -186.1 70.5 -118.7 -43.5 154.6
2462.7 -119.9 -2.1 -117.1 15.8 193.7
145.8 196.5 267.5
525.1 104 62.9 1.6 4.2 -15.8
1905.1 -199.3 82.9 -120 -65.9 114
2575.9 -54.1 70.3 -140.8 4.2 103.5
215.4 192.2 221.1
564.3 23.6 136.3 -75.6 75.7 -90.4
1943.3 -222.1 106 -163.1 -42.4 61.5
2660.1 -44.1 97.6 -202.4 29.2 15.2
237.2 210.1 203
592.7 -29.4 180.6 -113.4 118.3 -142.2
1934.6 -202.4 98.2 -157.1 -48.2 68.2
2685.2 -51.7 96.1 -218.3 51.2 3.5
242.6 227.7 214.7
600 -51 197.8 -128.9 132.3 -152.4
1925.3 -186.1 84.7 -160.4 -28.3 43.7
2711.7 -87.1 114.8 -240 49.8 35.1
248.5 224.3 217.2
609.4 -73.7 217.6 -138.1 148.3 -164.3
1932.6 -202 84.3 -171.5 -18 17
2753.3 -142.5 137.4 -254.2 43.2 30.7
249.5 221.8 204.6
616 -82.1 231.2 -134.3 158 -161.6
1954.8 -222.7 107.9 -172.2 -6.3 19.5
2801.6 -171.2 119.9 -195.6 -4.8 49
254.3 209.5 241.2
616.9 -92.8 241.2 -134.8 165.5 -157.1
2026.2 -341.3 183.7 -170.7 -54.3 83.3
2864.4 -258.1 172.4 -177.9 -52.9 96.7
265.7 197.4 246.6
617 -67.9 227.9 -129.6 139.5 -151.6
2030.8 -349.5 208.2 -204.6 -25.2 29.4
2938.7 -396.4 291.3 -287 33 -49.1
267 194.8 266.3
623.6 -79.3 240 -166.5 145.1 -162.8
2032.1 -350.2 205.8 -219 -36.2 21.7
2963 -431.6 298.6 -313.3 6.5 -51.2
284.6 201.6 299
660.5 -86.4 259.8 -229.1 123.8 -217.2
2065.7 -349 212.8 -239.5 -52.8 2.5
3039.2 -425.3 329.9 -342.7 -1.4 -86.3
294.3 209.7 321.7
677.1 -97.4 260.6 -242.5 114.8 -229
2090.7 -351.5 204.3 -235.1 -54.6 11.7
3082.5 -459.4 307.2 -348.2 -8.2 -106.2
304.4 213.6 344.3
687.1 -85.4 262.1 -241.7 109.5 -227.9
2121.9 -356.8 210 -228.1 -49.7 39.4
3140.2 -442.7 299.9 -346.8 6.9 -103.1
311.4 227.4 383.9
699 -78.6 273.4 -247.7 109.9 -229.5
2158.6 -379.1 222.7 -229.1 -51.9 64.8
3215.9 -438.6 264.1 -335.6 18.1 -70.6
320 238.8 415.4
706.2 -68.9 272.5 -256.6 105.3 -228.1
2188.2 -377.2 226.3 -240.4 -50.1 80.3
3309.3 -451.8 270.8 -323.9 -20.4 11.5
348.6 259.8 417.5
740.1 -46.4 249.5 -314.2 67.7 -221.1
2227.8 -363 196.6 -290.8 -77 79.9
3393.6 -456 258.3 -391.8 -51.7 22.5
winner is: 3
