Regression analysis information for: chilean_mismatch_interrogative-partial-wh_Por-que-vivia-en-Paris
number of formants: 3
number of coefficients: 5
85.4 445.4 257.8
461.5 -22.4 39.9 -0.4 78.2 -64.6
1584.4 -98.9 37 -173.4 -26.1 -66.5
2435.2 -31.1 54.6 -10.1 -266.2 21.8
85.3 353.8 224.8
464.8 -26.9 35.7 -2.8 75 -55.9
1705 -82.3 -15.4 -182.8 -130.3 -51.3
2530.5 -0.8 44.3 76.5 -246.6 -6.3
85 307 171.7
468.8 -27 30.7 -6.4 79.8 -58.7
1812.7 -51 -111.2 -215.9 -132.9 -67
2636.6 -19.5 -56.2 84.3 -152.8 20.2
86.5 300.5 153.3
471.4 -29.1 25.7 -10.7 86.7 -62
1868.7 -78.2 -153 -215 -171.7 -28.6
2687.3 -82.7 -111.7 46.2 -125.4 32.2
92.3 304.7 190.9
467 -32.9 30.1 -9.7 88.9 -67.6
1928 -127 -133.9 -190 -312.6 56.5
2727.3 -101.7 -74.7 9.3 -189.2 85.9
100.2 264.6 176.9
484.4 -66.9 49.5 -15.2 84.6 -48.7
1980.7 -238.3 -103.4 -49.5 -396.4 54.7
2793.9 -132.8 -63.1 34.8 -172.8 103.3
106.8 262.4 184.5
484.6 -77 59.2 -17.5 85.3 -46.8
1997.3 -254.4 -122.2 -63.4 -391 90
2855.1 -135.5 -25.9 68.2 -178 125
113.6 244.1 200.9
485.6 -83.2 71.7 -20.6 84 -49.6
2044.5 -246.7 -121.7 -47.3 -436.1 85.5
2886.2 -161 -26.1 78.4 -211.1 128.7
128.6 239.6 230
490.4 -96.2 84.6 -23 79.6 -40
2066.7 -266.7 -115.4 -52.1 -475.7 116.3
2907.3 -185.6 -22.2 77.9 -255 148.3
159.5 242 247
512.2 -136.5 120.9 -42.9 87.4 -30.2
2101.6 -265.9 -141.4 -73.1 -463.6 154.6
2957.1 -197.7 -54.2 57.9 -235.7 189.7
165.6 251.4 259.2
515.9 -145.3 135.3 -53.7 98 -32.7
2094.9 -267 -136.8 -70.5 -451.7 152.8
2971.4 -205.9 -46.9 46.6 -233.9 208.8
202.7 267.8 281.2
537.2 -184.5 168.7 -71.2 100.6 -11.5
2111.6 -321.3 -98.8 -68.2 -422.4 164
3009.3 -259.4 -9.9 13.7 -211.5 232.2
217 280 331.6
546.2 -202.4 182.7 -77.2 95.8 7.2
2119.8 -383.6 -58 -52.2 -391.8 192.5
3064.1 -363.4 59.4 -0.8 -191.8 289.6
234.9 284.2 362.6
576.4 -260.7 232.9 -116.2 118.4 -0.5
2155 -428.7 -20.2 -80.1 -378.3 188.1
3127.1 -475.3 132.3 -18.6 -167.7 294.8
235.5 286.4 389.9
591.8 -290.6 263.6 -146.8 144.5 -22.6
2186.1 -441.9 4.7 -114.4 -372.5 166.4
3185.8 -554.5 192.8 -60.7 -134.6 271.9
226.6 280.2 424.7
618.6 -333.8 295 -179.8 182 -53.3
2232.6 -455.2 15.8 -160.1 -368.1 137.6
3276.2 -627.4 246.4 -147.5 -103.3 224.6
220.4 262.1 462.1
635.4 -360.9 316.6 -197.4 196.6 -60
2283.2 -439.8 32.6 -216.1 -398.2 105.1
3337.1 -632.1 273.9 -222.4 -101.2 183
192.8 249.2 436.5
659.7 -392.2 346.1 -226.3 238 -98.8
2324.7 -426.1 42.5 -246.9 -378.4 66.7
3419.5 -614.8 305 -375.6 -56.5 114.2
177.8 239 377.5
679.5 -414.1 379.2 -251.1 269.5 -130.5
2350.1 -420 56.1 -279.3 -378.7 40.5
3522.9 -539 339 -559.6 -136.5 46
190 246.5 372.7
702.9 -420.8 393.7 -244.5 305.1 -131.2
2388.5 -396.9 51.3 -258.5 -353.3 40.3
3638.9 -513.7 345.1 -534.8 -177.2 29.1
winner is: 4
