Regression analysis information for: chilean_mismatch_interrogative-total-yn_Mi-madre-come-la-fruta
number of formants: 3
number of coefficients: 5
117 260.4 296.3
515.4 -26.3 -41.7 -51 -21.3 -80.4
1481.9 127.1 3.9 101.5 65.3 -60.7
2106.1 110.3 -13.3 103.9 76.6 104.1
113.9 237.5 288.2
522.2 -31.1 -41.6 -59 -14.3 -81.7
1539.1 134.8 -12.7 81.4 80.2 -28.7
2190.8 115.9 -66.6 107.9 67.6 161.7
120.4 238.8 302.7
539.8 -52.5 -26.8 -74.6 -5.6 -88.3
1577.8 137.7 4.1 65.9 87.8 -23
2260.8 63.7 -50.6 97.3 89.1 158.5
128.9 217.8 284.7
555.7 -62.9 -14.3 -80 -3.3 -94.1
1613.6 87.1 31.4 39.8 84.5 -8.9
2332.4 -22.2 -34.9 61.2 103.4 176.4
140.1 205.3 279.8
564.6 -57.6 -12.5 -73.9 -9 -105.7
1651 88.9 67 34.9 52.6 -17.4
2414.3 -21.5 16 59.3 59.4 143.9
147.8 206.2 235.1
568.1 -54.5 -3.8 -70.4 -12.7 -114.3
1669.8 111.3 97.4 39.5 27.5 -24.6
2524.4 69.9 113.6 36.3 -56.5 76.6
148.7 211.5 229.5
559.8 -45.4 4.8 -73.9 -19.9 -107
1669.8 105.2 111.5 40.7 10.2 -33
2562.9 43.7 190.2 39.9 -105.6 99.8
157.1 216.9 229.8
555.2 -36.4 -7.2 -60.7 -30.8 -105.8
1675.9 106.4 118.4 46.9 7.2 -34.9
2599.9 12.7 219.4 60 -114.5 90.8
163.3 220.6 226.2
560.6 -36.4 -29.1 -35.7 -36.1 -119.7
1689.5 127.5 119.3 78.2 10.2 -27.7
2649.2 18.6 171 161.9 -148.2 92.7
179.6 210.4 193.8
575.9 -51.7 -60.3 -0.5 -38.3 -146.6
1710.8 117.6 96.3 93.6 24.3 -45.8
2718.4 -36.5 124.8 203 -102.1 29.5
184.5 209 175.6
582.8 -65 -68.4 4.5 -33.1 -155.4
1730.3 116.8 99.2 93.8 31.2 -40.7
2789 -112.7 173.4 169.9 -25.2 -28.9
187 208.7 171.3
584.9 -70.9 -78.9 11.5 -29.1 -162.5
1739.6 120.1 102.9 102.6 34.2 -34.9
2822.3 -124.5 175.8 169.7 1.1 -49.4
182 215.1 192.9
585.7 -71 -60.2 -5.6 -8.9 -153.5
1751.4 121.5 116.5 97.3 49.6 -30.2
2863.6 -134.6 192 143.9 36.7 -56.1
174.2 214.4 226.3
574.8 -61.6 -53.9 -20.9 -7.5 -135.4
1755.3 130 108.4 92.4 48.8 -16.7
2886.9 -130.4 183.4 134 57 -34.3
171.4 212.3 245.1
563.3 -50.8 -57.6 -21.3 -21.1 -111.1
1752.7 120.6 84.2 92.1 37.9 -6
2892.7 -96.8 99.9 161.8 36.3 35.4
169.4 208.1 237.7
558.5 -40.1 -76.5 -42.4 -36.6 -81.4
1738.2 82.9 22.4 35.9 14.9 0.4
2881.6 -89.9 -10.4 48.2 -30.9 161.7
187.1 200.6 256.8
578.3 -45.9 -80.2 -40.6 -21.3 -75.1
1766.2 76 -19.6 10.6 7.2 33.2
2943.2 -90.1 -51.3 -1.9 -9.1 209.8
221.2 231.4 297.3
609.5 -71.7 -101.2 -18.6 -22.9 -93.6
1821 80.4 -43.4 32.6 15.9 51.3
3045.8 -105.9 -106.6 -31.5 -34.8 177.2
257.1 279.3 415.2
654.1 -100.5 -149 27.9 -6 -163.8
1876.2 90.1 -39.1 103.6 48.5 12.8
3225.2 -54.3 -77.1 58.4 71.2 82.2
261.9 307.6 446.8
669.1 -117.1 -139 25.9 -2.6 -189.2
1912 75.3 6.3 115.6 74.1 -13.5
3328.1 -38.1 19.9 39.8 112 14.4
winner is: 12
