Regression analysis information for: chilean_match_declarative-narrow-focus_Maria-bebe-el-vino
number of formants: 3
number of coefficients: 5
46.4 222.6 291.4
373 75.5 -62.6 -49.3 18.8 19.7
1447.7 -51.2 -42.1 102.9 -53.4 -219.4
2329.9 -170.6 133.1 222.3 -293.7 -153.6
50.7 258.3 270.8
377.1 82.7 -56.9 -44.5 28 28.4
1484.6 -64.4 -25.1 114.7 -3.5 -173.3
2382.5 -241.3 179.6 229.4 -300 -141.4
62 302.7 261.6
391.1 107.8 -41.4 -30.7 47.4 50.2
1518.8 2.7 5.5 178.6 63.1 -138.3
2448.5 -212.7 274.4 298.3 -248.4 -115.2
65.4 316.7 249
399.3 116.2 -47.5 -36.6 50.1 58
1704.8 -75.3 -139.5 137.1 -16.8 104.2
2690.5 -112.7 4.8 112.7 -170.5 95.9
72.6 337.4 220.9
408.3 130.2 -41.5 -31.2 59.3 71.6
1751.1 -117.6 -150.9 122.8 -102 175.8
2762.4 -102.4 22.3 43 -196.4 73.1
73.3 375.7 255.1
408.4 131.7 -40.7 -31.3 56.6 70.8
1902.8 -2.1 -47.8 95.3 -279.6 82.6
2849.9 -11.6 61.9 58.2 -271.2 9.4
72.3 345.8 211.6
405.6 132.1 -36.1 -27.8 53.6 66.7
1983.3 73.5 11.5 79 -357.1 -4.4
2938.4 -10.8 166.2 42.8 -230.4 -45
73.9 334.1 172.6
405.5 129.4 -26.6 -27.5 58.8 60.8
2018.9 94.5 54.5 109.1 -336.1 -6.7
2987.8 14.8 231.9 69.7 -198.1 -57.8
73.4 331.9 166.6
403.4 130.4 -24.3 -25.1 60.1 59.9
2045.5 70.2 80 114.6 -342.5 1.6
3011.1 5.5 264.6 78.9 -190.2 -61.2
73.2 342.7 171.3
401.7 131.6 -24.5 -23.7 60.9 59.7
2057.6 61.5 89.8 116.8 -340 0.6
3021.4 -7.9 277.8 76.5 -190.2 -65.7
73.1 350.8 186.3
400.7 130.9 -25 -25 61.7 59.6
2077.9 37.9 98.7 116.7 -344.4 0.7
3045.1 -26.5 297.9 74.3 -192.4 -53.8
71.4 353.6 203.4
395.8 127.3 -31.5 -32.2 58.6 55.3
2086.4 19.5 94.6 105.6 -354.8 -7.2
3069.9 -53.3 311.9 57.2 -207 -50.2
94.5 356.1 238.4
415.6 106.2 -35.4 -4 42.3 53
2133.9 -27.5 110.8 132.5 -370.9 3.1
3119.6 -89.6 332.1 69.3 -223.2 -41.7
124.6 354.4 255.8
431.1 86.6 -50.1 27.4 12.8 54.1
2151.4 -34.5 86.7 166.4 -396.5 -4.2
3162.4 -116.4 322.2 104.6 -245.3 -35.4
179.9 348.1 278.9
466.6 37.8 -63.7 77.7 -39 56
2178.3 -59.9 67.2 200.3 -419.8 -27.5
3207 -165.2 301.5 136.9 -273.3 -41.6
209.6 351.8 303.6
487.6 14.2 -41.8 75.8 -23.9 43.9
2215 -109.1 107.3 184.4 -393.4 -42.4
3236.2 -178.6 321.1 122.1 -231.7 -79.5
216.4 344.5 312.6
491.9 4.4 -40.7 75.3 -26.6 42.4
2232.8 -133.8 118.6 186.6 -396.2 -38.1
3253.7 -183.5 325.2 107.9 -226.9 -80
228.6 332.6 328.3
499.1 -6.9 -46.2 85 -31.7 33.7
2266.5 -173.7 130.9 201.3 -403.4 -39
3304.4 -238.5 334.2 109.6 -258.3 -50.8
254.2 331 352.6
517 -28.2 -28.7 78.5 -24.4 13.2
2315 -226 160.6 186.2 -377.8 -77
3400.6 -349.5 362.8 122.9 -315.7 -0.6
266.2 330.5 375.7
525.3 -20.6 -27.5 92.1 -31.1 2.6
2362.9 -227.9 151.9 198.2 -378.7 -105.2
3469.8 -345.5 343.4 138.2 -336.9 16
winner is: 1
