Regression analysis information for: chilean_match_interrogative-total-yn_Maria-bebe-el-vino
number of formants: 3
number of coefficients: 5
77.5 342.6 289.4
422.2 65.9 12 -66.6 -1.9 40.2
1509.4 308.2 -197.5 51.4 -139.9 -152.8
2152.2 153.8 -158.6 261.5 -105 -261.8
78.5 329.6 303.1
423.2 50.1 13.9 -76.8 4.3 34.9
1560.8 281.3 -225.3 110.7 -117.2 -185.3
2206.9 93 -123.7 266.9 -61 -268.4
83.2 327.9 302.2
437.4 29 37.4 -92.6 21.4 20.5
1653.9 252.6 -259 114.1 -83.8 -256.9
2318.2 -12.6 -84 209.1 31.1 -309
93.2 312.9 306.3
453.2 47 57.4 -80.6 40.6 38.1
1689.6 290.1 -254.4 120.6 -70 -217.8
2391.5 46.2 -96.1 180.6 61.9 -203.7
95 292.5 322
458.9 49.6 61.8 -78.8 41.3 45.2
1746.3 273.3 -247.6 171.5 -156.1 -200.4
2465.6 63.4 -118.8 186.1 31.8 -126.2
93.9 258.3 323.3
460 52.2 72.6 -72.2 37.1 52.7
1810.9 234.7 -216.4 219.7 -286.3 -126.9
2508.8 -15.5 -40.8 278 -120.9 -126.1
92 265 299.4
459.7 52.1 74.4 -69.5 32.6 58.7
1830.6 265 -198.8 211.3 -284.6 -151.3
2562.3 14.4 -12.9 263.2 -133.7 -143.3
91.5 252.6 261.1
454.9 63.5 66.7 -65.4 28.7 61.5
1870.5 289.9 -181.1 262 -298.7 -175
2647.1 78.4 -2.7 207.7 -164.5 -130.5
91.1 255.4 188.1
453.5 65 61.2 -65.6 21.6 68.6
1885.8 304.9 -162.6 273.1 -307.2 -175
2743.1 72.7 32.1 173.3 -196 -53.7
93.1 271 191.9
453.5 58.8 60.4 -73.7 20.5 68.3
1886 299.9 -144.7 261.6 -312.5 -166
2801 22.8 99 148.6 -194.9 -69.8
93.7 281.9 205.5
450.6 55.8 59.1 -80 19.6 67.1
1888.7 296.3 -133.5 259.1 -322.6 -153.8
2828.5 14.7 115.8 160 -220.2 -76.1
93.3 282.6 230
443.7 60.8 52.2 -80.5 18.2 65.4
1890.9 297.3 -148.5 268.6 -333.2 -151.5
2843.5 18.4 104.5 181.1 -256.2 -76.1
91 305.7 227.3
440.8 59.3 53.4 -87.1 24.3 55.1
1859.6 323.8 -130.6 190.9 -228.1 -193.7
2835.4 20.4 149.2 118.9 -194.2 -76.1
87 305.2 232.5
434.7 65.3 45.6 -86.3 24.8 49.6
1868 312.8 -155.8 204 -224.2 -213.2
2838.1 21.5 134.2 122.1 -180 -93.7
86.1 304 237.2
433.3 61.5 43.5 -90 25.1 45.6
1891.7 295.5 -183.9 224.1 -205.5 -258.1
2849.9 4.5 71 155.8 -137.9 -146.6
84.8 326.1 270.1
437.7 48.6 52.6 -103.3 35.6 33.3
1922.2 237.2 -163.2 205.5 -172.6 -286.1
2888.6 -80 90.8 144.4 -118.5 -183.3
86.3 329.2 319.5
436.7 49 52.1 -104 33.6 32.7
1946.6 240.2 -158.6 210.4 -170.4 -310.6
2948.6 -77.1 98.3 163.2 -145.4 -260.9
93.1 341.6 343.3
448.3 28.9 70.7 -116.3 37.9 35.6
1982.9 197.3 -135.9 195.3 -157 -318
3009.9 -85.2 131.4 161.7 -159.5 -300.6
105.9 315.2 333.1
458.9 19.6 69.8 -123.3 52.2 30.4
2009.8 200.4 -187.8 246.4 -160.6 -339.7
3082.3 -92 109.9 197.6 -146.3 -359.9
135.6 321 331.6
480 19.3 84.6 -87.6 60.9 23.7
2048.8 191.1 -181.6 275.6 -163.4 -339
3172.2 -96.4 127.1 212.5 -109.1 -374.9
winner is: 9
