Regression analysis information for: chilean_mismatch_interrogative-partial-wh_Por-que-odiaba-la-lluvia
number of formants: 3
number of coefficients: 5
81.4 368 314.8
491.6 22.4 -13.3 -45.2 61 -27.5
1661.6 -88.3 -147.7 24.1 -125.3 -107.6
2336.8 -56.6 -96.6 92 -103.3 -185.2
80.5 354.3 314.9
497.2 17 -1.7 -50 62.8 -31.6
1713.4 -109.4 -136.3 72.6 -179.9 -146.3
2393.7 -57.5 -84.3 110.3 -106.3 -171.3
77.2 303.5 292.1
504.2 12.2 6.4 -64.3 61.2 -37.2
1738.7 -119.1 -76 99.3 -252.4 -227.1
2478.2 -45 -24 108.7 -147.7 -126.7
67.6 306.3 266.4
510.4 4.5 18 -77.2 72 -39.6
1804.3 -118.9 -100.4 44.4 -205.2 -178
2608.7 -43 -33.7 14.9 -129.5 -11.1
67.7 347 321.2
504.4 9.5 14.9 -78.6 74.7 -39.5
1794.6 -71.3 -143.4 25.5 -182.9 -174.2
2603.6 -80.2 -44.7 -7.4 -170.8 -37.4
67.8 343.6 316.1
503.1 10.5 14.3 -75.9 77 -37.6
1798.1 -38.8 -150 41 -172.8 -194.1
2640.2 -40.6 -74 8.8 -124.5 -30.4
67.8 341.6 284.2
500.8 6.5 17.9 -71.8 81.9 -34.7
1808.6 -28.4 -109.9 16.1 -172.9 -174.7
2684.1 -24.2 -68 9.2 -76.1 -5.5
75.1 342 243.5
502.7 12.9 22.8 -66.9 79 -37.2
1828.6 -54.3 -107.9 9.1 -177.2 -189.7
2716.1 -95 -99 -23.3 -56.8 -7
84.5 349.4 214.3
501.8 29 23.1 -57.1 73.1 -38.2
1842.8 -60.3 -99.2 8 -182.6 -196.2
2749.7 -127.9 -87.4 -35 -47.1 13.4
93.2 352.5 184.5
494.2 51.7 12.9 -40 62.1 -27
1887.8 -100.4 -100.9 48.4 -198.4 -192.8
2802.9 -135.3 -64 21 -42.6 33.5
95.3 338.2 173.7
491.2 62 6 -31.8 57.3 -23.7
1912.7 -89.3 -105.3 81.6 -212.1 -210.1
2829 -123.9 -55.6 54.6 -43.6 28.5
93.9 338.1 163.2
488.4 66.4 3.9 -30.2 58 -20.7
1920.6 -76.2 -105.1 97.9 -215.9 -223.2
2837.3 -86.6 -53.1 87.2 -52 47.5
93.4 345.1 166.4
486.4 69.4 2 -31.9 58.2 -21.2
1926.2 -65.9 -116.1 93 -220.3 -240.5
2849.1 -68.9 -62.4 71.9 -74.1 44.9
94.5 347.9 166.5
488.5 75.7 2.2 -35.3 55.5 -23.6
1942.1 -39 -110.4 103.2 -209 -247.8
2864.9 -32.1 -53.9 81.7 -73.6 50.7
101.4 352.2 182.5
494.4 84.5 -1 -46.4 45.8 -27
1957.8 -21.3 -128.1 68.1 -230.9 -259.3
2906.4 11.7 -50.4 21.7 -110.2 16.4
101.3 349.4 187
490.8 82.1 2.6 -36.7 52.7 -27.9
1955.7 -24.2 -122.1 79.6 -218.8 -272.1
2921.2 18.3 -27 26.3 -109 -30.5
104.4 346 205.5
497.2 84 -1.6 -52.7 48.1 -27.4
1982.3 -1.7 -137.4 25.1 -241.7 -273.8
2982.1 81.1 -33.2 -78.2 -171.9 -68.1
119.4 334.7 225.8
510.8 81.1 12.9 -68.1 52.9 -40.5
2020.9 14 -139.9 -29.2 -259.9 -270.3
3086.4 167.7 -36 -229.4 -280.9 -117.1
140.6 344 244.4
542.3 38.9 61.1 -110.8 83.2 -67.2
2055.9 -23.6 -121.2 -75.9 -243.5 -277.2
3169.6 153.9 6.1 -331.4 -301.3 -162.3
144.1 349.7 245.4
557.5 15 83.6 -135.1 103.7 -84.8
2088.9 -53.4 -104.3 -98.8 -233.3 -287.4
3227.7 135.5 21.1 -369.1 -318.2 -190.6
winner is: 12
