Regression analysis information for: chilean_match_interrogative-total-yn_Daniel-iba-a-Bolivia
number of formants: 3
number of coefficients: 5
102.2 281.5 237
450.8 -15.9 24.3 -80.4 52.8 38.3
1654.5 20.5 0.9 161.1 -431 -33.1
2223.8 55.6 62.3 206.6 -344.2 -167.8
101.9 321.9 250.9
453.4 -35.6 39.9 -89.6 69.3 29.2
1621.5 -75.4 83.6 247.5 -285.7 -18.6
2208.5 3 137.1 258.9 -298.9 -219.4
97.9 321.6 284
456.7 -51.7 47.9 -100.8 79.3 29
1673.2 -64.6 106 167.5 -315 -14.7
2229.1 15.9 162.8 235.7 -269.1 -198.3
95.9 318.8 311.3
459.6 -55.9 45.4 -107.2 86.4 27.9
1703 -76.9 86.1 144.7 -332.3 -2.1
2260.4 24.9 139 213.2 -235.8 -167
90.7 321.4 358.2
467.8 -65.7 51.3 -120.8 98.9 21.6
1742.9 -83 74.2 106.9 -324.6 -57.8
2339.1 4.4 83.3 119 -195.1 -98.1
88.9 332.7 363.7
473.8 -68.7 53.9 -128.9 106.2 17.8
1762.4 -4.6 16.8 90.4 -286.8 -179.2
2423.4 49 45 80.2 -169.7 -30.5
90.9 317.6 247.8
478.6 -67.2 51.7 -130.6 111.4 20.3
1764.9 31.4 -17.8 74.9 -239.9 -262.9
2511.7 100.9 -85.3 33.9 -105.4 -2
92.9 224.5 215.1
480.8 -67 53.2 -129.1 111.1 20
1900.6 79.4 100.9 133.2 -342.5 -277.3
2611.9 146.3 -6.5 91.2 -131.6 -13.7
93.8 195 154.9
480.5 -60 53.1 -122.4 109.4 22.1
1964.4 40.2 152 173.1 -389.8 -210
2698.7 118 72.7 121.2 -113.4 30.6
95.5 197.5 139.1
480.7 -47.2 59.2 -110.4 112.4 28.9
1972.8 44.1 169.1 180.2 -395.9 -194.7
2735.9 112.8 118.5 129.9 -93.2 31.1
95.6 195.9 132.2
477.2 -44.1 58.9 -107.8 110.1 27
1977.4 48.4 186.4 178.9 -405.6 -183.8
2759.7 127.9 162.3 142.4 -80.9 41.5
97.4 200.4 162.4
473.4 -31.2 58.5 -96.9 109.2 29.5
1957.6 77.3 186.6 185.4 -425.5 -152.4
2767.2 119.1 192.3 144.4 -63.3 40.2
102.2 201.2 147.5
466 -22.9 50 -90.6 98 36.2
1939.6 105.8 177.1 208.9 -436.3 -131.7
2749.3 159.4 169.3 187 -93.4 67
117.6 201.3 200.1
488.5 -46 69.8 -75.5 87.9 48.8
1973 42.5 201.9 208.5 -412.2 -168.2
2815 67.2 268.6 141.1 -34.4 4
121.7 207.3 232
487.7 -74.7 57.7 -81.5 65.5 48.5
2002.7 17.1 191.4 225.7 -418.8 -195.4
2858.2 -3.5 256.8 151.7 -41 -43.6
125.6 224.5 268.9
486.9 -80.6 58.2 -86.3 67.1 49.3
2035.4 19.9 179.5 244.9 -414.5 -202.8
2916 -63.8 252.8 176.3 -1.2 -79.1
142.8 252.3 318.4
510.7 -85.5 42.8 -83.1 82 75.9
2085.6 29.3 134 243.2 -400.5 -188
3027.4 -103.6 220 199.8 31.8 -115.7
180.1 276.5 349.8
544.4 -91 16.2 -60.3 128.1 54.6
2110 17.9 104.4 239.5 -389.2 -192.2
3139 -101.7 149.7 175.2 2.5 -192.5
187.7 259.9 344.7
558.6 -101.9 -12.7 -58.9 140.1 50.7
2158.6 8.8 30.7 257.8 -336.8 -209.9
3247.1 -88.2 81.8 176.1 -7.1 -242.7
188.5 251.6 342.8
561.6 -100 -9.5 -60.1 148 62.2
2175.6 12.8 5 247.5 -323.8 -203.3
3307 -70.4 56.3 137.8 -20.2 -238.7
winner is: 11
