Regression analysis information for: chilean_match_interrogative-partial-wh_Cuando-lleva-el-abrigo
number of formants: 3
number of coefficients: 5
84 256.5 313.7
477.4 21.8 11.1 -10.1 82 47.4
1540.6 -1.4 -393.7 104 -222.8 63.2
2149.7 -119.7 -180.9 92.3 -254.6 -53
83.9 305.4 335.5
474.8 23 18.1 -12.6 87.9 50.7
1539.1 -4 -372.6 110.3 -246.4 91.7
2187.7 -72.6 -135.1 88.5 -266.5 -44.9
80.9 311.4 346.3
480.8 15.1 31.2 -20.6 101 46.5
1584.4 -14.4 -346 123.9 -264.3 92.7
2303 -25.7 -64.7 50.2 -268.1 4.2
80 318.1 317.6
483.8 14.5 35.2 -24.6 108.3 46.2
1574.9 27.6 -307.1 111.3 -181.3 106.6
2370.7 16.6 -9.8 4 -212.9 102.1
76.4 296.6 337.6
485.1 7.4 41.3 -31.6 112.6 39.7
1596.9 -22.3 -332.4 170.3 -165.5 106.9
2415 -1.8 -61.5 -26.9 -164.3 124.4
71.1 279.8 306.4
484 -0.2 37.7 -33.5 117.7 38.6
1632.6 -42.9 -336.4 233.9 -197.6 86.2
2443.2 -36.2 -98.5 -44 -195.7 73.3
72.8 251.3 281.6
488.9 1.2 39.9 -37.8 116.3 33.3
1711.3 26.5 -363.8 170.8 -313.4 17.7
2562.9 -21.5 -135.7 -44.8 -205.2 -3.5
74.9 244.8 214.5
491.5 6.4 41.7 -38.4 119.3 32.8
1772.7 81 -379 105.3 -390.5 -11
2700.7 -40.1 -90 -20 -200.7 -7.5
78.6 247.3 215.9
488.9 15.8 38.2 -35.1 120.2 34.7
1783 89.2 -389.1 96.5 -399.5 -20.6
2741 -69.9 -103.3 -16.7 -202.5 -12.3
81.1 246 207
481.3 25.3 29.8 -27.3 116.9 42.7
1758 111.6 -384.2 52.8 -360.8 -41.7
2778.5 -39.9 -66.6 -26.2 -197.7 -27.6
79.8 239.3 221.3
473 30.1 18.5 -20.3 113.3 50.9
1756.7 116.5 -389.2 64.3 -360.1 -35.1
2797.8 0.1 -41.4 -24.3 -187.2 -41.7
79.6 248.3 225.5
468.8 32.1 12.3 -17.6 111.3 54.2
1758.1 109.8 -397.1 78.5 -364.5 -33.1
2782.2 37.7 -62.7 10.3 -193.3 -39
77.8 250.2 218.8
468.3 29.3 12.5 -19.9 112.9 53.6
1757.6 101.3 -398.1 88.1 -362.1 -23.3
2746.1 30.9 -92.4 65.5 -180 6.1
78.2 256.6 245.1
467.8 31 10.6 -18.6 111 55.8
1774.3 96.3 -403.1 107.1 -390.5 -18.2
2789.1 11.4 -88 103.2 -233.6 17
79.7 263.5 261.9
470.6 28 14.9 -22.2 113.9 53.3
1788.3 92 -393.5 97.5 -388.4 -24.9
2840 -47 -44.3 43.1 -224.3 -12.6
75.2 302.3 304.8
481.7 9.9 36 -41.1 132 35.9
1820.1 40.1 -339.4 58.8 -327.4 -60.3
2913.7 -97.8 25.4 -47.7 -203.1 -83.2
72.9 324.7 304.6
487.3 2.2 48.5 -50.3 140.9 27.4
1857.7 30.6 -303.5 18 -316.4 -106.7
3002.4 -55.8 84.7 -120.1 -249.1 -174.3
76.7 328.3 286.8
487.9 0.5 57.4 -51.3 143.3 26.2
1871.1 20 -295.4 11.3 -311.4 -114.7
3062.7 -53 132.8 -147.6 -256.8 -216.8
100.4 321.6 295.7
510.4 -1.3 31.2 -45.6 145.5 24.6
1890.2 31 -340.5 22.2 -331 -96.1
3133.1 -10.3 128.2 -124.5 -282.8 -224.1
142.4 362 352.6
546.8 4 29.3 -31.4 159.1 29
1943.5 41.1 -326 32.5 -306.4 -80.4
3235.6 -12.4 175.7 -111.1 -242.4 -233.2
winner is: 10
