Regression analysis information for: chilean_match_declarative-narrow-focus_Mariano-habla-del-tiempo
number of formants: 3
number of coefficients: 5
139.3 221.4 356.6
515 125.1 -75.3 -20.3 106.7 55.7
1375.4 103.2 -48.3 217.3 -125 -13.3
2148.3 129.2 -27.8 40.4 -103 102.4
145.6 209.9 312.6
543.6 153.5 -60.6 -15.9 127.9 71
1433.4 124.5 -85.6 218.5 -69.6 -5.9
2294.3 130.1 -41.3 25.3 18.6 72.4
152.5 216.3 263.3
569.4 174.7 -43.5 -26.2 145.1 78.5
1470.4 161.6 -51.4 189.5 -56.3 -28.2
2389.7 130.2 11.5 -62.5 32.7 54.9
166.7 225.9 268.5
584.4 169.5 -14.9 -27.3 160.2 77
1492.7 177.3 -18.2 166.5 -40.1 -56.3
2447.1 115.3 53.3 -105.2 45.3 30.3
172.2 233.3 283.2
589.4 166.2 5 -15.2 165.5 82.3
1553.2 177.5 16.7 209.6 -80.6 -59.4
2546 48.2 70.7 -78.9 29 -18.2
174.5 229.3 292
579.4 137.1 4.9 -7.1 151.3 74.3
1616.8 138.9 39.3 256.8 -181.5 -55.2
2610.8 34.9 64.4 -28.5 -47.1 -44.3
166.8 205.9 255.7
565.4 106.6 2.7 -6.8 141.3 49.4
1673.1 146.3 34.9 269 -259.2 -146.1
2761.6 -13.1 35.7 6.2 -32.3 -67.4
164.1 205.8 230.8
562.9 72 14 -13.6 135.1 25.2
1694.3 100.2 56.4 247.2 -264.4 -155.8
2837 -73.8 0.6 -10.7 25.1 -56.5
167 209.5 225.8
562.1 76.3 21.2 -0.3 137.4 25.8
1700.9 106.2 52.4 272.4 -279.3 -142.2
2859.9 -88.5 1.8 13.1 49.6 -73.8
177.4 222.8 223.6
572 90.9 36.9 12.3 144.7 32.2
1715 111 63.9 284.8 -280.1 -138.9
2898.7 -79.9 -7.5 33.4 68.3 -90.8
185.5 240 243.1
580.1 134.7 48.1 29.8 182.7 55.5
1730.5 121.2 81.8 292.8 -267 -123.7
2954 -32.5 8.4 28.4 87 -61.6
197.5 250.4 253.5
590.9 158.9 64.2 45.7 190.5 73
1755.2 177 131.1 340.3 -222.5 -77.5
3017.8 59.6 73.1 65.7 130.6 5.9
207.8 253.2 257.4
602.2 169.4 67.9 60.9 181.4 89.8
1768 202.9 143.9 370.7 -224.6 -47
3066.7 81 67.5 50.1 117.6 27.4
213.7 273.9 264
600.5 187.3 55.2 73.4 164.4 104.4
1796.5 179.1 174.4 352.2 -198.2 -72.8
3110 85.9 96.6 33.1 126.8 6
212.4 267 253
598.7 206.6 63 80.3 153.1 104.2
1811.3 191.1 190.4 369.9 -220.8 -63.2
3137.8 85.3 127.7 56.9 117.7 18.4
212.9 263.7 243.1
595.3 201.1 50.6 80.3 127.6 112.3
1821.2 200.5 182.4 398.3 -258.9 -36.9
3173.4 87.8 123.3 83.6 118 75.3
225.6 283 278.5
598.3 165.4 37 90.9 104.3 95.9
1853 145.7 210.3 395.8 -253.9 -65.3
3222.5 50.2 120.3 76.7 131.3 73.6
254.7 324.7 315.8
626.6 145.7 30.4 78.6 97.5 95.7
1904 79.9 242.7 360.1 -238.3 -86.2
3294.1 9.2 106.3 24.1 150.4 89.5
271.7 341.9 336.7
640.4 144.1 13 80.7 83.3 91.8
1923.1 68.1 244.8 362.4 -246.3 -105.8
3353 -0.1 66.7 -4.7 129.6 94.9
298.7 376.8 388.9
668.9 121.5 36.2 50.3 99 80.8
2006.6 -42.8 340.3 275.9 -191.2 -159.8
3455.7 -95.5 106.5 -63.5 155.5 68.4
winner is: 8
