Regression analysis information for: chilean_mismatch_interrogative-total-yn_Mi-novio-viene-del-lago
number of formants: 3
number of coefficients: 5
71.3 249.2 345.9
488.2 -100.9 -37.9 -1.3 -35.8 14.1
1460.2 59.4 -584.2 -44.6 -63.4 101
2258.1 28.7 -250.7 27.5 -14 223.2
73.8 233.6 281.1
493.4 -113.3 -35.5 0.2 -50.9 18.7
1520.1 76.1 -557.9 -22.2 -97.6 123.1
2370.7 -34.6 -205.5 27.6 -44.5 274.8
74 240.3 277.4
496.9 -102.7 -30.1 3.8 -54.9 22.5
1628.3 258.4 -403 57.1 -54.2 161.4
2466.6 -14.3 -117.3 -10.1 -38.2 240
76.8 248.5 234.6
497.4 -98.5 -26.1 1.8 -56 21.6
1630.6 266 -384.8 23.7 -84.5 163.6
2553 -0.2 -59.7 -90.7 -66.6 153.6
81.4 255.1 210.3
497.3 -96.3 -20.4 -0.7 -56.4 11.7
1659.8 284.5 -329.1 18.9 -59 147.9
2614.1 46 11.8 -97.4 -60.1 108
83.1 244.9 177
495.6 -91.4 -16.2 1.1 -56.6 4.3
1688.7 313.8 -309.5 32.7 -19 145.5
2672.6 87.2 47.3 -105.6 -45 84.3
83.8 237.1 184.4
490.1 -86.4 -12.5 5.3 -55.7 -2.3
1716.1 352 -279.8 68.5 21.8 154.4
2698.7 109 99 -90.1 -18.2 104.1
79.2 252 227
481.6 -87.9 -5.2 10.6 -49.7 -5.3
1715 365 -264.5 86.9 20.9 155.7
2672.2 78.5 148 -99.9 -42.8 129.2
79.1 242.1 211
474.7 -86.7 -7.9 14.5 -50.7 -5.1
1709.2 388.6 -285.7 123.1 13.2 144.1
2679.6 117.5 140.7 -63 -32.2 112.2
85 243.4 169.5
479 -83.7 -1.9 19.7 -37.6 -1.7
1736.3 385.8 -309.6 133.9 52.4 125.8
2734.4 115.7 84.8 -40 49.2 54.6
86.4 244.4 158.3
478.7 -83.3 -6.5 21.4 -37.5 -1.4
1743.1 391.6 -312 146.8 53.8 126.1
2762.4 139 57 -38.9 57.6 61.4
82.4 271.3 174.5
474.8 -90.8 -15.8 14.7 -47.1 -8.4
1757.8 351.2 -313.3 134.6 61 100.2
2798.2 140 60.6 -30.7 63.1 49.3
81.8 309.1 191.2
473.3 -93.6 -16.3 13.9 -48.7 -8.5
1762.9 309.3 -310.6 105.6 87.3 76.7
2826.6 150.8 84.4 -13.5 94.2 39.2
81.6 306.9 179.8
470.1 -95 -17.4 14.5 -54.4 -4.6
1731.4 275.8 -381.5 95.6 33.4 73
2823.9 135 96.1 -8.7 66.6 35.6
80 365.8 224.8
477.9 -111.5 -3.7 1.8 -46.5 -12.8
1752.8 167 -348.4 11.3 72.8 14.7
2892.8 14.9 169.4 -112 90.5 35.8
79.9 372.2 267.1
482.1 -117.6 1.6 -2.4 -44.7 -15.9
1790.9 190.4 -314.7 44.8 91.6 48.2
2974.8 4.7 209.3 -159.1 127.7 78.9
79.5 388.2 303.4
488.2 -127 7.5 -3.4 -49.1 -10.8
1866.7 203 -240.1 73.6 87.3 67.5
3072.9 -10.4 278.3 -148.7 103.7 128.1
85.7 405.8 327.8
495.6 -126.5 17.4 4.5 -45 -0.9
1917.9 225.2 -193.2 93.3 99.2 63.6
3160.3 -16.9 316 -112.9 82.5 164.9
94.8 405.2 347.7
502.3 -133.2 19.1 14.9 -58 9.8
2003.1 282.8 -92.3 142.5 111.8 79.6
3261.3 -29.2 363.4 -58.7 56.2 206.7
99.3 421.6 355.5
504.4 -136.6 20.1 19.1 -60.4 8.9
2028 250.1 -74 119.5 126.3 72.8
3305 -66.7 348.6 -55.6 58.6 187.5
winner is: 11
