Regression analysis information for: chilean_mismatch_declarative-broad-focus_Mi-tia-odia-la-lluvia
number of formants: 3
number of coefficients: 5
87.1 387.6 391.7
478.6 16.6 -111.2 -133.1 -25.5 -18.6
1615.1 -98 19.5 34.9 -297.1 -484
2323.9 54.7 140.6 171.4 93.8 -211.2
81.1 360.8 364.4
486.7 11.7 -109.9 -144.8 -11.6 -24.4
1688 -186 -55.8 26.5 -141.3 -458.9
2482.8 33.3 62.9 54.6 208.5 -190.9
79.7 335.6 258.6
494 8.8 -109.5 -150.6 -7.9 -24.8
1733.2 -227.9 -75.2 -10.9 -146.4 -452.7
2615 19.1 8.8 -51.3 155.1 -67.8
81 345.8 188.2
496.3 11 -106.3 -152 -10.3 -26
1838 -142.4 12.4 53 -134.6 -440
2719.9 38.5 -5.7 -43.9 72.6 -85.8
91.4 329 167.3
493 16.2 -101.2 -148.7 -12 -27.1
1956 14.5 184.5 197.4 -50.7 -374.2
2811.1 62.5 74.2 -0.4 52.9 -57.3
121.5 327.6 167.4
508.9 -3.5 -63.3 -177.5 12.4 -62.7
1991.7 -12.4 226.8 189.9 -28.9 -413.1
2844.8 -29.2 94.6 -45.6 41.9 -116.4
98 321.4 167.5
482.3 31.7 -103.3 -139.7 -21 -23.7
1980.4 37.8 229.2 205.2 -35.6 -391.9
2849 16.8 83 2.4 4 -80.3
91.1 313.8 176.9
473 40.7 -116.6 -128.8 -29.1 -12.4
1988.4 66.7 245.7 220.2 -36.4 -395.4
2865.9 67.3 106.6 28.4 1.4 -69.3
95.9 321.4 204.3
474.5 33.1 -111 -137.2 -20.4 -19.7
2000.5 56.6 249 224.2 -25.9 -404.9
2895.2 76.6 126 41.9 16.7 -62.6
118.4 316.8 231.2
489.1 -0.7 -80.5 -170.4 12.7 -50.4
2027.1 41.8 283.2 220.3 2 -437.1
2947.2 85.8 199.3 44.6 59.7 -76.5
138.9 339.5 280.3
506.7 3.5 -57.9 -182.7 21.9 -75.3
2070.7 46.5 247.2 169.5 38.3 -398.7
3004.6 102.8 213.1 28 88.8 -63.5
155.6 349.9 316.4
518.2 -19.3 -38.6 -206.8 44.3 -95.7
2081.6 5.6 227.6 110 56.5 -412.3
3040.1 89.6 222.3 -17.2 129.7 -85.8
165.7 358.5 349.4
528 -1.6 -31.5 -204.1 38.7 -104.7
2110.1 13.2 193.7 89.8 80.7 -386.4
3090.8 113.3 212.2 -23.9 179.2 -71.6
170.1 358 368.5
532.5 0.6 -30.6 -206.7 38.9 -106.2
2157.9 39.9 154.3 72.8 117.8 -344.3
3149.7 129.8 178.2 -37.9 250.7 -47.9
183.3 347.7 359.9
543 -16.9 -14.1 -226 53.7 -120.3
2180.2 45.6 168.5 77.6 142.5 -334.5
3188.3 112.6 171.7 -46.8 291.6 -52.7
188.3 333.5 377.9
553 7.7 -18.6 -222.4 45.2 -124.5
2221.3 85.6 180.6 92.4 182.1 -311
3256.2 154.7 163.7 -6.4 300.3 -59.4
198.8 328.5 405.3
561.6 -5 -19.2 -241.4 60.1 -128
2254.5 90.5 171.8 86.9 213 -290.9
3313.6 160.1 161.2 -18.9 330.5 -77.4
210.6 334.5 427.6
571.1 3.5 -28.8 -233.2 61.1 -142.2
2289.6 97.3 153.7 78.5 222.8 -281.3
3403.5 233.8 151.6 22.3 341.2 -49.4
236.1 352 498.7
605.4 -38.4 -3.3 -239.7 34.2 -100.6
2354 47.5 152.4 70.7 205.8 -211.9
3513.7 145.5 141 -3.7 289.7 19.9
257.5 333.9 513.4
624.8 -19.6 -8.9 -231.8 22.2 -119.7
2349.1 21.8 178.7 120.4 165 -270
3601.4 106.2 136.4 -4.9 299.6 29.2
winner is: 8
