Regression analysis information for: chilean_mismatch_interrogative-total-yn_El-nino-oye-el-rio
number of formants: 3
number of coefficients: 5
76.3 401.8 392.2
449.9 -35.1 -26.3 -19.4 9.5 14.8
1596.2 31.2 -89.3 452.6 -102.1 281.7
2311.2 104.5 26.7 419.9 -64.9 -13.2
78.2 338.5 373.4
463.9 -15.7 -15.4 -30.2 10.9 11.1
1640.6 201.8 3 493.3 -64.2 197.3
2431.7 252.1 48.3 363.8 -60.4 -40.7
80.3 317.7 288.3
473.4 -11 -11.1 -42.2 11.2 13
1698.3 215.5 33.6 481.8 -95.8 225.8
2573.1 287.3 6.7 205.3 -128.9 37.6
81.2 312 205.5
479 -15.3 -14.6 -60 4.1 14.2
1744.3 190.1 2.3 441.6 -108.5 283.4
2663.1 242.9 24.5 97.7 -140.7 107.7
82.3 351.3 170.5
481.4 -21.5 -10.9 -68.4 11.2 17.3
1758.1 160.6 -13.9 455.3 -88.2 315.1
2709.1 200.9 43.7 59 -116.3 102.2
83.4 392.3 155.3
479.1 -21 -12.8 -69 10.7 20.7
1775.5 163.9 -14.5 469.7 -87.2 315.2
2725.4 195.9 28.6 72.3 -127.7 116.4
84.4 418.3 176.7
472.9 -21.6 -12.4 -65.4 11.8 22
1806.9 175.5 15.7 475.8 -115 286.8
2795.1 174.1 57.9 44.1 -123.7 115.1
76.7 432.1 253.8
462.7 -36.6 -4.5 -62.9 18 6.7
1853.7 246.1 51.9 469.1 -154.9 214
2876.1 158.5 115.5 20.9 -153.3 69.3
76.3 451.6 314
459.6 -36.8 4.9 -54.9 30.6 7.1
1867.7 310.5 108.2 443.1 -146.9 183.3
2929.1 169.5 152.4 27.5 -183.1 54.9
80.3 461.8 310.2
460 -32.5 10.3 -50.4 37.9 8.9
1862.1 387.6 122.8 406.3 -104 122.7
2941.9 224.7 154.1 23.5 -159.4 -23.6
82.3 464 351.8
455.7 -27.5 1.1 -45 30.9 12.5
1907.4 383.3 101.5 410.3 -193.6 123.6
2996.4 229.9 146.7 47.9 -214.3 -44.5
84.4 444.6 394.8
461.1 -8.9 2.2 -37.4 24.8 16
1991 459 76.7 364.8 -256.9 76.4
3070.7 288.2 125.9 55.3 -242.8 -57.1
84.5 457.3 439.8
459.6 -6.1 -3.6 -36.4 19.7 17.9
2000.5 452.4 49.3 382.9 -247.2 93.4
3121.9 317.3 109.7 90.7 -219 -31.3
91.2 448.6 455.5
463.6 1.5 0.7 -31.2 26.1 27.7
2025.2 464.4 0.1 407.8 -236.4 95
3157.9 346.5 85.7 116.1 -213.2 1.9
94.9 458.7 461.9
466.6 0.5 -1.6 -37.4 27.3 30.9
2059 454.6 -44 406 -228.8 77.1
3202.8 337 49.3 81.6 -198.1 19.7
111.8 488.4 471.5
472.8 7.6 -1.2 -36.4 36 48.6
2067.3 423.4 -32.2 385.8 -218.9 59.9
3260.4 319.5 32.7 12.4 -188 44
147.7 484 478
503.4 27.9 -4.5 -91.9 -0.4 32.7
2148.5 414.4 24.2 317.4 -178.1 15.3
3367 300.3 92.4 -89.9 -167.2 3.8
186.6 467.3 474.3
527.7 51.9 -0.8 -126.6 -22.9 29.3
2195.2 423.2 37.2 264.4 -178.2 5.1
3441.8 282.3 123.7 -163.3 -150.6 -10.3
211.5 449.7 462.7
558.6 65.1 -28.7 -173.7 -29.4 52.7
2263.9 426.7 24.2 190.8 -184.8 21.3
3538.9 270.2 141.6 -214.9 -118.8 7
227.5 420.4 434.6
588.7 77.1 -56 -220.2 -36.7 70.3
2313.2 427.6 13.5 142.5 -190.2 12.6
3628.6 278.6 167.4 -232.3 -80.8 28.3
winner is: 4
