Regression analysis information for: chilean_match_declarative-narrow-focus_Marta-abre-el-regalo
number of formants: 3
number of coefficients: 5
64.2 195.5 200.8
539.9 13.6 -34.3 -84.1 -92 33.2
1467.6 -143.8 -105.9 59.5 -117.7 88.7
1978.7 -176.9 -23.6 16.1 -10.6 63.6
59.6 136.4 186.2
547.9 17.4 -40.1 -90.5 -90.9 33.1
1578.2 -161.5 -186.9 73.2 -115.7 91.9
2121.6 -157.8 -122.6 -31.3 19.2 84.2
77.1 142.6 181.9
567.7 49.5 -13.5 -70.7 -72.8 42.6
1619.1 -138.7 -166.2 76.9 -97.5 74.2
2219.4 -120.9 -55.3 27.6 69.2 76.1
87.7 122.3 156
588.8 84.9 14.5 -60.2 -72.5 31.6
1662.1 -84.9 -131.7 72.6 -119.5 26.1
2310.6 -2.3 30.9 28.7 34.8 -0.3
90.7 120.7 96.5
593.6 95.2 24.6 -54.7 -70.6 32.2
1674.8 -69.3 -119.8 72.3 -130.2 17.3
2368.1 80.9 83.7 51.7 21.4 -30
92.5 125.6 85.1
594.4 97.9 28.1 -54.3 -74.7 29
1678.9 -60.3 -110.8 71.5 -136.6 25.4
2385.9 93.7 84.2 39.4 0.8 -49.9
93.8 130.1 72.9
593.4 95.5 30.4 -53.9 -76.6 28.2
1682 -66.6 -108.6 67.7 -140.8 25.6
2404.2 103.8 89.8 40.2 0.9 -46.9
95.9 132.3 68
596.2 96.8 36 -50 -71 35.8
1690.9 -68.7 -104.4 75.1 -136.3 28.8
2428.9 112.9 97.2 43.8 11 -28.5
95.1 134 72.6
595.3 89.3 31.4 -55.2 -73.3 38.1
1699.9 -77.3 -106.9 78 -135.7 26.6
2455.1 107 87.4 32 9.5 -14.2
93.4 138.1 90.4
593 79.2 23.4 -62 -77.1 41.6
1712 -86.1 -108.6 82.7 -133 26.5
2486.5 98.9 79.6 21.2 4 10
93.5 145 110.9
595.2 76.8 23.3 -62 -73.4 51.6
1725.5 -92.8 -106.1 88.1 -124.3 29
2513.8 80 74.5 8.2 4.6 43.6
93.1 146.7 123
594.8 70.7 16.4 -69.2 -76.3 52.6
1731.8 -95.1 -114 91.4 -118.9 25.7
2534.7 78.2 60.6 -6.5 12.5 71.5
92.5 150.7 105.1
594.4 71.3 14 -73.6 -76.1 50.9
1745.9 -96.7 -122.8 101 -112.6 10.3
2540.6 114.7 36 -7.2 23.1 46.2
99.7 158.3 127.3
602.9 65.6 4.2 -65.2 -74.5 38.9
1755.6 -99.6 -124.1 104.1 -108.4 8.1
2567.2 101.4 4 15.3 39 28.7
103.3 162.2 157.7
609.1 64.4 3.3 -64 -77.7 34.4
1770.8 -106.7 -128.1 111.3 -109.7 -1.7
2604.8 80.9 -13.9 30.7 25.2 9
112.8 171.1 235.7
620.1 57.7 2.6 -60 -84.6 34.6
1787.8 -121.3 -116 111.1 -105 0.7
2693 -13.6 37.1 38.2 -37.3 70.7
119.1 176.4 277.5
634.7 40.5 13 -65.3 -100.4 52.4
1801.2 -126.5 -125.1 121.8 -114.4 4.9
2790.1 -84 53.2 33 -125.3 124.1
123.7 175.3 287.2
650.7 13.6 15.4 -88.8 -111.8 49.9
1834.1 -161.5 -113.7 105.7 -85.8 -30.1
2895.2 -146.2 66 -38.2 -145.2 130.8
134.3 168.5 317.9
676.8 18.3 28.5 -112.7 -100.3 59.1
1865.1 -192.3 -92.2 73.1 -56.3 -60.3
3045.2 -140 18.7 -168.9 -164.8 150.3
142.3 163.9 319.4
684.4 37.8 8.7 -139.8 -107.2 61.6
1871.5 -194 -88.3 57.8 -54.3 -65.6
3157.8 -117.7 -81 -233.3 -154 173.3
winner is: 8
