Regression analysis information for: chilean_match_declarative-narrow-focus_Daniel-iba-a-Bolivia
number of formants: 3
number of coefficients: 5
84.2 286.2 214.9
448 -59.6 22.8 -110.8 149 -14.6
1391 -287.8 232.1 134.4 -175.4 37.7
2270.1 -296.1 460.1 100.2 -456.5 -169.2
84.5 383.5 343.3
454.5 -58 13.6 -113.8 166.7 -17.4
1335.7 -248.8 166.1 -7.9 -47.4 18.5
2400.3 -264.7 288.1 4.2 -268.4 -89
86.5 424.2 270.2
475.3 -45 15.8 -111.7 189.6 -7
1559.7 -88.7 130.7 -74.7 -261.3 27.9
2649.6 -143.9 80.1 61.1 -25 -75.1
88.3 369.1 204.8
482.7 -29.9 13.1 -94.8 190.7 6
1780.2 -131 195.8 -0.7 -442.1 24.4
2776.3 -104.6 86.5 63.1 -56.7 -46.9
90.6 271 121.8
489.1 -22.3 21.9 -86.3 195.9 14.5
1912.6 -129.4 276.7 -18.9 -540.6 -15.2
2861.4 -83.8 141.2 20.5 -92.7 -48.9
90.5 263.4 122.1
487.9 -23.7 26.1 -86.8 193.6 13.7
1942 -130.2 266.6 27.8 -554.3 -43
2873.4 -79.3 137.8 31.8 -93.5 -55.7
90.7 234.5 103.9
482.2 -26.7 29.3 -88.7 189.5 10.6
1974.8 -93.2 300.5 59.6 -562.5 -61.4
2901.2 -51.5 161.8 55.1 -90.4 -63.6
86.1 227.4 77.6
464.9 -20.6 14.5 -84.7 167.1 10.1
2017.4 -54.5 321 121.7 -571.5 -95.7
2940.2 -11.7 203.9 95.8 -86 -68.2
75.8 242.2 88.2
447.5 -5.2 -6.3 -71.8 145.6 18.9
2025.5 -58.7 304.9 139.6 -588.5 -111.1
2951.2 -18.1 211.4 113.9 -104.3 -61.2
81.7 267.8 130.6
444.5 -16.8 -6 -85.5 146.6 3.4
2046.8 -104 337.1 96.9 -565 -173.3
2987.3 -66.1 254.2 99.8 -82.8 -108.3
76.1 267 122.6
437.8 4.5 -17.1 -62 136.9 23.5
2040.8 -72.2 333.6 91.7 -568 -149
2971.8 -32.4 244.1 99.2 -77.4 -93.7
79.4 277.8 121.1
438.5 1.7 -15.2 -64.3 139.9 20.7
2053.9 -89.5 342.5 82.7 -554.7 -167.1
2971.4 -35.2 259.2 73.4 -35.5 -111.4
93.1 292.2 123.1
446.2 -0.2 -1 -65.9 155.8 18.8
2075.6 -99.2 365.4 85.8 -544.8 -170.9
2984.2 -38.9 277.2 61.4 -1.2 -126.4
105.4 297.6 146
453.5 -16.3 11.4 -81.2 170.4 3.1
2089.8 -131.2 390.3 78.6 -523.8 -182.7
3011.3 -70.6 297.3 74.2 21.4 -149.9
133.1 304.2 205.6
481.2 -57.1 61.2 -120.1 222.4 -32.6
2128.5 -190.9 451.2 48 -471.6 -219
3080 -131.6 354.7 81.6 67.1 -187
142.6 310.2 248.1
491 -62.3 73.9 -125.4 241.5 -36.2
2146 -198.6 475.3 48.8 -461.1 -219.7
3123 -153.8 360.3 124.3 79.5 -194.2
149.2 326.6 275.4
496 -59.7 80.9 -126.2 251.8 -29.9
2148.2 -206.9 472.4 42 -466.7 -208
3149.7 -161.5 351.4 146.6 76.1 -190.4
165.2 345.6 329
512.2 -65.4 48.6 -120.8 269.5 -40
2197.9 -225.3 380.6 67 -432.9 -266.5
3231.2 -204.1 283.1 201.1 68.6 -225
205.4 363.3 446.9
561.3 -79.4 19 -191.8 338 3.8
2317.6 -238.8 254.3 -11.3 -316.6 -202.2
3438.9 -212.7 86.2 90.8 112.8 -111
216.9 322.4 437
577 -88 0.8 -203.9 354.9 1.5
2408.5 -257.1 176.6 -27.2 -254.5 -182
3561.6 -157.3 8.3 -12 60.5 -119.7
winner is: 8
