Regression analysis information for: chilean_match_declarative-broad-focus_David-leia-el-libro
number of formants: 3
number of coefficients: 5
81.3 366.6 226.7
422.5 37.3 27.2 5.3 100.5 -3.4
1821.2 -6.8 -217 -86 -22.9 104.9
2443.1 -94.6 -226.8 -81.8 -155.4 4.1
92.7 329.2 222.1
428.8 5.4 43.9 -13.1 107.6 -9.7
1890.4 -166.7 -278.5 -28.9 -121.5 118.1
2509.4 -160.6 -237.5 -70.8 -145 2.1
96.3 272.1 193.3
437 -20.2 56.4 -25.8 114.3 -16.6
1948.8 -248.5 -320.8 -51 -131.9 50.7
2562.6 -205.4 -225.7 -89.5 -130.4 -11.3
100.6 248.6 196.1
446.5 -29.7 75.1 -31.6 125.2 -17.6
2024.2 -237 -321.2 -18.8 -139.8 -9.9
2604.9 -200 -202.5 -72.1 -128.3 -35.8
114.5 226.7 193
455.5 -43 91.6 -37.3 127.3 -10.9
2090.6 -202.6 -302.4 6.1 -142.2 -53.1
2655.3 -183.3 -149.3 -64.6 -116.9 -66
138.9 220.3 189.4
472.2 -65.5 124 -53.6 147.5 -16.2
2156.3 -180.9 -253.2 -27.3 -89.6 -70.4
2719.5 -189.2 -75.8 -77.5 -88.8 -69.1
162.1 211.6 176.7
485.1 -92.1 145.7 -62 150.7 -2.9
2201.4 -182.4 -215.4 -7.8 -70.3 -24.3
2759.5 -190.2 -66.7 -54 -84.2 -14.7
178 203.5 173.5
499.5 -127.7 170.7 -77.6 159.5 3.7
2227.6 -195.7 -193.9 -6.2 -74.1 -14.4
2785.5 -209.9 -37.1 -63.8 -77.4 2.1
192.7 194.6 162.6
523.8 -174.5 209 -106.6 174.4 0.9
2253.3 -204.3 -177 1 -78.5 -4.1
2837.8 -220.7 20.2 -70.4 -48.5 9.7
198.9 190.3 175.4
547.8 -218.5 246 -139.6 190.2 -8.4
2273.6 -231.2 -158.7 -5.2 -81.6 -6.7
2878.1 -262.5 46.6 -73.3 -28.5 0.7
198 191.9 184
549.4 -230.2 250.5 -143.2 193.3 -8.3
2265.3 -242.2 -169.9 26.1 -77.8 9.1
2891.9 -271.5 34.9 -51.8 -19.2 -0.1
190.9 192.4 192.1
552.5 -241 259.6 -155.3 206.2 -24.5
2273 -254.7 -173.1 23.1 -72.7 6.9
2908.1 -288.9 28.3 -51.8 -11.1 -17.8
185.6 195.3 200.4
564 -266.9 280.6 -171.9 218.1 -31.9
2292.6 -279.5 -147.4 -2.1 -66.4 -3.2
2920.6 -333.8 72.4 -74.7 -8.7 -43.1
181.8 190.7 209.1
571.7 -281.4 295 -187.2 229.5 -44
2305.3 -275.5 -129.3 -36.5 -68.1 -18.6
2931.5 -348 120.2 -121.3 -9.6 -43.4
180.3 184.8 208.6
581 -298.9 310.5 -201.4 240.2 -52.4
2315.7 -255 -129.8 -66.8 -60.5 -51.4
2953.9 -367.7 134.9 -135.9 13.2 -55.7
178.8 183.9 226.7
594.8 -330.2 333.7 -214.8 251.1 -50.7
2346.7 -249.8 -132.9 -95 -68.9 -64.7
3014.1 -391.4 131.2 -165.2 15 -89.2
177 189.2 284.9
617.4 -360.9 358.1 -237.9 250 -48.6
2398.9 -265 -128.6 -120.5 -88.1 -66.5
3131.8 -464.4 109.9 -198.7 7.4 -136.6
188.2 195.8 351.3
639.1 -379.9 378.8 -260.2 226.1 -23.8
2455.2 -297.4 -113.8 -134.3 -136.1 -37.3
3280.8 -482.3 50.1 -212.2 -14.9 -170.8
230.6 195 427.8
667.7 -381.5 331.3 -225.5 223.6 -88.4
2493.4 -301.9 -130.1 -128.6 -162.1 -55.7
3482.1 -533.8 18.2 -174.6 -154.2 -154.5
229 189 449.3
673.8 -402.3 345.7 -222.6 211.7 -51.4
2507.6 -305.5 -115.1 -136.6 -174.4 -37.2
3569.5 -550.4 25.8 -165.4 -221.4 -127.1
winner is: 5
