Regression analysis information for: chilean_match_declarative-broad-focus_Emilio-ama-la-marcha
number of formants: 3
number of coefficients: 5
136.1 208.1 179.5
545.9 -116 19.1 -58.4 92 32
1604.1 156.4 239.7 -65.9 -67 -159.6
2135.8 65.1 431.2 -26.3 -89 -303
155.8 220.4 185.4
568.7 -146.3 4.7 -54.7 83.4 38.2
1618.4 154.2 260.9 -51.2 -54.2 -195.3
2215.5 4.3 397.8 33.2 -127.5 -320.4
165.9 253.7 244.2
585.8 -155.9 -26.2 -46.6 78.3 59.5
1633.9 88.9 231.7 -15.5 -30.4 -162.1
2343.5 -19.6 255.4 12.5 -85.8 -210.1
168.1 254.2 212.1
601.8 -159.1 -52.2 -45.6 92.7 78.9
1659.3 60.9 181.1 -59.4 -49.5 -159.9
2455.1 -37.5 119.5 -64.1 -10.4 -152
176.5 251.4 206
613 -160.2 -50.7 -24.1 75.3 121.3
1742.2 85.5 237.6 -18.1 -101.1 -95.5
2549.4 -42.1 140.9 -47.4 -24.3 -73.3
178.4 234.3 175.3
635.7 -196.2 -11.3 -41.1 91.4 113.5
1784.2 71.6 298.4 -12.3 -79.4 -100.3
2639.8 -103.4 213.2 -98.1 20.5 -50.5
182 237.4 178.2
621.3 -181 -14.9 -35.4 93.3 107.9
1789.3 97.1 297.3 -22.5 -88.3 -113.8
2641.8 -88.1 204 -114 32.2 -58.9
185.1 237.7 179.2
619 -189.9 -4.6 -44.1 94.2 101.7
1810.3 117.7 317.7 -30.8 -99.9 -134.8
2663.9 -95.9 227.7 -134.1 34.5 -70.4
200.8 241.9 186.4
633.1 -221 35.7 -73.3 118.4 86.1
1839.9 89.5 357.7 -57.1 -92.2 -142
2720.7 -150.8 316.8 -172.7 74.7 -73.7
205.7 248.5 188
634.8 -235.7 29.4 -77.7 115.6 75.2
1853.5 83.4 357.6 -50.7 -104.7 -130.1
2754.7 -177.9 333.1 -174.3 62.6 -88.9
213.8 253.4 194.9
639.4 -237.8 24.2 -70.9 117.2 73.3
1863.3 70.6 363.9 -51.4 -92.4 -133.9
2800.7 -217.6 370.3 -185.2 64.5 -88.5
224 253.6 204.8
640.9 -248.1 41.5 -79 107.5 85.1
1874.6 56.4 390.7 -69.5 -84.2 -146.9
2830.5 -236.9 404 -193.9 55.9 -94.1
242.4 254 215.9
659.4 -250.6 52.3 -68.7 135.5 74.4
1886.5 63.6 395.6 -60.8 -91.2 -153.1
2877.7 -268.4 449.2 -177.9 73.7 -80.8
261.4 260.4 251
686.5 -267.9 65.9 -53.1 151.6 78.5
1903.5 54 404.9 -55.1 -87 -155.2
2921.3 -275.2 496.2 -156.3 78.9 -81.7
258.3 249.6 241.3
669.5 -239.2 121 -63.9 135.7 132.9
1900.3 55 430.2 -64.3 -101.5 -125.9
2925.1 -260.3 561.5 -158.5 90.6 -23.3
270.6 255.7 221.8
686.5 -226.2 135.7 -49 154.7 163
1913.5 61.4 423.7 -43.5 -120.7 -95.8
2944.8 -270.9 564.4 -146.1 109.3 28.9
295.8 277.3 273.1
725.3 -268.4 99 -18.5 151.5 135.3
1953.5 14.3 404.6 -27.5 -134.4 -131.7
2998 -333.7 507.4 -130.7 82.3 12.1
327.8 303.3 417.1
791.7 -297.1 10.8 74.3 160.3 104.8
1992.5 26.5 349.5 33.7 -137.7 -175
3156.4 -331.6 450.3 -7.9 20.5 -20
345.5 336.1 478
881.9 -377.7 26.4 80.7 184.6 124.3
2077.3 -53 403.1 4.3 -112.2 -201.4
3310.8 -326.2 462.6 11.5 -30 -27.9
351.6 350.6 511.9
955.6 -336 -68.4 55.4 266.8 149.9
2172.6 -14.9 318.8 -109.5 -62 -140
3507.5 -258.4 350.7 7.1 13.6 -2.4
winner is: 1
