Regression analysis information for: chilean_mismatch_interrogative-total-yn_El-bebe-comia-muy-bien
number of formants: 3
number of coefficients: 5
106.6 418.1 295.2
454.3 49 4.8 -20.4 -19 25.5
1575.4 138.7 241.6 237.7 -163.7 231.7
2257.1 44.1 154.1 118.3 -16.3 162.9
104.8 449.7 308.8
454.4 51 -3.7 -18.6 -13 24.6
1585.2 116.7 166.4 245.1 -164.6 253.6
2331.1 28.8 103.3 103.4 -18.9 165.3
102.8 426.2 304.4
457.7 56.1 -17.9 -26.3 -4.2 30.2
1624.6 188.9 46.9 228.8 -183.6 285.6
2439.6 8.8 0.1 76.5 -34.8 234
102.7 403.9 300.8
459.1 66.2 -25.4 -37 -5.6 38.1
1643.2 304.1 -30.7 186.4 -126.3 281.3
2496.2 70.9 -70 42.7 -22.2 271.7
104.2 401.3 293.1
473.2 46.7 -34.3 -17.4 -18.8 27.7
1792.5 166.1 -34.2 209.1 -100 220
2623.3 -20.3 -101.3 104.9 -13.8 173.7
107.4 399.4 282.3
477.6 39 -32.7 -18.3 -26.6 28.7
1855.7 80.1 43.7 155 -93.3 245
2697.2 -62.7 -39.5 60.1 -24.7 200.8
108.3 376.9 252.4
479 32.9 -28.1 -19.1 -30.9 26.4
1901.8 44.1 81.8 127.7 -91.4 244
2765.9 -77.4 -12.5 54.6 -21.9 178.5
109.6 346 222
477.9 27.7 -23.8 -19.8 -36.2 25.2
1933.9 12.4 120.1 108.6 -103 240.6
2822.2 -95.9 -26.6 40.8 -3.1 164.3
121 328.6 214.1
483.9 12.9 -21.7 -6.5 -55.1 31.5
1965.9 -13.8 149.2 91.3 -88.5 213.2
2862.3 -112.2 -35.4 26.9 3.7 130.8
127.3 325.2 207.4
483.6 5.8 -19.8 0.1 -62.2 31.6
1989.4 -31.1 160.3 88.7 -73.3 200
2898 -123.9 -46.2 36.5 0.4 107.6
123.8 315.6 213
476.4 13.4 -21.1 -7 -53.3 25.9
2019.9 -77 198.9 64.2 -31.6 157.1
2936.9 -135.8 -35.4 35.6 35.8 96.4
122.8 325.3 207.5
467.7 20.5 -19.2 -11.7 -48.5 21.8
2022.4 -85 226 53.7 -25.1 140.5
2949.8 -111.2 -39.6 50.7 49 106.9
138 343.6 239.9
473.1 9.5 -21.6 7.6 -68.8 31
2037.2 -111.1 221.6 95 -42.7 133.2
2978.6 -136.8 -43.8 88.6 49.5 111.2
144.4 364 257.8
470.2 6.4 -15.3 10 -80.3 41.6
2012.7 -125.7 237 85.7 -56.9 132.2
2967.7 -145.5 -36.1 95.1 65.3 113.2
143.7 370.8 261.9
466.2 10.3 -12.7 4.5 -81.1 44.6
1993.9 -125.3 226.6 40.9 -54.8 131.3
2971.1 -140.2 -38.5 66.9 96.3 104.6
145.3 383.5 278.7
464.4 14 -12.2 -0.1 -83.1 46.4
1978.9 -95.8 224.7 27.4 -56.7 160.8
2986.8 -152.5 -27.9 6 108 92.5
159.1 384.1 278.9
473.5 8.7 -13.7 -2.2 -97.8 63
2001.2 -116.1 233.4 8.5 -58.9 155.8
3026.1 -190.4 -66.4 -69.5 55.9 79.4
180.8 387.6 327.1
493.2 -8.9 -24.7 19.9 -122.9 73.9
2060.2 -129.3 166.4 107.6 -117.2 142.4
3090.5 -193.1 -110.2 -20.1 -3.9 77.8
199.8 378 367.7
517.1 -18.9 -42.6 32 -149 82.2
2133 -135.8 107.9 158.3 -161.3 144.9
3183.3 -155 -147.6 -21.4 -82.3 89.8
209.5 379.8 406.7
527.2 -32.6 -44.1 52.2 -162.7 79.5
2176.3 -184.9 141.6 161.6 -159.6 103.7
3286 -166.7 -69.9 -50.4 -40.6 53
winner is: 11
