Regression analysis information for: chilean_match_interrogative-total-yn_Ana-lleva-el-abrigo
number of formants: 3
number of coefficients: 5
101.7 247.4 326.2
469.3 50.4 -1.7 -13 78.7 57.5
1527.3 176.4 -216.9 170 -265.3 -105.7
2128.3 206.4 -61.6 252.7 -295.7 -136.8
98.6 265.5 344.1
483 66.3 21.3 0.3 108.2 68.8
1590.6 193.8 -270.6 212.8 -236.3 -111
2152.5 247.1 -65.7 297.6 -250 -138.6
92.4 292.5 398.2
501.6 63.4 53.2 -5.8 142.2 66.2
1634.1 233.5 -239.8 115.8 -211.6 -78.4
2281.1 168.3 -26.9 204.6 -76.9 -186.3
91.9 270.3 351.8
517.6 77.7 74.2 0.7 155.5 63.8
1723.3 302.2 -222.1 106.3 -236.9 -90.2
2438.2 193.7 -12.2 141.8 -75.7 -118.4
95.1 250 257
521.5 83.4 80.2 5.5 154.4 70.9
1787.8 277.4 -240.8 157 -284.8 -102.4
2562.5 134.4 9.9 121.8 -141.2 -6.6
95.2 258 206.4
520.1 79.2 86.5 4.8 155.8 75.2
1809.8 244 -261.1 218.8 -267.4 -109.9
2637.2 106.3 34.4 79.7 -137.7 3.9
99.7 257.4 155.7
509.3 70.5 74.4 -0.4 144.7 77.1
1788 211.8 -255.7 266.3 -234.8 -77
2682.4 64.2 77.6 83.8 -142.6 48.4
100.7 249.3 162.2
500.3 53 59.3 -15 135.3 64.7
1809.2 238 -251.3 249.6 -266.4 -113.7
2725.9 51.7 68.8 77.8 -161.6 -8.5
98.3 241.1 175.7
496.3 55.4 53.6 -13.4 136.5 66.6
1809.7 274.5 -251.7 215.9 -281.5 -126.9
2746.4 56.8 48 74.3 -176.2 -39.6
95.4 233.2 177.8
488 61.5 39.8 -9.2 131.7 70.9
1796 318 -252.6 174.9 -274.3 -135.5
2752.6 95.4 50.3 59.6 -180.1 -48.4
91.2 222.7 194.4
481.3 68.5 32.3 -4.3 129.2 77.4
1817.9 363.9 -254.1 147.2 -312.3 -164.2
2779.1 165.9 76.1 45.5 -202.8 -67.4
90.6 235 213.2
480.3 68.2 26.2 -1.6 131.3 77.5
1845.9 341.8 -279.1 191.3 -342.4 -182.9
2809.3 191.9 67 48.3 -243.4 -88.2
91.2 244.9 229.8
485 78.1 35.8 7.6 143.5 88.2
1861.4 342 -279.9 209.7 -349 -178.7
2866 200.7 49.9 66.6 -260.7 -126.4
98.8 251.2 247
494.2 74.8 35.4 19.6 147.3 94.6
1873 334.8 -279.3 221 -361.3 -161.7
2902.2 174.7 37.8 87.6 -277.8 -114.4
109.5 254.7 253
508.3 74 34.8 35.7 160.6 94
1879.4 320.3 -286.9 218.7 -359.4 -166.3
2916.2 99.2 -1.9 76.5 -272.8 -133.7
116.2 282.5 297.4
514.3 47.6 32.8 20 160.5 73.8
1907.8 299.6 -251.4 216.5 -324.2 -168.4
2975.4 65.9 65.1 71.2 -222.3 -148.8
109.7 296 309.2
512.6 27.5 37.1 -5 160 58.9
1922.4 267.1 -240.2 194 -321.3 -186.9
3016.5 51.3 91.2 27.6 -259.1 -208
121.5 290.1 295.2
516.6 41.7 37.4 -1.8 149.6 51.8
1927.5 280.8 -249.1 197.9 -331.5 -191.9
3062.1 76.3 100 17.8 -287.5 -262.6
181.8 313.9 294.5
559.5 58.8 52.9 6.1 124.9 -2.6
1975.5 214.9 -241.1 184.4 -321.5 -209.5
3166.1 29.6 151.1 -9 -295.4 -332.2
222.9 325.6 317.2
590.3 72.8 92 21.8 115.3 -2.3
2010.1 202.9 -239.9 207.6 -336.6 -176.3
3264.2 -17.9 182.5 17.3 -285.2 -315.6
winner is: 10
