Regression analysis information for: chilean_match_declarative-broad-focus_Manuela-vende-el-carro
number of formants: 3
number of coefficients: 5
117.6 236.5 345.5
461.8 -57.1 44.7 -4.9 -93.8 49.6
1360.4 69.7 -179.7 92.5 103.8 -145.9
2084.6 2.3 -178.6 96 181.8 -196
141.5 236.5 367.8
488.2 -37.6 92 -0.2 -77.1 49.8
1454 14.9 -134.6 197.7 -18.2 -69.9
2317.9 23.6 -101.7 109.6 130.7 -86.7
144.5 214.3 286.2
504.7 -35.4 102 -16.6 -96.1 60.8
1492.7 20.1 -108.2 154.4 -107.3 -60.1
2447.7 47.6 -53.5 42.4 17.4 -58.9
145.5 168.8 224.4
512.3 -36.7 98.3 -23.4 -101 71.6
1548.8 33.7 -193.9 99.1 -63.6 0.4
2530.7 20.2 -82.7 -2.7 57.3 -13.6
149 149.7 199.4
511.9 -36.9 88.1 -23.2 -99.7 81.2
1581.4 34.9 -233 51.5 -13.4 44
2569.5 22.6 -125.1 -21.1 104.3 28.7
144.9 144.6 192.5
505.2 -39.5 81.8 -23.2 -94.9 86.4
1603.3 36.9 -254 51.6 -11.7 40.8
2597.7 12.5 -146.5 -24.2 99.4 19.2
141.9 152.8 210.3
492.2 -44.7 66.1 -11.8 -83.6 81.3
1621.9 29.2 -290 85.8 -11.9 6.4
2615 -3.4 -193.6 20.8 70.8 -7
125.1 151.8 197.2
466.3 -39 61.4 -3.1 -89.9 73
1625.4 46.2 -278 88.3 -3.2 0.6
2616.9 61.7 -165.1 43.5 93.4 -2.2
123.4 152 208.5
465.1 -56.1 65 -7.6 -91.3 58.7
1644.7 23.5 -285.6 125.8 -22.9 -31.4
2668.1 3 -168.1 107.5 85.3 -42
122.5 176.4 203.1
465.8 -75.3 72.9 -23.9 -88.3 44.7
1660.1 -4.9 -248.8 98.9 -0.3 -64.2
2698.3 -53.8 -138.3 98.5 96.9 -60.8
133 184.7 216.1
480.2 -104.6 81.7 -38.3 -79.3 39.5
1695.9 -42.6 -249.8 106.8 10 -86.6
2800.9 -160.7 -124 135.4 129.4 -124.3
147.3 189.4 227.3
501.1 -133.9 87.1 -44.7 -61.6 15.7
1720.9 -56.6 -254.5 106 26.6 -116
2873.9 -219.1 -94.3 140.2 166.5 -178.4
171.9 226.5 245.2
523 -143.6 75.8 -17.5 -49.6 -2.1
1763.9 -92.8 -237.7 99.8 55.9 -160.9
2938.7 -252.7 -65.7 151.2 189.8 -218.8
186.9 249 251.9
533.2 -150.1 64.1 -10.8 -38.2 -12.5
1778.9 -101.7 -223.3 85.6 57.6 -190.7
2974.9 -245.2 -53.9 146.3 189.2 -240.3
192.7 280.2 294.1
545.9 -171.8 73.7 -10.8 -44.8 -2.5
1804.4 -142.1 -194 61.5 61 -194.2
3018.5 -267.8 -28.9 101.2 190.2 -236.3
212.4 297.7 320.5
549.5 -168.8 49.5 7.3 -36.8 -22.3
1829.5 -149.8 -232 75.4 86.8 -227
3049.6 -268.7 -55.9 100.2 200.2 -254
227.1 302.1 323.2
554 -162.5 17.2 28.9 -33.9 -23
1841.2 -136.1 -277.3 95.8 84.4 -205.4
3077.2 -267.6 -97.1 117.8 188.9 -223.2
231.3 318.1 334.7
564.2 -184 33.3 18 -39.2 -16.6
1869.4 -171.1 -256.1 73.5 93.8 -208.4
3133.7 -337.5 -68.5 113.9 152.2 -181.1
258.1 341.7 360.3
593 -218 27.5 25.6 -37.3 -7.5
1900.9 -205.3 -250.1 67.9 97.7 -205.6
3186.8 -405.5 -64.4 167.1 76.2 -137
282.6 369.1 406.4
623.4 -234.8 21.3 42.1 -55.9 -14.4
1960.9 -217.4 -260.6 65.6 100.1 -222.1
3254.4 -422.5 -68.5 158.9 90.8 -151
winner is: 8
