Regression analysis information for: chilean_question_filler_Mi-padre-cantaba-bien
number of formants: 3
number of coefficients: 5
90 362.7 288.6
485.7 40.3 -109.1 41.5 -76.7 -28.5
1528.2 -17 17.4 371.1 -257.6 192.4
2213.2 -87 102.2 222.4 -93.3 217.7
86.5 356.1 295.2
490.6 45.3 -111.1 40.5 -68.7 -25.1
1612.3 36.1 14.1 330.5 -251.7 220.3
2315.5 -112.5 117.4 171.4 -122.5 297.5
80.8 304.2 265.4
495.9 54.7 -109.2 38.6 -65.4 -23.6
1702.1 116.8 14.9 261.2 -244 222.2
2414.4 -83.9 91.8 135.8 -108.1 323.1
77.3 290.3 252.9
497.2 58.6 -107.5 35.9 -66.3 -21
1738.4 156 3.4 226.1 -252.7 222.9
2516.2 11.9 112.1 69.5 -131.1 256.6
78.2 249.6 215.3
497.1 56.4 -101.7 31.2 -70.7 -19.1
1813.8 58.3 91.5 166.7 -236 261.5
2609.6 45 229.3 -76.1 -176.1 236.7
79.6 230.9 205
496.8 51.5 -95 28.7 -73 -18
1854 -4.7 155.3 130.3 -219.8 261.9
2618.8 11.3 317.2 -149.1 -199.8 241.2
80.2 205.1 190.9
491.7 47 -93.6 31.2 -70.3 -24.2
1903.7 -66 216.2 112.8 -201.1 247.5
2654.4 -35.8 360.1 -127.5 -225.9 219.7
83.3 215.2 208.6
485 41.2 -96.1 35.9 -66.1 -31.2
1918.7 -59.4 234.5 136.3 -183.9 241.9
2687.4 -61.7 351.2 -46.9 -227.5 175.8
86.7 235.5 179.7
481.3 34.7 -102 35.3 -63.5 -39.1
1920.7 -57.7 206 141.4 -188.6 250
2840.1 -103.6 169.2 104.7 -123.4 31
87.6 236.4 185.1
478.9 36.4 -104.9 35.6 -59.3 -44.6
1928.2 -51.4 211.6 154.4 -181.1 257.5
2893.3 -121.7 115.3 110.1 -69.7 70.9
88 246.2 221.8
474.3 36.4 -108.2 32.2 -59.8 -50
1902.9 -90.4 184.4 112.3 -185 241.9
2944.4 -104.4 104.8 143.7 -31.2 94.2
87.6 242.3 229.2
471.9 38 -108.1 29.5 -60.9 -51
1899.6 -98.1 195.1 78.2 -159.8 221.5
2966.8 -95.5 85.5 118.3 22.9 82.5
86.5 226.8 195.4
469.2 41.5 -108.3 29.3 -62.9 -52.1
1903.2 -62.8 223 77.7 -135.8 224
2935 -52.8 88.4 50 76.3 73.7
86.5 241 221.6
469.9 42.1 -115.3 26.8 -59.5 -51.4
1924.4 -103.5 234.7 57.6 -134.5 217.1
2960.1 -24.6 155.9 35.2 111.1 93.8
85.1 258.8 250.5
466.3 43.1 -110.1 29.6 -65.8 -54.2
1928.2 -116.4 225.2 52.8 -171.9 202.5
2978.6 -44.1 162.3 63 55.3 96.3
94.1 282.2 293.1
477.4 49.3 -129 17.7 -59.4 -44
1944 -123.1 196.3 41.3 -184.7 196.1
3033.5 -50 103.5 58.6 23.7 130.9
101.2 291.4 318
483.7 55.5 -135.5 7.6 -65.5 -37
1960.1 -124.4 189.1 41.5 -192.3 191.2
3094.5 -98.5 47 43.5 -39 129.4
111.1 301.5 360.5
492.7 62.5 -145.3 -2.8 -67.2 -28.3
1995.1 17.3 216.2 140.1 -169.1 220.4
3198.9 -19.1 27.1 142.4 -57.3 157.9
123.9 304.2 378.8
509.9 73.4 -164.8 -6.9 -49.6 -20.7
2032.9 18.1 246.2 143.2 -130.1 224.6
3301.9 -6.3 20.6 160.6 -1.1 157.9
130.1 296.7 368
515.7 80.1 -163.6 -3.7 -47.6 -25
2053.5 6.5 272.3 145.1 -122.8 221.2
3392.4 35.7 47.9 222.7 57.3 174.5
winner is: 7
