Regression analysis information for: chilean_match_declarative-broad-focus_Maria-bebe-el-vino
number of formants: 3
number of coefficients: 5
79 409.4 319.4
423.3 97.3 -65.3 -2.5 60.3 39.9
1412 -11.4 164.2 75.4 -101.6 -202.4
2350.5 -61.3 109.3 56.6 -317 -36.4
107.9 407.2 254.4
457.7 99.8 -24.7 -9.7 115.4 41.2
1533.1 52.7 20.5 75.9 26.2 -261.5
2527 -34.7 83.4 52.5 -155 29.8
119.8 362.1 184.5
481.7 114 -9.3 -21.9 135.9 47.3
1719.7 32.7 -78.9 40.7 -78 -120
2636.9 18.1 -30.7 10.9 -84.9 2.8
126 335.1 184.7
489.4 113.8 -0.3 -24.5 145.2 47.4
1886.8 -15 -34 -31.4 -312.2 -1.1
2707.5 -8 5.4 -19.3 -147.9 9.4
133.9 301.2 176.4
495.8 115.6 13.9 -29.9 149.9 42.5
1966 21.7 9.6 -70 -368 -38.6
2752 42.5 44.5 -20.4 -156.9 -17.8
133.2 271.1 173.2
489.4 126.7 15.1 -20.4 138.9 42.9
1988 63.4 26.4 -68.6 -396.1 -65.2
2812.7 100.6 79.1 -54.5 -228.1 -80.8
145.2 280.6 187.3
492.1 104.4 40.2 -36.6 151 17.2
2002 41.6 55.3 -91.4 -377.1 -83.3
2849.9 106.8 114.3 -75.6 -239.7 -98.3
142.9 283.2 218.3
483.3 95.3 45.1 -33.6 148.4 6.4
2004.7 35.2 71.1 -90.4 -388 -95.7
2870.9 109.8 129.5 -87.3 -277.3 -104.4
139.6 293.9 236.7
476.6 77.2 44.8 -41.7 149.2 -5
2008.8 7.7 104.3 -97.1 -386 -127.3
2896.1 107.2 169.6 -101.7 -295.9 -110.3
135.8 301.1 259.9
470.1 58.1 39.8 -51.8 151.1 -10.3
2004.7 -14.7 114.2 -105.8 -385.9 -137.1
2903.7 74.4 177.2 -126.7 -309.4 -118.1
140.2 309.5 251.7
475.5 38.6 52.9 -66.1 167.3 -18.4
2010.2 -39 125.1 -111.2 -373.4 -143.4
2912.1 76.9 199.7 -126.1 -282 -133.5
141.6 299.3 257
475.6 40.6 50.5 -63.3 166.6 -17.7
2024.4 -49.3 117.1 -105.2 -377.1 -148.5
2939.3 59.2 240.7 -116.7 -235.8 -120.8
155.5 295.2 282.1
492.6 29.9 79.9 -73.5 192.9 -26.1
2059.3 -56.1 110.4 -77 -397.6 -142
2990.5 47.8 286 -87.7 -227.7 -95.3
162.3 293.6 309.6
503.2 21.6 94.8 -82 206.3 -32.4
2102.7 -82 119 -79.3 -387.2 -160.7
3056.9 13.2 350.5 -121.8 -221.5 -137.8
165.5 293.4 332.4
502.6 20.3 88.7 -83.9 201.1 -33.5
2137.6 -93.3 120.4 -60.7 -381 -167.1
3089.2 0.6 376.4 -115.1 -232.7 -134.2
176.7 292.9 317.9
516.3 11.8 108.2 -99.1 208.1 -58
2152.3 -100.6 139.1 -91.8 -326.7 -229.7
3101.7 -8.2 408.2 -162.5 -176.1 -198.8
180 283.5 345.7
523.3 3.4 117.8 -103.4 224 -54.2
2218.6 -151.9 158.9 -70.7 -327.3 -233.5
3177.4 -68.6 425.4 -134.2 -198.6 -220.7
190.4 286.4 379.5
545.7 -10.4 143.5 -114.3 243.3 -46.4
2277.2 -185.3 134.6 -93.4 -300.7 -210
3257.7 -119.4 417.4 -98.3 -247.6 -242.2
199.2 288.2 518.7
574.1 -51.1 148 -162.9 264.4 -46.8
2359.4 -241.5 115.5 -124 -262 -194.9
3510.1 -155 194.8 -182.5 -153.6 -208.2
214.1 229.3 283.4
616.6 -53.3 62.7 -214.2 301.8 -18.4
2445.5 -236.8 13.2 -220.4 -247.5 -123.8
3784.4 -150.6 -105.3 -421.2 -13.1 -55.9
winner is: 6
