Regression analysis information for: chilean_mismatch_declarative-narrow-focus_Mi-madre-come-la-fruta
number of formants: 3
number of coefficients: 5
95.5 234 324
515.7 -59 -9.8 -36.8 -33.8 -110
1356 -93.9 -100.5 17.7 -106.2 -191.1
2066.4 12.9 42.6 141.6 3.3 112.5
98.4 285.5 334.7
523.9 -52.1 -16.3 -31.1 -35.3 -104.4
1504.4 120.3 -0.8 90 -4.4 -39.1
2171.1 77.3 -53.4 113.3 60 186
104.5 287.9 311.7
536.8 -53.3 -17 -29.8 -36 -111
1557.6 142.2 -7.1 52.8 -20.3 -56.2
2295 17.2 -142.4 82.4 109.5 154.1
123.5 278.6 283.7
554.4 -44.1 -17.7 -14.7 -51.6 -114.9
1600.6 188.1 -6.9 53.5 -50.3 -64.3
2461.6 72.7 -126.5 44.5 82.5 30.4
124.4 255.1 179.4
584.3 -72.7 14.1 -32.8 -33.3 -148.9
1657.8 150.8 72.4 15.8 -7.5 -100.2
2639.6 13.6 67 -63.5 72.3 -110.2
137.3 248.9 113.8
593 -76.9 17.8 -23.9 -44.5 -151.7
1675.5 138.6 91.3 10 2 -97.5
2708.3 12.2 116.2 -61.7 31.2 -113.8
147.2 251.2 110.1
588 -74.9 30.7 -34.1 -48.2 -143
1679.8 136.6 101.1 11.9 -4.1 -86.2
2729.6 -0.4 135.8 -55 24.3 -80.4
146.8 255.3 111.9
585.6 -81.7 32.2 -34 -53.6 -140
1680.2 131 109.1 21.4 -11.9 -83.1
2743.3 -1.7 159.4 -41.8 22.4 -61.7
145.5 261.2 122.5
580.6 -87 27.5 -32.4 -57.6 -135.6
1680.4 121 113.2 29.1 -23 -82.7
2764.5 -19.2 189.8 -27.6 13.9 -49.9
148.8 263 133.8
577.6 -95.5 17.9 -26 -64.7 -128.9
1676.2 112.6 109.8 22.3 -24.6 -88.3
2788.3 -40.3 216.9 -22.3 12.8 -38.1
166 284.3 169.4
584.8 -106.5 -6.6 4.3 -78.5 -139.8
1692.5 88.5 82.3 55.3 -50.4 -103.7
2833 -80.3 211.3 27.2 -4 -51.5
189.1 308.3 205.3
602.2 -125.1 -35 54 -115 -139.3
1712.6 64.1 58.6 89.5 -80 -105.7
2862.6 -95.2 195 67.2 -24.9 -36.7
198.5 328.4 220
608.3 -131.9 -44.8 70.5 -129.4 -134.8
1729.8 44.9 40 107.3 -104.5 -100.7
2870.7 -82.4 176.3 102.4 -48 -4.2
207.3 342.4 244.9
614.5 -137.4 -54.8 86.2 -138.2 -137.2
1750.1 33.2 29.1 118.3 -116.4 -90.8
2905.3 -105.7 169 151.6 -62.3 -0.3
219.9 354.2 264.2
622.2 -149.5 -47.7 84.7 -142.4 -130.7
1766.2 12 16.7 118.2 -131.3 -85.5
2948.3 -162.3 172.7 169.3 -78.4 -4.3
239.6 368 295.3
656.7 -181 -78.5 133.7 -161.6 -146.8
1802.8 -23.9 -21.7 160.1 -154.5 -98.9
3019.2 -218.6 130.3 221.5 -93 -22.7
231.4 371.9 309.3
654.5 -169.3 -96 126.2 -136.3 -153.4
1797.7 -5 -20.1 139.8 -120.9 -100.6
3039.3 -213 109.7 177.9 -48 -11.4
243 379.4 357.6
667.5 -160.7 -135.4 130.8 -121.7 -154.7
1863.2 14.6 -126.7 98.7 -62.2 -29
3113.5 -240.9 -16.3 91.9 -8.2 19.5
249.5 363.4 390.4
698.3 -188.3 -155.5 160.9 -122.7 -179.4
1935.7 49.8 -117.2 128.9 -26.4 40.5
3231.8 -234.4 -49.8 103.8 52.5 84.5
249 348.4 390
707.2 -184.7 -191.5 174.6 -98.8 -193.3
1975.4 67.7 -135.4 147.6 1.3 63.9
3343.5 -174.1 -78.5 127.5 125.3 138.9
winner is: 6
