Regression analysis information for: chilean_match_interrogative-partial-wh_Por-que-iba-a-Bolivia
number of formants: 3
number of coefficients: 5
66.5 260.3 226.2
483.6 22.3 14.1 -102.7 47.6 84.4
1571.3 -134.1 18.3 105.4 -225.1 -60
2233.4 -88 -63.9 151.8 -223.1 -219.5
68.8 286.9 239.9
480.3 27.8 10.9 -107.1 53.3 86.4
1571.4 -142.9 30.4 94.4 -238.2 -29.7
2277.1 -95.4 -112.4 165 -182.1 -187.1
72.9 265.3 227.2
490.7 28.3 18.1 -116 52.3 77.3
1596.2 -85.6 66.6 -31.8 -195.2 -128.4
2359.2 -63.6 -82.2 127.2 -124.4 -165.1
77.3 258.2 221.7
495 32.9 20.7 -119 52.4 67
1631 -62.1 5 28.3 -201.2 -205.1
2403.3 -39.7 -92.6 120.7 -97.4 -189.3
76.4 231.5 207
491.2 33.2 20.4 -112.8 48.5 65.6
1687.1 -68.2 -37.3 112.7 -262.3 -275.8
2442.6 -17.4 -59.2 149.1 -108.5 -236.8
80.8 223.3 211.7
488.4 33.6 26.8 -104.2 40.3 60.1
1728.5 -107.3 -15.5 123.9 -289.7 -293.5
2439.4 -35.2 17.8 176.3 -127.6 -308.5
94.7 210.1 200.1
499.1 54 36.5 -101.9 26.9 46.5
1776.9 -135.9 -7.7 149.4 -328.2 -272.2
2499 28.5 -6 212 -160.5 -284.1
101.9 200 189.2
503.7 61.3 35 -103.1 29.1 50.3
1829.4 -135.6 -8.2 127.1 -362.7 -285.2
2549.4 32.6 -8.6 177.5 -110.8 -266.2
100.9 204.9 182.7
505.8 61.8 27.5 -107.7 34.6 62.5
1874.7 -160 -3.2 127.9 -379 -266.5
2610.5 13.1 12.4 158.1 -109.8 -216.8
96.2 210.5 162.1
504.7 66.2 12.7 -110.3 39.8 79
1874.7 -179.1 -2.8 138.1 -368.1 -236.3
2714.3 -1 -6.7 60.8 -94.6 -143.6
94.8 222.6 179.4
499.9 71.1 1.7 -108.5 38.9 83.6
1854 -222 -10.8 185.1 -323.9 -205.3
2733.4 -9.9 -7.1 57.6 -109.9 -141.2
90.8 224 183.7
493.8 68.8 -3.1 -103.1 40.1 88.5
1849.6 -235 -18.6 207 -307.4 -206.8
2726.9 -7.9 -23.3 86.8 -105.8 -133.4
80.5 236.8 164.9
482.2 57 -6.1 -94.7 45.4 94.9
1832.1 -271.1 -40.6 244.7 -260.7 -196.1
2701.4 -29.5 -38.5 132 -78.9 -119
100 230.9 189.2
495.8 74.7 5.6 -94.6 34.4 62.6
1891 -193.1 -36.8 190 -353 -279.7
2748.8 19.3 -21.3 105.1 -154.1 -193.3
144.5 239.1 218.2
519.8 108.5 16.2 -105.2 8.1 24.9
1921.5 -157.1 -35.6 163.5 -398.6 -322.1
2801.5 35 15 60.2 -186.3 -263.5
169.6 250.7 246.9
543.7 119.9 38.9 -101.9 37.1 17.1
1952.6 -162.7 -15.9 147.8 -389.1 -358.1
2880.6 48.1 69.6 -3.5 -182.8 -329.4
188.5 266.9 273.9
556.2 124.9 55.4 -116.6 40.9 5.2
1982.2 -177.4 5.1 129.3 -374.1 -398.1
2947.4 21.5 118.4 -78.2 -145.3 -374.6
209.6 281 319.6
576.9 137.6 79.5 -133.6 55.2 -4.1
2010.2 -177.5 46.4 118.4 -368 -412.6
3050.1 -37.6 234.6 -177.5 -30.8 -425.5
247 282.5 302.8
625.2 124.8 100.7 -160.4 73.5 -41.4
2046.3 -155.1 80.6 112.9 -380.4 -454.7
3160.2 -72.6 299.8 -262.4 -24.2 -487.2
303.4 292.9 341.5
671.4 129.4 60 -140.8 85.5 -101.6
2100.9 -158.3 31.5 122 -333.5 -487.9
3278.4 -109.1 288.6 -274.5 -15.1 -536.4
winner is: 10
