Regression analysis information for: chilean_mismatch_interrogative-partial-wh_Cuando-miraba-la-luna
number of formants: 3
number of coefficients: 5
101.6 325.9 311.6
474.6 10.1 -36.7 -51.6 124.5 55.6
1296.8 17 -157.4 -84.2 210.3 -99
2110.3 -66.7 -201.3 -48.4 75.5 -106.9
102.8 308 307
480.3 5.8 -31.1 -55.9 124.3 53.1
1378.3 6.9 -149.4 -112.4 151.6 -126.4
2221 -112.5 -213.4 -68.1 55.3 -35.2
103.8 283.8 312.4
485.7 -1.2 -23.9 -62.5 122.3 55.3
1499.4 61.8 -131.9 -236.9 18.7 -146.7
2324.1 -128.1 -156.5 -95.1 -13.6 -21.8
100.2 253.6 293.2
490.8 -15.4 -22.5 -70.8 122.5 51.2
1566.1 43 -127.9 -246.9 30.9 -160.4
2419.3 -154.4 -145 -105.7 -42 -48.9
100.1 258 290.2
490.4 -20.5 -25.3 -70.1 121.3 54
1581 40.4 -141.4 -231.6 66.6 -155.1
2475.3 -136.5 -160.9 -125.3 -55 -27.8
101.3 260.8 280.4
489.6 -14.7 -26.8 -63.2 120.5 59.5
1593.2 37.9 -143.9 -218.1 75.6 -161.4
2518.2 -132.5 -168.5 -143.9 -75.7 4.1
101.1 259 259.9
488.7 -4.1 -24.4 -54.6 125.2 62.6
1618.3 42.9 -135.4 -200.9 77.6 -163.1
2595 -110.8 -99.3 -73 -67.8 66.3
101.2 257.6 225.7
488.5 3.4 -24.4 -45.9 123.3 66.6
1649.6 37.4 -130.4 -184.6 46.9 -165.9
2655.2 -50.7 -71.1 -35.2 -115.1 18.3
101.6 252.8 170.4
489.1 2.8 -25.2 -42.3 119.7 68.8
1654.3 23.7 -152.5 -193.2 18.1 -192.2
2726.4 -61.8 -26.1 -41.7 -171.5 -42.6
99.2 250.9 163.6
483.5 -1 -33.8 -47.6 115 63.7
1654.1 23.2 -159.5 -198.7 18.6 -201.3
2744 -64.8 -13.4 -43.3 -164.3 -51.1
99.7 245.1 173.8
481.8 -2.1 -37 -46.9 113.9 64
1647.3 2.3 -155.5 -175.6 29.6 -197.4
2756 -75 -7.4 -61.9 -168.8 -61.6
103 257.2 192.4
483.3 -6.9 -29 -55.6 125.5 55.9
1647.8 -13.1 -146.8 -162.3 26.4 -189.9
2766.4 -88.1 22.1 -85.7 -139.9 -70.8
109.3 260.5 221.3
490.7 -17.2 -19 -59.4 129.5 55.6
1648.1 -10.9 -141.5 -165.7 33.5 -188.2
2780.1 -167.2 30.1 -34.8 -122.8 -4.1
112.7 274.3 263.1
500.6 -30.1 -4.4 -67.3 138.3 51.8
1703.7 -72.4 -136.2 -114.1 -47 -157.6
2835.2 -242.9 84 -40.5 -107.6 -8
118.3 287.3 300.3
510.9 -43.1 8 -73.9 146 49.5
1735.7 -69.8 -134.8 -89.5 -71.7 -135.2
2911.3 -228.9 159.3 -15 -68.3 19.5
128.7 303.4 319.7
527.1 -21.4 32.8 -53.8 163.4 65.6
1763.9 -28.8 -135.5 -80 -90.4 -96.9
2993.9 -113.9 243.2 -8.9 -23.2 54.8
134.5 312.5 369.6
540.5 -22.9 34.9 -49.4 154.9 77.7
1817.7 -57.5 -132.8 -39.4 -140.7 -58
3111.8 -72.3 312.3 -5.3 -49.9 54.3
141.5 324.5 393.2
551 -16.7 31.9 -62.5 150.6 83.8
1843.3 -57.9 -150.6 -48.6 -157.5 -59.9
3206.4 -14.2 327.4 -75.1 -95.9 -7.6
145.1 331.9 450.9
555.8 -27.1 33 -65.9 152.9 84.8
1863.2 -71.9 -163.3 -51.9 -150.6 -73.3
3298.1 -58.5 331.3 -72 -129.2 -18.6
159.8 367.4 458.8
564.3 -19.6 41.9 -66.2 156.1 77.8
1899.3 -94.9 -153.4 -63.4 -133.6 -108.3
3352.7 -50.5 340 -89 -106.1 -31.2
winner is: 10
