Regression analysis information for: chilean_mismatch_declarative-broad-focus_El-nino-oye-el-rio
number of formants: 3
number of coefficients: 5
60.2 429.4 316.3
463 -21.9 -90.3 -52.9 97.2 78.8
1435.9 -289.3 109.2 238.4 22.1 312.4
2507.8 73 165.4 -80.4 -105 -5.8
54.1 458 233.7
470.7 -24.5 -106.1 -56.9 111.2 80
1560.9 -205 89.4 205.9 -99.9 217.1
2614.3 62.5 60.3 -74.3 -35.8 -71.3
52.4 470.8 169.7
475.7 -21.6 -110.7 -64.9 111.7 76.9
1642.3 -152.6 75.1 179.2 -133.7 183.3
2699.1 104 3.1 -63.2 0.6 -134.3
57.9 465 145.5
475.9 -24.8 -112.4 -62.6 99.5 84.9
1716.3 -51.8 181.5 192.1 -159.5 160.5
2738.8 101.4 22.4 -40.2 13.5 -122
57.3 419.7 129.9
474 -18 -109.8 -55.6 94.8 87.9
1812 106.1 302.4 213.1 -216.5 88.8
2781 99.2 38.4 -32 -9.4 -116
61.1 410.6 119.7
470.3 -14.6 -108.6 -43.6 81.1 92.9
1835.9 145.7 341.2 215.9 -257 51.1
2811.8 63.8 48.5 -35.3 -39.7 -88.2
63.5 410.1 129.8
465 -15.2 -102.5 -38 73.3 89.8
1846.2 166.4 364.7 239.1 -254 56.1
2836.8 72.5 69.6 -39.8 -56.8 -82.7
64.6 426.2 164.3
460.1 -17 -100.3 -32.9 69.2 87.7
1883 194.4 355.4 249.7 -279.5 48
2873.3 82.5 74.3 -36.9 -104.6 -107.9
64 442.6 196.9
457.3 -19.8 -101.7 -29.8 69.4 84.6
1906.4 193.9 344.9 285.2 -292.5 8.1
2913.1 102.1 75.1 -30.3 -134.1 -159.4
67.1 436 239.4
457.4 -27 -103.8 -21.5 67.2 85.1
1910.6 197.5 343.3 324.6 -294.2 -22.7
2956.3 176.2 84 -19.2 -190.7 -263.1
67.3 433.4 245.2
458.1 -28.9 -108 -20.6 69.5 83.2
1921.2 183.5 335.5 332.3 -319.7 -30.2
2978.7 195 68.9 -14.8 -196.5 -287
68.2 428.3 263.3
460.2 -29.9 -114.9 -21.1 72.6 83.6
1955.9 200.7 311.7 287.5 -386.4 -52.7
3023.9 222.2 32.3 -50.2 -217.4 -310.5
72.5 406.6 298.9
466.5 -32.8 -122.8 -20.9 67.4 89.8
2017.5 249.9 282.5 215.4 -466.2 -61.5
3107 253.2 1.7 -117.9 -240.9 -296.3
77.5 383.9 332.6
470 -33 -127.6 -19.1 62 95.3
2060.3 284.3 258.7 172 -504.6 -70.8
3194.6 270.3 3.4 -148.7 -230.2 -262.1
78.7 410.7 370.6
471.7 -32.2 -130.8 -27.2 73.3 90.2
2078.7 259.2 229.9 167.6 -479.2 -81.4
3254.6 264.4 -8.5 -155.1 -187.8 -267
98.6 454 392.3
495.8 -69.6 -84.6 -55.8 110.5 66.8
2098.4 120.9 289.7 41.5 -412.4 -142.3
3295.7 194.7 55.6 -272.9 -139 -298.6
100.6 416.3 396.2
496.4 -72 -83.4 -59 120.1 63.6
2157.4 178.9 317.5 65.7 -417.3 -199.3
3351.7 228.6 73.6 -271.2 -130.8 -343.5
116.3 391.4 412.4
509.4 -96.6 -70 -58.8 116.1 72.6
2243.9 181.2 366.3 54.8 -382.2 -277.5
3448.4 201.4 92.8 -268.7 -101.5 -411.1
120.8 382.3 419.6
514.6 -105 -68.7 -58.9 123.6 69.3
2288.7 179.7 386 70.3 -339.5 -306.2
3527.3 230.6 108.2 -268.4 -41.7 -419.2
136.7 372.9 401.7
537.3 -98.3 -84.6 -95.7 119 89.2
2332.7 171.5 429.4 49.5 -317.3 -318.9
3589.4 256.5 135.9 -294.7 7.8 -416.4
winner is: 6
