Regression analysis information for: chilean_match_interrogative-total-yn_Marta-abre-el-regalo
number of formants: 3
number of coefficients: 5
87 202.7 266.8
538.6 53.8 -13.4 4.8 -86.7 -51.3
1444.9 57 -294.6 96.7 -81 94.2
1978.6 -95.2 -293.7 128 11.2 56.9
81 178.1 288.7
541.8 36.2 -15.1 -13.9 -94.3 -63.7
1470.4 31.7 -299.4 90.7 -122.4 101.5
2008.6 -139 -288.7 131.5 -3.2 43.6
83.4 172.8 304.1
551.4 32.9 -7.9 -20.9 -97.4 -70.7
1512.7 64.9 -312.2 83.2 -155.3 104.6
2104.9 -145.3 -295.4 41.4 -51.4 42.3
81.9 164.5 305.9
565.5 34.4 5.7 -32.1 -98.2 -83.8
1561 76.9 -281.8 73.4 -182.4 49.2
2265.5 -89.4 -244 -69.6 -129.5 -25.3
92 142.2 286.1
578.4 56.7 24.8 -20.8 -87.6 -78.8
1602.4 126.3 -248.3 103.6 -178.2 31.9
2387.9 69.1 -103 -24.9 -89 5.5
94.8 142.8 277.2
577.2 65.9 31.8 -19.9 -76.5 -77
1594.2 147.6 -247.1 89.9 -139.9 20.9
2387.6 139.2 -60.4 -56.7 -8.9 -20
99 138 242.7
578.6 77.6 42.4 -9.9 -63.3 -69.8
1608.2 142.1 -263.7 104.9 -123 6.9
2402.3 184.4 -22.2 -30.6 83.8 -33
104.3 123.8 180.2
579.7 82.3 43.6 -5.3 -63.1 -67
1626.5 148 -261.4 124.7 -126.5 9.3
2501.4 148.5 -14.6 -9.9 77 -49.7
111 122.2 106.5
579.2 83.4 39.4 -3.2 -67.6 -60.7
1635.2 134 -271 127.3 -136.1 22
2595.3 45.7 4.8 -15.9 45.5 -39.3
114.5 129 78.2
579.8 85.1 35.7 -2 -73.5 -56
1641.1 130.2 -288.3 132.3 -149.3 36.5
2629.6 35.5 2.8 -11.7 23.1 -34.5
115 141.5 67.8
578.3 93.1 30 -1.5 -84.3 -52.9
1650.7 122.2 -296.2 134.7 -162 55.2
2656.6 37.4 6.2 -9.7 -16.5 -18.6
111.7 146.3 68.6
575.6 93 25 -2.3 -82.2 -49.8
1653 125.2 -304 133.5 -158.3 64.1
2662 42.4 3.4 -12.9 -23.4 -6.7
112.2 154.1 70.4
575.5 94.1 16 -3.4 -77.3 -51
1655.9 127.1 -314.2 132.6 -154.3 69.3
2659.9 54.1 -13.8 -6.5 -30.9 8.1
110.8 159.1 74.5
576.3 88.3 2.2 -10.6 -71.6 -55.7
1659.7 128.3 -321.6 134.3 -150.2 72.8
2672.3 38.4 -9.9 -20 -9.6 -1.2
107.6 167.7 83.2
574.7 81.8 -2.3 -18.5 -75 -61.8
1668.3 120.6 -321.9 133.5 -146.1 67.6
2686 22.6 0.3 -34.4 -1 -19
99.9 172.6 91.6
566.1 76.6 2.5 -25.6 -92.4 -66.4
1674.4 115.3 -320.9 132.2 -140.2 59.2
2694.3 3.1 1.4 -50.7 1.9 -40.4
105.5 172.5 101.4
569.9 76.1 0.8 -19.7 -97.2 -67.2
1678.6 120.2 -329.5 141 -137.2 52.5
2721.9 -18.7 10.9 -58.4 17.5 -70.3
114.1 215.1 130.2
583.8 66.1 1.1 -26.2 -79.4 -71.7
1718.6 78.1 -277 111.2 -80.5 23.1
2773.7 -48.4 49 -65.5 69.1 -92.7
133.6 236.6 181.3
612 63.2 13.3 -25.6 -42.1 -72.9
1752.1 67.6 -248.1 107.8 -36.3 12
2847.4 -56.7 116.1 -61.7 148 -112.1
160.3 250.6 203.8
640.2 63.8 15.6 -29.6 0.5 -80.9
1779.4 35.5 -243.6 92 -11.4 -5.6
2891.6 -76.6 99.2 -68.1 171.9 -150
winner is: 10
