Regression analysis information for: chilean_mismatch_interrogative-partial-wh_Cuando-comia-la-fruta
number of formants: 3
number of coefficients: 5
124.7 234.4 346.8
536.7 -43.4 -16.7 34.2 64.5 7.9
1459.7 -156.4 -330.7 -21.2 200.4 276.3
2251.2 -56.1 -236.9 93.1 123.6 153.8
123.5 288.4 346
547 -25.6 -12.5 33.9 54.8 -32.7
1485.1 -8.8 -324.8 -11.1 152.9 159.6
2388.6 32.1 -196.1 98.6 111.6 100
116.5 294.7 330.4
558.8 -37.7 -5.2 21.1 75.3 -59.3
1499.9 -3.5 -303.2 -47.1 206.4 85.6
2440.9 -9.7 -170.7 76.3 195.4 59.7
121.2 278.7 306.4
564.1 -47.7 1.2 21 76.2 -65.3
1540.9 -58.5 -272.7 -67.1 202.1 117.7
2521.6 -81.3 -127.7 48.2 196.2 77.7
117.1 252.5 291
569.7 -59.6 7.1 14.2 67.8 -48.5
1573 -80.8 -261 -103.2 218.2 150.1
2568.4 -116.2 -85.3 23.7 202.2 109.8
124.3 249.5 299.5
565.6 -62.9 3.2 18.8 66.9 -50
1589.3 -129.3 -242.8 -77 197.9 177.4
2589.6 -176.6 -76.4 15.2 162.9 138.8
127.1 241.8 271.1
571.9 -72.1 1.8 24.4 66.5 -56.9
1609.1 -151.8 -238.7 -59.6 193.9 189.1
2644 -195.5 -65.6 24.5 144.1 129.8
134.7 222.6 225.1
583.6 -80.4 -2.4 30.1 60.4 -67.9
1638.5 -179 -241 -75.2 187.9 199.8
2707.6 -211.9 -97.7 -4.3 93.5 138.5
147.5 223.9 203.4
582.6 -74.9 -10.1 47.1 47.3 -74.5
1660.6 -167.7 -237.4 -62.8 160.4 181.1
2801.8 -124 -61.5 -18.1 6.9 45.5
149.8 227.5 185.7
575.4 -62.8 -12.9 56.1 34.6 -70.8
1672.1 -174.1 -229.8 -49.1 146.3 184.9
2873 -65.7 -10.1 -27.8 -30.1 10
149.4 226.5 191
561.5 -39.2 -26.8 66.9 21.5 -55.4
1678 -155.9 -248.2 -50.1 134.4 200.1
2898 -15.9 -3 -21.4 -31.8 27
149.6 227.8 192.9
558.4 -36.3 -28.4 73.3 20.8 -55
1678.3 -151.8 -262.9 -31.6 135.3 212.8
2892.3 5.6 -6.7 25.1 -23.2 58.2
147.6 228.5 199.9
552.6 -29.9 -28.4 74.9 19.8 -47.4
1679.4 -152.3 -262.3 -40.3 143.3 239.9
2893.3 8.5 -25.3 48.9 -24.9 112.6
150.8 238.8 202.1
553.2 -33.1 -31 84.2 20.9 -48.7
1687.4 -156.9 -262.6 -14.4 130.9 249.8
2906.7 -5 -30.9 56.9 -20.7 146.7
164 260.9 215.7
561.3 -39.4 -42.4 102.5 20.2 -64.2
1673.7 -143.6 -249.3 -18.7 167.5 216.2
2940.5 -27.6 -22.5 52.5 3.4 124.1
172.9 274.3 236.8
570.6 -50.9 -40.2 101.6 22.3 -75.6
1689.8 -169.2 -248.3 -20.1 164.3 200.5
2989.5 -61.5 -2.1 -5.8 -8.6 90.2
179.4 288.2 257.1
580.1 -58.5 -39.9 101.3 21.3 -87.5
1703.5 -178.8 -251.6 -15.1 163.1 190
3054 -38.1 3.4 -61.9 -37.8 33.4
185.5 292.1 268.7
585.9 -56.1 -39.6 96.5 19.6 -96.8
1734.6 -153.7 -255.6 -26.9 124.2 164.4
3124.4 37.1 13.5 -97.6 -106.2 -40.3
190.9 306.9 259.4
592.4 -58.9 -32.6 96.3 1.3 -79.3
1788.9 -128.9 -227.1 -24.1 68.5 187.4
3208.6 108.6 52.1 -114.6 -199 -32.1
219.1 337.6 318.9
616.3 -76.1 -48.6 119.4 5.9 -106
1844.7 -183.4 -242.6 33.1 24.6 179
3289.8 99.8 58.4 -67.4 -211 -75.5
winner is: 10
