Regression analysis information for: chilean_mismatch_declarative-broad-focus_La-nina-lava-el-plato
number of formants: 3
number of coefficients: 5
104.7 321.4 246.3
532.6 -114.1 -10.7 -48.7 58.6 81.2
1435.7 -40 -18.3 -60.6 92.8 262.9
2135.7 69.7 241.3 -114.5 -61.8 5.2
104.2 301.4 280.1
541.1 -117.9 -15.5 -45.1 58.8 79.9
1511.2 -12.2 -5.3 -24.8 106.6 243
2226.6 63.4 204.3 -114.4 -95.1 30.7
101.1 287.9 272
550.3 -132.1 -16.3 -49.7 58.8 92.4
1570.1 -33.6 -27.9 9.8 107.4 245.6
2315.4 29 122.9 -89.8 -31 97.8
104.4 258.9 212.4
559.2 -132.3 -18.1 -43.2 61.6 100.4
1651 -7.5 -40.2 34.3 32.9 173.5
2459.8 39.2 65.3 -7.2 -66.3 54.7
104 245.6 169.3
559.2 -131.7 -19.7 -49.4 58.3 94.9
1699.2 47.6 -10.9 25.6 -1.6 134.2
2523.6 50.2 68.6 16.3 -78.4 27.8
109.2 229.5 153.6
563.8 -148.3 -19.3 -34.3 40 100
1747 95.8 28.7 29.9 -46 85.3
2579.1 46.6 91.4 -1.9 -117.2 -32.7
107.4 211.3 141.9
563.5 -148 -21.6 -30.7 38 95.1
1749.5 90.4 19.9 9.2 -68.1 58.9
2624.4 39.6 70.6 -36.7 -91.8 -64.8
113.3 215.6 148.6
564.1 -138.4 -19.5 -20.4 45.9 101.6
1749.3 90.4 28.2 31.3 -48.1 65.8
2644.1 52.8 86.3 -32.7 -97.6 -77.2
113.8 210.3 135.5
563.5 -139.1 -20.4 -21.3 46.5 102.4
1763.2 112.3 58.4 71.7 -19.7 78.4
2655.8 62.9 100.4 -12.7 -82 -78.2
116.9 209.7 139.7
565.2 -141.1 -6.9 -42.2 67.8 89.5
1799.1 159.8 88.5 62.3 -20.2 56.5
2672.7 94.3 111.6 -37.1 -71.1 -94.1
118.5 219 153.1
566.2 -158.2 -4.1 -58.4 70.1 73.9
1812.2 163.1 86.3 48.8 -18.4 58.6
2701.4 135.5 114.8 -45.1 -96.9 -100.5
126.3 233.8 146.7
569.8 -152.6 4.5 -48.9 76.1 79.4
1817.4 160.7 76.6 44.1 -19.4 72.2
2718 150.8 120.6 -33.7 -86.7 -80.9
135.8 249.3 171
577.8 -156.6 3.7 -54.8 75.7 87
1822.9 137.8 57.8 17.4 -35.7 64.2
2767.1 162 133 -82.1 -130 -130.6
139.3 206.1 243.4
605.7 -121.4 -57.2 -94 51.9 156.1
1898.5 251.1 70.1 -8.8 -121.8 1.7
2876.9 268.4 156 -161.8 -220 -205.3
159.4 162.2 248
626.1 -100.5 -94.9 -135.8 40.4 195.2
1958.7 331.3 78.8 -47.3 -200.7 -60.9
2944.2 344.6 159.7 -199.3 -295.7 -239.5
187.8 174.3 276.4
664.5 -96.5 -108.3 -180.3 59.2 235.1
1999 346.2 90.7 -72.3 -203.7 -64.2
3020.4 337.7 208 -250.9 -270.7 -246.1
185.8 177.8 295.4
669 -118.6 -100.7 -204.1 59.2 215.5
2015.5 330 98.5 -84.7 -201.7 -78.6
3061.8 287.9 270.9 -266.1 -251.9 -307.3
188 189.6 310
677.7 -131.4 -90 -179.2 57.1 221.8
2033.5 324 111.7 -77.3 -205.6 -75.6
3088 234.5 311.3 -280 -241.6 -332.2
206.9 209.9 340.2
703.3 -152.1 -104.1 -171.8 29.6 246.8
2065.1 309.5 114.8 -71.6 -220.5 -62.9
3141.1 192.7 334.4 -271.1 -242.7 -317.9
225.4 223.9 346.8
729.4 -172.4 -96.2 -138.1 11.1 274.3
2083.1 301.8 115.3 -62.2 -233.8 -49.3
3186.7 143.1 322.4 -268.5 -287.2 -287.6
winner is: 9
