Regression analysis information for: chilean_match_declarative-narrow-focus_Ana-lleva-el-abrigo
number of formants: 3
number of coefficients: 5
86.5 226.5 355.5
413.2 108.3 8.8 10.8 53.7 77.9
1482.1 277.9 -128.6 68.8 -134.9 -156.4
2165.4 214.9 -114.7 196.6 -92.2 -273.6
84 242.8 372.7
420.7 110.9 25.1 16.8 72.8 92.9
1521.8 310.3 -105.5 56.6 -82.5 -142.6
2211.8 152.2 -98.6 183.9 -42.6 -277.6
87 291.2 408.2
431.3 82.8 45 4.6 95.1 105.7
1526.7 216.2 -121.6 -3.2 -71.3 -100.6
2375.8 -29.1 -58.2 190.3 -62.7 -166.3
92.6 300.7 326.2
446.1 70.2 63.7 -1.3 110.6 114.3
1504.2 73.7 -127.6 -2.1 13.7 8.7
2536.4 -225.7 -16.2 83.1 -135.2 6.6
99.3 320 324.8
454.9 71.1 73.2 -4.2 118.4 117.5
1554 32.4 -160.3 70.2 -35.9 -12
2616 -230.4 -10.4 85.4 -153.9 30.2
107.7 348 344.7
453.8 61.9 71.9 -23.2 114.1 92.4
1634.2 89.7 -148.8 94.7 -88.7 -121.1
2747.9 -196.9 93.1 51.8 -146.1 -34.3
109.7 280.4 260.2
458.5 60.5 72.3 -32.6 114 70.6
1842.8 154.4 -187.5 162.5 -246.2 -339.8
2957.7 -98 141.3 97.1 -165 -180.4
107.2 258 204.2
470.8 76.9 81.8 -25 130.4 80.6
1873.7 191.3 -182.8 161.4 -178.6 -336.8
3053.9 -32.8 181.3 141.1 -33.9 -150.5
108.3 258.5 197.4
471.4 90.7 80.6 -14.4 135.3 89.8
1874.8 200.6 -193.6 165.7 -183 -339.3
3079.9 -18.8 171.6 154.9 -24.7 -163.6
112.5 269 202.5
466.2 98.6 72.5 -8.7 133.3 94.3
1882.9 199.2 -194.8 161 -178.5 -352
3104 -25.7 160 147 -18.6 -186.8
106.2 270.5 201.6
455.5 114.3 56 5.8 121.7 108.2
1882.9 214.2 -211.8 172.7 -191.8 -345.9
3116.6 -12.2 138 151.3 -34.7 -186.7
105 275.5 206.8
449.7 117.9 50.6 9.7 118.8 114.5
1883.3 223.4 -219.1 173.4 -200.6 -340.4
3133.9 -6 129.3 146.3 -47 -185.6
103.1 283.9 212.6
442.6 118.9 43.3 10.1 115.6 114.4
1881.9 230.8 -220.7 165.9 -204.6 -336.9
3134.6 -7.2 121 102.5 -50.9 -196.2
117 302.1 211.5
442.7 90.3 47.4 -14.5 119.8 95.5
1898 210.2 -178.6 125.6 -161.6 -352.2
3146.3 -15.1 163.6 50.1 3.6 -195.5
136.1 328.6 232.3
447.2 26.8 58.1 -74.3 126.4 40.2
1919.5 127.6 -129.8 58.8 -101.1 -402.3
3178.8 -89 210.3 -4.1 58 -221.5
136.6 346 230.2
451.7 -2.2 69.6 -101.4 135 13.8
1943.6 86.9 -114.3 51.1 -79.3 -427
3199.6 -98.1 200.6 14.8 38.4 -206.1
138 385.1 259.4
463.8 -38.1 94.7 -135.3 156.5 -12.8
1989.9 17.4 -84.6 43.2 -60.2 -480.9
3242.9 -148.6 226.2 22 37.3 -226.5
136.3 431.7 314.8
481 -68.7 109.5 -134.7 140.7 1.7
2055.8 -80.1 -38 41.5 -80.9 -495.4
3323.9 -258.7 270.7 45.5 -4.4 -254
132.4 447.3 368.1
493.7 -85.3 126.1 -131.1 131.3 23.8
2137.4 -176.5 40.4 9.5 -100.9 -458.9
3459.4 -375.4 293.8 98.7 -96.9 -250.5
148 455.5 398.3
507.2 -91.3 161.3 -125.1 145 37.1
2231 -256.6 133.7 -10.4 -112.9 -410.8
3588 -447.9 332.3 121.2 -173.2 -248.3
winner is: 9
