Regression analysis information for: chilean_match_interrogative-total-yn_Manuela-vende-el-carro
number of formants: 3
number of coefficients: 5
99.3 226.7 290.5
500.9 -69.4 -18.3 27.4 -67 -4.1
1469.6 116.4 -227.8 32.8 -54.9 -69
2038.9 -80.2 -121.2 -81.9 108.3 -73.3
100.1 212.3 272.3
499.6 -71.5 -15.3 18.9 -60 -17
1481.4 119.5 -213.3 -4.3 -47.5 -57.5
2076.7 -123.8 -97.9 -135.2 158.1 -92.6
100.3 182.9 290.5
504.5 -70 -18.9 17.8 -61.7 -12.8
1529.7 121.8 -269.1 -24.4 -40.3 -36.2
2153.4 -134.4 -119.5 -141.9 137.1 -97.9
104 169.1 306.4
507.9 -66 -16.5 17.2 -64.1 -9.7
1572 150.7 -269.1 -21 -48.8 -31.9
2268.2 -95.5 -108.4 -130.9 67.6 -113.7
113.1 162.3 285.3
516.4 -62.5 -7.7 21.3 -60.5 -8.8
1594.2 128.6 -283.1 5.3 -48.5 -57.6
2344.8 -100.6 -102 -120.1 49.4 -124
118.8 156.7 239.4
523.1 -54.8 -4 34.8 -65.3 1.7
1611.6 145.8 -279.7 24.6 -45.8 -55.4
2421.1 -66.9 -56.1 -86.5 39.9 -142.8
130.1 152.5 202.9
532.9 -47.6 7.3 60.2 -72.6 21.7
1635.5 165.1 -265.5 54.4 -36.5 -21.9
2490.4 -34.7 2.1 -45.5 49 -107.1
139.9 171.9 197.3
542.4 -47.8 4.4 65 -52.1 5.8
1670.1 129 -257 32.9 0 -44
2535.9 -41.9 -1.3 -60.7 70.9 -123.1
143.5 181 195.7
543.7 -47 3 65.5 -46.1 -3.3
1683.3 117.6 -266.5 33.3 16.1 -57.3
2558.6 -51.4 -25.3 -64.5 71.9 -133.2
150.9 197.9 195.4
550 -64 12 59.4 -52.7 -0.3
1691.7 101.1 -238 10.3 24.9 -58.4
2588.1 -47.4 -19.3 -89.9 108.6 -109.7
147.9 200.9 189.8
550.1 -70.1 6.7 50.6 -46 -9.9
1706.2 95.2 -244.6 16.7 33 -72.1
2612.8 -65.7 -31.9 -94.3 111.4 -95
151.4 209.1 191.5
554.3 -85.6 9.3 46.4 -50.2 -10.9
1722.5 73 -223.3 -10.9 47.9 -78.2
2629.7 -87.6 -24.9 -113.6 110.6 -86.3
155.9 217.3 187.4
559.2 -104.9 20.1 34.4 -43.5 -22.7
1736.5 58.4 -208.6 -26.6 66.9 -92.2
2652.8 -82.4 -24.8 -115.9 125.3 -73.7
168 230 201.3
572.6 -120.1 8.1 37.2 -37.6 -22.9
1760.4 27 -200.6 -33.4 85 -103.4
2694.6 -99.4 -26.1 -103.9 146.6 -67.2
179.3 240.9 223
580.1 -125.7 -9.3 51.6 -46.3 -12.3
1775.8 11.2 -198.5 -32.7 88.2 -101.2
2731.8 -119.9 -30.3 -96.6 163.6 -63.9
188.7 249.8 254.6
592.3 -151.1 -6.7 51.7 -56.9 -13.7
1794.3 -19.4 -179.2 -46.1 106.2 -111.8
2770.9 -163.6 -3.3 -121.1 204.7 -88.6
194.9 258.8 272.6
600.6 -164.1 -10.9 50.6 -43.4 -25.7
1822.3 -60.9 -149.1 -70.2 127.9 -134
2812.7 -194.5 16 -144.6 237.1 -108.6
206.2 261.4 303.3
620.3 -177.2 19.4 43.5 -54.9 -14.4
1864.3 -104.8 -79.1 -112.3 143.6 -141
2866.8 -250.9 94.2 -147.8 231.5 -146.3
230.5 268.9 334.2
647.3 -180 -2 11.7 -70.2 -5.7
1895.9 -111.3 -84 -151.2 128.5 -144.9
2953.6 -253.4 72.8 -196.6 235.3 -130.7
316.9 312.9 405.5
728.8 -124.3 19.4 -2.3 -140.1 -54.6
1952.8 -105.8 -69.1 -173.1 88.9 -194.7
3070.6 -223.5 111.4 -229.4 200.7 -204.6
winner is: 7
