Regression analysis information for: chilean_mismatch_declarative-narrow-focus_La-nina-lava-el-plato
number of formants: 3
number of coefficients: 5
98.3 284.4 299.2
519.7 -43.5 13.6 -18.1 102.5 79.7
1457 86.4 7.9 157.6 62.9 150.3
2059.6 264.6 -11.8 138.4 -114.5 54.1
104.7 294.2 353.8
525.3 -55.2 3.8 -28.3 104.7 82.8
1502.9 22.3 -68 73.1 -18.9 184.6
2151.2 237.6 -32.2 62.7 -136.1 -0.7
108.9 281.6 317.9
543.6 -59.4 9.5 -31.1 120.5 88.9
1565.5 17.5 -138.6 27.4 53.7 240
2331.5 163.3 -129.3 -78.6 31.3 15.9
118.9 242.8 234.1
560.4 -80.9 17.8 -26 117.5 99.5
1642.9 -0.5 -59.4 24.4 99.4 258
2517.9 -15.4 -0.4 -94.1 58.9 38.8
125.8 215.5 167.3
570.9 -84.9 23.1 -22.1 112.6 102.5
1714.4 65.5 -41.9 36.9 40.6 204.4
2652.8 34.4 21.7 -16.1 -9.6 11.3
129.5 202.4 130.2
574.1 -85.1 27.8 -15.2 109.8 105.7
1773.4 130 -22.6 44.5 -22.3 105.9
2705.8 54.4 34.2 18.4 -50.4 -17.5
129.8 203.7 115.5
571.2 -80.3 29.2 -11.6 109.2 106.6
1785 148.3 -11.2 66.4 -14.5 98.9
2737.1 75 37.2 30.7 -62.6 -37.5
127.8 207.5 106.8
567.6 -77 29.5 -9 107.2 107.1
1803.2 168.4 -9.9 66.9 -30.6 100.5
2775.7 99.4 36.4 41.5 -103.6 -49.4
125.7 224.5 103.5
563.7 -74.1 27.5 -7.4 105 107.2
1800 165.6 -9.3 80 -16 114.8
2787.7 105.7 33.5 43.1 -112.8 -42.2
121.9 228.3 113.1
559.5 -71.5 25.6 -8.5 107.6 105.7
1810.8 177.3 -10.8 72.6 -25.7 112.9
2801.5 119.9 33.8 23.8 -124.2 -44.4
119.8 230.4 135.7
557.4 -70.2 24 -9.9 108.4 103.9
1825.1 197.9 -8.9 61.9 -44.4 96.5
2819.6 139.6 33.4 5.8 -145.7 -62.2
119.8 212.8 171.3
557.5 -72.8 24.1 -12.8 109.4 102.1
1875.6 264.7 -5.3 7 -127.5 31.9
2857.1 174.2 39 -36.2 -196.3 -108.4
124.8 226.6 187.7
564.7 -75.5 38 -15.2 123.7 101.7
1884.6 257.6 0.1 10.2 -109.5 41.8
2873.7 178.8 47.5 -48 -200.6 -114.1
123.1 238.7 196.7
562 -74.5 35.5 -17.7 125.1 99.4
1872.5 227.6 4.3 32.2 -82 53.1
2876.3 175.7 46.2 -51.4 -202.6 -119.2
124.6 241.6 212.7
562.7 -74.7 36 -19.4 127.1 98.7
1881.5 225.3 4.2 34.4 -73.1 67.9
2893.6 162.2 59.3 -69.2 -189.9 -120.6
127.5 250.6 231.7
564.7 -79.5 40.1 -17.3 124.8 97.3
1889.9 226.6 7.5 42.3 -67.5 78.9
2911 140.8 77.1 -87.1 -179 -130.6
121.7 246.2 229
561 -65.5 30.2 -16.7 132.6 107.7
1882.9 234.6 -17.1 32.4 -72.5 91.6
2911.7 148.4 59.7 -93.6 -158 -112.3
131.1 264 255
579.1 -81.2 14.4 -9.3 121.9 128.7
1925 254.1 -20.5 33.8 -91.7 116.3
2956.3 134.5 44.9 -112.1 -178.7 -88.1
143.2 222.5 312.2
598.2 -95.2 21 -42.5 152 128
1991.6 283.1 -46.5 -110.3 -178.7 60.6
3064.5 158.8 15.8 -291.6 -194.8 -82.7
186.3 245.3 367.6
637.4 -120.5 -4.6 -48.2 175.5 132.9
2038.7 278.4 -63.8 -118.8 -157.5 65.5
3201.7 156.9 -85.7 -388.2 -130.6 -21.2
winner is: 8
