Regression analysis information for: chilean_mismatch_interrogative-partial-wh_Por-que-oia-el-rio
number of formants: 3
number of coefficients: 5
72.4 394.7 343.3
499.4 55.9 -15.8 -15.7 -30 -25
1489.2 159.7 -279.7 115.3 -143.9 -271.6
2359.2 40 -161 249.8 -194.8 -80
77.1 448.8 334.6
505.8 37.4 2.3 -29.9 -21.7 -37
1561.7 115.9 -325.6 110.2 -125.2 -250.7
2452 -11.9 -154.9 153.7 -162.3 -47.3
73.8 440.5 284
511.2 38.9 9.7 -38 -11.1 -38
1625.3 138.7 -299.1 96.3 -173.6 -254.1
2578.6 24.5 -205.1 52.3 -122.9 44.3
67.1 435.6 241.4
507.7 28.3 8.4 -45.4 -0.7 -31.5
1660.4 141.4 -327.1 82.4 -127.1 -225.6
2634.6 12.6 -176.5 27 -103.5 76
66.1 461.7 258.5
508.9 24.2 3.7 -39.4 -0.2 -32.2
1751.9 39.1 -349.2 127 -220.2 -51.8
2675.3 -0.7 -172.1 33.1 -141.5 127.2
64.6 467.7 265.5
511.5 19.5 8.4 -38.2 0.9 -33.8
1822.8 -41.2 -383.3 181.9 -242.1 -25.6
2727.5 -78.1 -148.7 -15.6 -115.4 89.9
66.5 462.7 237.1
516.8 19.7 16.8 -34.5 1 -38.5
1837.5 -59.3 -373.7 210 -230.2 -28.2
2743.7 -75.9 -113.7 -20 -60.5 65
71.7 459.6 222.2
518.4 24.2 18.7 -32.4 -3.3 -42
1873.4 -40.7 -369.2 216.5 -252.9 -85.9
2777.5 -97 -124.9 -22.2 -54.5 28.7
73.5 463.1 216.5
519.2 28.7 21.8 -32.2 -4.6 -46.1
1891 -16 -355.9 224 -271.9 -109.4
2833.4 -100.4 -84.4 13.2 -57 57.2
82.4 473.1 250.1
513.9 47.3 13.2 -14.6 -16.3 -42.5
1892 9.4 -362 245 -278.7 -108
2862.9 -104.9 -101.7 23.4 -43.8 69.8
82.3 472.1 288.5
504.3 61 19.2 -16.5 -15.3 -34.4
1889.5 35.3 -366.7 265.7 -291.2 -79
2896.9 -67.3 -128.4 58.4 -51 116.8
87.8 481.7 313.8
503.7 64.6 25.1 -21.3 -12.4 -42.6
1890.2 24.7 -335.6 256 -294.4 -83
2924.9 -94.3 -113.8 76.7 -58.2 144.6
89.2 474.6 303
503.3 65.4 26.4 -27.2 -9.3 -44.1
1901.4 19.9 -332.5 256.8 -308.1 -107.2
2941.7 -115 -87.3 95.3 -73.5 160.2
95.9 475.8 325.9
507.8 65.5 25.4 -23.5 -8.1 -49.3
1931.8 40.6 -327.7 273.4 -305 -125.6
2985 -112.5 -78.1 90.6 -94.4 145.4
93.1 512.7 375.9
511.1 55.6 35.8 -38.4 4.6 -49.2
1963.8 -2.4 -292.5 228.2 -242.5 -159.6
3053.1 -140.7 -39 -0.7 -58.9 83.2
94.3 525.7 407.3
515.5 51.1 35.8 -44.5 6.7 -56.2
1997 -29.3 -235.7 165.7 -165.8 -248.8
3116.5 -96.9 26.7 -106.7 43.5 -51.2
97.6 533.1 462
520.1 51.5 36.5 -53.2 8.1 -56.2
2054.3 -23.5 -230.6 107.9 -174.4 -223.1
3190.1 -71.9 31.1 -201.1 14.3 -41.1
96.9 477.8 472.1
524.6 49.6 31.2 -66 6.2 -49.3
2147.5 21.7 -302.8 -54.7 -189.6 -106.2
3294.1 -29.7 -14.8 -347.5 -84 31.7
97.6 476.4 458.6
527 48.8 36.5 -71.4 8.8 -44.2
2184.6 16.7 -287.3 -100.8 -160 -69.1
3345 -53 -10.4 -393.8 -119.9 38.6
100.3 464.3 447.4
530.1 51 35.6 -70.8 6.1 -44.1
2210.7 37.4 -273.8 -108 -163.1 -43.6
3411.8 -48.7 -0.9 -435.3 -164.9 67.8
winner is: 4
