Regression analysis information for: chilean_match_interrogative-total-yn_David-leia-el-libro
number of formants: 3
number of coefficients: 5
58.5 181.5 218
429.7 21.8 45.5 -26.8 -0.1 61.1
1742.4 330.9 -386.7 110.6 -74.7 -89.2
2271.6 252.7 -441.2 123.9 -102 -152.2
59.9 200.6 234.9
430.1 5.6 47.4 -23.2 -1.9 64.6
1740.5 319.5 -358.9 113.8 -111.7 -84.7
2288.7 246.3 -444.7 136.6 -143 -134.2
61.2 218.2 266.3
430 -8.9 54.2 -35.3 10.8 57
1719.3 244 -389.1 80.8 -106.7 -69.3
2326.2 174 -395.7 82.5 -106.3 -184
57.8 252.2 260.8
432.4 -21 62.8 -45.7 17.9 56.5
1702.3 195.1 -433.3 54.8 -13.1 -30.5
2375.7 66.1 -331.8 5.9 -13.5 -220.4
54.9 241 244.3
434.4 -29.4 70.1 -53.1 24.1 58
1739.2 195.8 -454 36.6 5.4 -47.7
2409.6 10.1 -305.1 -43.7 6.4 -217.3
54.1 251.4 227.3
435.4 -31.7 73.8 -55.1 24.5 63
1784.7 218.2 -470.3 18.6 -22.5 -44.5
2443.1 -16.4 -280.5 -68.6 -28.9 -204.9
57.1 233.5 205
435.2 -27.4 74.8 -52.5 22.5 69.8
1860.8 275.6 -471.4 50.5 -13.1 -71.5
2567.2 -21.3 -198.1 -38.5 -47.2 -191.5
57.9 215 179.5
433.7 -19.2 71.8 -46.5 19.9 75.2
1891.5 362.7 -391.9 13 -85.2 -5.4
2628.4 45.2 -166.4 -9.3 -45.4 -142.8
59.8 213.2 171.9
430.9 -10.1 63.5 -35.1 10.8 84
1913.5 376.5 -417.6 18 -94.7 -14.6
2661.7 79.4 -152 32.2 -27.6 -125
58.9 212.2 153.6
430 6.2 64 -24.6 17.2 89.9
1923.5 383.4 -425.3 41.2 -88.1 -27.9
2704.8 127.9 -153.5 64.6 -25 -127.9
61 208 159.2
428.6 -0.8 58.9 -26.5 6.3 89.4
1929.2 378.7 -434.4 52.6 -94.6 -46.2
2734.7 137.3 -169 106.2 -19 -149.7
62.7 206.1 172.4
429.3 1.5 61.9 -25 9.7 91
1939.9 373.5 -449.4 65.1 -84.1 -56.7
2758.4 126.3 -178.3 125.6 -5.5 -177.3
64.6 201.7 165.3
432.1 6 68.1 -20.5 15.7 97
1950.5 376.8 -455.7 70 -75 -50.8
2766 117.6 -157.5 129 4.1 -173.3
66.1 200.9 179.4
433.5 7.1 76.1 -27.5 30.3 89.9
1981.9 364.9 -502.4 109 -43 -79
2801.8 79.2 -134.5 118.9 39.3 -192.3
82.2 207.7 224.8
447.5 -14.5 79.7 -21.3 23.5 88.8
2028.3 316.3 -533.9 123.8 -12.6 -115.2
2882.8 -14.4 -128.4 106.9 104.4 -260.9
81.2 199.7 243
451.9 -24.6 91.7 -35.9 35.9 83.6
2048.2 307.3 -545.9 119.4 -0.9 -118.3
2957.1 -86 -126.1 75 178.1 -323.5
88.5 201.8 249.4
458.9 -38.5 100 -41.1 35.3 86.6
2060.9 312.8 -544.7 113.4 -0.1 -123.5
3006.5 -118.8 -128.1 40.1 207.5 -322.6
93 201.9 260.6
461.5 -45 104 -44.4 34.4 91.3
2078.3 324.3 -546.8 104.1 0.9 -127.9
3048.5 -126.4 -136.3 13.1 218.8 -310.4
114.1 204.9 284.1
471.1 -44.5 89.6 -19.8 7.4 92.5
2099.1 344.2 -552.3 104 -13.6 -135.9
3108.5 -124.2 -149.6 -0.9 210.6 -308.6
139.8 208.6 299.6
493.3 -39.6 96.3 -2.8 -3.8 79.6
2125.7 361.7 -551.5 115.5 -32.6 -151.6
3195.6 -90.6 -202.7 -7.1 221.1 -290.7
winner is: 10
