Regression analysis information for: chilean_mismatch_declarative-broad-focus_Mi-madre-come-la-fruta
number of formants: 3
number of coefficients: 5
108.2 254.7 279.2
515.1 -24.3 -86.4 -54.3 -119.4 -28.5
1475.6 189.4 -18.6 -3.2 -124.5 168.8
2105.2 92.6 20.9 158 109.1 215.9
110 280.8 298
520.5 -29.8 -90.4 -47.1 -131.6 -24.7
1521.1 100.8 -29.6 46.2 -118.8 113.2
2205.6 -52.5 40 171.9 134 164.6
114.7 284.5 256.8
532 -39.7 -92.9 -47.6 -132.2 -33.5
1556.5 56.3 -44.2 14.9 -70.8 92.9
2302.6 -134.7 97.5 129.8 175.5 128.2
115.9 286.5 225.9
535.2 -40.9 -92.5 -44.8 -136.2 -36.3
1578.9 69.1 -45.4 14.8 -54.9 94.1
2363.3 -127.1 82.2 159.6 190.8 88.9
118.3 285.3 232.5
536.6 -35.9 -92.1 -48.8 -141.1 -43.1
1608.6 115 -22.1 13.8 -58.3 96.8
2402.8 -104.9 84.6 136.6 177.6 46
119.7 282.1 210.9
538.3 -30.4 -95.1 -53.1 -141.5 -50.4
1621.2 130.7 -21.6 16.3 -57.1 92
2477.5 -56.2 90.3 115.5 145.7 -23.3
121.4 277.1 206.5
536.7 -32.2 -98 -53.7 -138.7 -45.3
1631.8 144.6 -22.7 11.2 -51 106.6
2528.8 -11.5 88.4 54.3 126.2 -8.2
124.2 277.2 197
538.6 -28.4 -96 -58.7 -146.3 -44.8
1638 152.9 -17.7 13 -41.5 122
2580.5 23 88.7 -3.2 93.6 -0.9
125.7 272.1 150.5
544.5 -18.8 -89.8 -63.7 -162.7 -53.6
1652.2 173.8 -13.2 4.1 -58.8 120.8
2633.1 84.2 99.2 -38.5 28 -19.6
127.9 274.8 137.7
547.2 -14.2 -84.5 -67.9 -174.1 -56.1
1657 174 -6.5 6.1 -60.1 123.8
2648.7 85.1 119.4 -28 15.4 -16.4
130.1 278.8 137.6
549.4 -14.6 -83.3 -67.3 -180.6 -57
1663.8 169.7 -4.9 8.4 -64.1 126.9
2667.2 73.9 131.8 -23.1 10.9 -9
132.7 283.4 148.6
549.8 -15.4 -84 -64.2 -185 -53
1670.2 162.5 -8.8 7.8 -67.6 132.1
2684.8 47.6 140.8 -34.1 15.1 -12.8
145.2 298.5 172
560 -37.5 -68.9 -79 -170.1 -62.3
1684.5 137.5 1.6 -9 -58.1 123.9
2717.7 -0.5 177.9 -69.5 50.2 -35.5
146.8 305.4 185.3
562 -45.8 -68.2 -85.6 -156.7 -64.6
1688.2 127 11 -20.2 -51.5 114.3
2738.2 -64.5 198.7 -116.9 74.1 -65.6
160.4 317.6 203.1
571.1 -66.8 -66.2 -82 -158.1 -48.2
1696.8 103.4 16.4 -33.9 -54.5 128.9
2760.6 -119.5 211.8 -141.7 77.1 -42.9
175.7 316.4 243.1
585.7 -100.3 -64.7 -71.3 -161.9 -20.5
1724 74.5 -3.3 -34.2 -47.8 152.9
2824.9 -163.2 180.8 -129.6 104.7 3.9
186.6 314.1 290
590.5 -109.5 -70.1 -64 -167.1 -7.4
1755.1 69.8 -8.9 -17 -35.2 172.5
2934.4 -247.8 200.3 -89.7 114.8 51.4
198.7 319.4 348.1
600.1 -107.7 -69.6 -51.7 -171.3 3.7
1790 88.3 19.2 23.1 -20.3 201.8
3058.3 -285 235.5 2.7 80.7 89.5
216.3 325.9 381.3
611.5 -106.4 -65.3 -47.5 -170.2 13.1
1818.1 104.5 30.6 47.5 3.2 218.7
3172.8 -218.9 268.4 76.4 169 120.4
244.2 337.9 365.8
654.3 -116.1 -95.4 -7.3 -160.7 -39.5
1883.2 109.6 5.5 92.3 54.1 175.3
3313.5 -144.5 320.9 179.5 231.4 107.1
winner is: 10
