Regression analysis information for: chilean_match_interrogative-partial-wh_Por-que-ama-la-navidad
number of formants: 3
number of coefficients: 5
102.3 257.1 290.8
515.2 -44.6 75.1 -87 15.1 29.9
1479.7 -113.3 -64.5 7.4 -182 103.7
2104.4 28.6 -15.9 80.3 -199.5 -34.8
108.1 263.7 312.1
515.8 -50 66.9 -92.4 20.8 28
1493.1 -95.8 -70.2 -13.9 -192.6 81.4
2134.8 25.2 -25.2 50 -222.9 -19.2
116.6 254.2 347.2
525.5 -46.1 63.8 -94.3 26.1 12.7
1580.8 -57.4 -101.1 3.6 -251.4 -20.7
2249.3 44.7 -67.4 98.6 -227 -18.5
126.5 211.4 332.8
531.3 -52.9 56 -81 32.4 -2.8
1673.2 -112 -157.1 47.1 -256.5 -134.6
2340.1 -30.2 -152.1 170.7 -186.9 -67.9
131.4 184.6 277.5
538.3 -58 60.1 -71.4 42 -13.8
1719.7 -117.2 -123.5 59.4 -213.2 -123.1
2463.4 -58.3 -25.4 227.3 -55.5 -63.5
143.1 201.4 269.6
547.3 -46.9 61.2 -65.4 49.9 -12.9
1734.3 -91.8 -113.1 85.3 -211.5 -128.3
2501.9 -24.8 -18.5 224.8 -53.1 -84.4
149.2 230.7 280.1
549.4 -40.4 56.2 -70.4 55.8 -10.9
1720.2 -34.2 -120.8 61.8 -186.8 -149
2494.1 64.1 -100.2 217.9 -36.3 -79.2
149.7 221 258.6
546 -32.9 54.4 -75.4 55.1 -2.9
1749.5 -62.9 -128.3 102.7 -203 -156.1
2523.7 107.7 -142.1 249.4 -30 -101.4
140.9 213.7 244.4
534.9 -36.7 65.9 -86.3 50 10
1759.6 -92.1 -114.9 94.9 -206.5 -134.9
2573.4 11.7 -76.8 208.9 -4.1 -82.4
131.9 187.2 143.7
528.9 -44.2 83.7 -103.2 39.2 24.6
1782.3 -150 -96.8 77.8 -235.7 -104.5
2659.2 -155.8 17.5 155.5 -30.5 -4.9
135 182.8 147.3
530.3 -44.3 83.2 -111.6 32.6 25.2
1792.5 -148.2 -102.5 69.3 -256.4 -116.4
2677.2 -147.2 24.8 140.9 -43.2 -10.8
139.1 186.9 153.8
534.3 -32.4 73.5 -121.8 31 31.4
1806.9 -132.2 -101.4 61.7 -271.4 -122.3
2702.4 -122.1 33.9 125.2 -55.7 -11.1
143.5 193.5 156.1
532.1 -15.9 68.7 -119.4 30.3 26.7
1814.5 -120.4 -103.5 60.9 -281.9 -126.1
2711.4 -108.3 29.4 122.8 -60.2 -4.2
152.5 198.7 167.4
535.4 3.2 69.9 -120.9 22.7 10.1
1820.1 -79.8 -93.9 39.5 -285.6 -155.8
2723.1 -75.7 27.6 120.3 -69.4 -21.6
161.5 211.4 181.7
537.6 17.1 80.2 -110.2 24.9 4.8
1837.7 -31.8 -68.2 50.1 -273.8 -162
2744.7 -11 59.9 146.7 -47.4 -32.8
162.7 200.6 186.5
538.5 20.2 78.4 -113.2 23.1 7.1
1835.8 -18 -69.1 37.5 -267.7 -170
2766 34.4 64 126.2 -56.4 -56.4
168.9 205.9 199.7
543.4 31.1 88.5 -108.7 21.8 2.9
1850.2 -0.7 -55.9 49.9 -269.8 -170.8
2793.5 78 78.2 107.6 -77.2 -82.7
177.2 215.8 202
553.9 43.8 85.8 -126.2 10 9.1
1868.5 5.5 -48.2 64.9 -278.8 -165.1
2846.2 118 81.7 75.8 -111.6 -75
185.6 225.7 215.4
558.6 48 85 -133.5 9.8 18.9
1885.4 5.2 -47 77.9 -283.7 -155.1
2894.6 121 74.9 68.1 -145 -56.1
207.8 270.4 289.2
613.7 74.4 7.7 -177.5 79.2 78.7
1947.3 39.7 -80.9 72.9 -233.1 -108.7
3015.7 174.9 55.6 61.8 -132.5 -9.6
winner is: 10
