Regression analysis information for: chilean_mismatch_interrogative-partial-wh_Cuando-lavaba-el-plato
number of formants: 3
number of coefficients: 5
91.6 213.2 298.4
555 15.3 -32.3 -11.8 -47.8 80.3
1354.3 170.8 -264 97.2 -118 -118.6
2163.1 147.6 -359 96.9 -7 -30.3
94.7 215.4 302.6
553.1 17.1 -29.4 -21.3 -40.5 75.7
1359.7 197.9 -255 58.1 -91.3 -143.7
2231.4 167.2 -311.9 52.3 18 -70.8
93.7 208.6 294.3
561.2 -0.6 -20.2 -27.8 -38.5 76.2
1405.6 166.7 -248.1 67.4 -86.8 -120.1
2335.7 78.5 -217.6 31.1 46.9 -91.1
90.4 159.4 211
565.8 -14.6 -14.8 -18.7 -43.9 86.9
1490.8 50.5 -194 142.5 -137 -50.7
2479.3 -149.6 -61.6 67.2 26.7 -1.8
89.3 149.5 223.4
559.8 -20.3 -17 -15.8 -47.5 83.4
1492 19.5 -223.5 156.5 -179.4 -66.2
2472 -234.2 -108.3 88.8 14.6 11.2
87.2 152.7 218.6
555.4 -21.1 -19.6 -7.2 -55 85.4
1481.8 8 -222.4 166.4 -193.5 -55.9
2465.5 -276.2 -117 104.2 -29.1 10.3
88.1 140.6 199.3
554.8 -18.9 -17.4 -4.7 -55.8 87.2
1504.7 20 -220.7 179.4 -185.5 -71
2522.8 -247.2 -91 104 -33.7 -18.2
89 139.7 188.9
555.3 -13.4 -16.2 -4.1 -54.2 90.2
1526.6 27.5 -224.2 187.3 -166.2 -78.1
2597.1 -172.9 -68.2 77.4 -36.4 9
89.8 141.8 175.6
554.2 -4.2 -16.9 -2.5 -52.6 89.7
1542.2 45.5 -222.2 200.1 -153.5 -83.7
2658.3 -131.8 -58.1 55 -37.5 -11
90.1 148 158.7
551 0.9 -17.6 -3.8 -52.6 89.7
1543.7 62.7 -215.1 205 -151.8 -79
2703.1 -61.8 -28.2 46.5 -47.9 -23
89.2 134.7 143
547.1 4.3 -22.4 -4.6 -53.6 89.5
1522.4 51.7 -267.9 193.2 -189.9 -101.4
2732.2 -12.6 -88.9 45.7 -67.5 -20.9
90.2 143.7 142.5
545.7 4.5 -23.6 -7.8 -53.9 88.5
1526.1 62.2 -263.7 197.6 -179.5 -96.8
2756.4 -7.4 -93.2 35.4 -60.1 -23.7
91.3 146.8 153.1
545.6 7.2 -21.1 -9.7 -51.9 91.7
1526.5 82.2 -249.4 195.4 -163.5 -80.4
2772.5 16.9 -84.1 23.4 -47.6 -34.3
100.5 172.7 183.5
556.9 -4 -24.5 -3.5 -47.4 77.4
1560.7 42.6 -224.2 175.1 -127.9 -101.7
2817.5 -9.2 -58.1 -12.2 -32.8 -49.8
105 185.4 195.5
563.3 -10.9 -23.9 -3.8 -45.2 70.6
1577.5 25.5 -220.8 170.2 -119.1 -115.2
2850.9 -31.4 -49.4 -34.7 -17.9 -56.6
119 195.9 215
571.8 -20 -37.8 7.2 -47.4 52
1598.1 15.9 -234.4 192.5 -116.5 -140.5
2884 -50 -48.7 -41.6 -5.3 -80.5
115 205.4 243.5
573.4 -20.6 -20.5 -6 -42.5 61
1626.4 -17.1 -170.6 160.2 -88.9 -154.7
2937.4 -116.6 47.8 -108.8 41.2 -116.2
114.4 211.9 258
577.3 -25.8 -12.7 -15.2 -42 62.1
1666.9 -76.4 -152.5 129.6 -60.2 -208
3012.6 -159.3 109.7 -147.2 83.8 -139.3
125.4 250.6 292.7
590.5 -28 -18.7 -1.4 -39.5 50.6
1725.2 -45.3 -118.8 197.9 -10.4 -193.3
3083.9 -128.3 162.4 -92.4 121.9 -117.7
125.3 260.7 285.7
597.3 -13.7 3.8 -7.1 -37.8 64.4
1781.6 -65.1 -33.4 184.8 38.1 -165.4
3162.5 -122.7 247.2 -101.6 144.9 -73.2
winner is: 11
