Regression analysis information for: chilean_mismatch_declarative-narrow-focus_El-hombre-mira-la-luna
number of formants: 3
number of coefficients: 5
117.1 354.6 304.3
495.6 -51.1 106.6 -15.6 128.6 -67.9
1539.4 85.7 -94 25.5 204.7 -98.4
2296.3 4.4 116.2 7.7 320.8 -7.6
122.2 322.3 241.7
503.6 -45.2 108.4 -15.8 132.4 -59.6
1605 76.6 -147.4 -41 232.5 -66.7
2421.8 25.1 48.5 -36.7 281.8 -31.3
125 313 205
513.7 -37 115.3 -12 144.3 -55.3
1670.3 123.2 -91.6 4.1 312.8 -27
2519.1 75.9 68.8 -42.1 259.1 -56.8
132 292 180.1
525.9 -39.4 130.1 -13.3 158.7 -58.5
1727.8 159.2 -38 40.1 365 6.9
2585.7 67.9 72.2 -73.9 271.4 -39.6
135.1 264.8 178.9
538.1 -54.4 158.9 -18.9 177.9 -69.7
1774.7 163.4 20.2 68.9 407.4 30
2657.1 37.1 107 -32.5 276.9 20.5
141.2 250.5 158.2
541.2 -51.9 156 -11.6 185.1 -66
1833.7 113.8 79.3 65.7 460.7 9.4
2716.6 -21 127.6 0.4 250.2 36.3
142.5 253 156.4
539.2 -44.3 151.6 -3.1 187.2 -66.6
1860.2 79.4 88.8 56.7 486.9 -25.6
2750.4 -21.6 138.5 36.4 252 46.8
143.1 250.8 158.2
544.7 -60.8 166.5 -15 195.2 -80
1890.5 51.4 122.3 58.6 516.1 -51.5
2784.3 -45.5 161.4 43.2 265.6 46.7
144.4 255.5 161.3
545.6 -64.1 169 -17 196.8 -84.5
1907 46.7 132.7 72.4 533.5 -67.7
2805 -61.8 174.8 40.9 278.4 42.4
146.3 259.9 169.6
546.4 -67.9 170 -20.6 198.6 -88.8
1919.6 49.6 137.2 86.1 545.3 -75.7
2828.7 -73.8 185.3 42.3 289.1 37.6
150.5 266 178.9
549.5 -67.4 160.3 -23 206.6 -90.1
1927.1 52.4 124.9 90.3 553 -83.8
2853.5 -83.7 183.1 38.7 305 27.1
152.6 270.6 184.4
552.4 -68.4 153 -18.6 209.4 -100.1
1932.3 56.7 112.7 89.2 563.8 -98.3
2872 -88.1 166.3 42.2 307.5 17
152.8 275.6 184.8
548.3 -65.5 154.4 -14.3 201.3 -104.4
1928.2 76 99.1 89.9 562.6 -97.5
2878.7 -78.1 153.1 36.5 307.6 14.3
161.8 275.6 192.4
556.6 -67.1 142.1 -5.7 204.2 -122.2
1944.2 76.5 99.6 75 574.1 -113.5
2899.8 -69.3 140.9 31.8 311.9 3.4
161.7 275.1 194.8
557.6 -70.2 141.5 -3.2 203.1 -126
1959.8 70 98.4 68.8 586.4 -119.9
2925.8 -73.5 145.7 20.7 328.2 -10.4
172.5 277.3 209.4
569.4 -65.8 138.7 -0.7 208.7 -143.5
1977.2 72.5 98.3 60.4 597 -131.6
2958.1 -75.3 163.9 7.9 351.6 -42.6
183.6 289.3 226.4
576.1 -48.2 138.5 -15.2 199.5 -148.3
1989.6 83 102.6 49.4 589.5 -145.2
2983 -53.7 187.2 0.3 332.8 -58.6
190.6 301.2 258.1
575.8 -51.8 155.9 -24.8 171.8 -151
2057.5 62.7 96 35.8 509.2 -71.9
3049.3 -50.6 180.6 -29.6 291.4 5.8
198.2 296.4 273.7
589.5 -34.4 155.4 -35.8 158.3 -152.4
2074.6 73.9 87.3 20.6 506.4 -54
3084.6 -15.2 166.6 -42.5 316.3 10.9
213.7 303 297.7
608.4 -21.2 147.8 -63.2 142.6 -155.6
2112.7 95.9 77.9 -12.8 475 -55.5
3153.5 15.8 120.8 -87.4 331.1 42.2
winner is: 6
