Regression analysis information for: chilean_mismatch_declarative-narrow-focus_El-bebe-comia-muy-bien
number of formants: 3
number of coefficients: 5
87.4 423.1 320.7
436 44.5 24.9 -24.9 -13.8 -6.6
1478.2 227 93.7 12.3 94.3 298.5
2205.2 -51.2 167.4 40.4 77.8 250.3
92.8 392.1 303.8
452.9 32.2 9.2 -8.2 -20.8 -30.4
1624.1 74.9 155.8 60.2 -56.1 221.2
2367.2 -95.8 67.8 -8.9 9.1 241.1
94.5 302.8 271.2
465.9 29.3 7.1 6.6 -21.3 -38
1767.7 -33.5 166.8 75.5 -82.6 215
2502 -160.2 55.9 35 4.5 132.5
95.4 267.6 196.3
471.1 26.7 10.4 3.4 -18.4 -40.1
1850.2 -87.5 207.2 8.8 0.5 222
2627.7 -87.9 107.8 -37 -0.1 32.9
97.1 275.1 146.6
469.9 27.8 9.2 3.8 -15.3 -44.3
1880 -69.9 197.4 20.7 36.6 245.6
2716.2 -49.6 45.1 -12.4 78.2 21.2
94.5 273.7 126.1
464.2 24.5 -0.2 -2.2 -21 -53.2
1888.6 -72.4 192.7 22 41.8 240.6
2748.2 -43.6 20.5 -13.8 103 22.3
97.2 276 114.1
463.9 30.5 -9.1 -3.6 -21.3 -54.4
1897.6 -74.5 181.1 28 41.5 240.6
2773.7 -44.4 -4 -10.1 121.5 16.5
104.1 286 124.8
467.7 45.8 -11.7 -3.2 -22 -49.9
1905.9 -72.9 167 46.3 39.7 234.4
2797.3 -48.3 -20.2 18 120.8 18.7
110.7 290 146.5
469.9 67.4 -1.3 4.2 -13.1 -34.9
1905 -55.8 157.2 61.4 34 244.4
2809.2 -22.1 -53.1 71.7 101 42.7
113.5 305.2 163.9
464.3 81.1 13.3 -2.3 -9.5 -18.3
1897.8 -46.2 175 39.3 32.2 260.7
2822.6 -21.3 -56.6 77 105.2 39.4
114.6 310.5 174.8
467.2 80.5 8 0.4 -9.8 -22.4
1902.3 -50.8 183.1 32.6 30.2 253.2
2834.1 -24.1 -62.6 74.5 103.7 35
119.4 318.5 178.2
470.7 85.8 12.4 5.9 -5.7 -19
1892.8 -37.7 208.1 1.5 60.9 242.2
2842.9 -15.8 -34.9 43.3 145.5 27.5
117 316 184
467.1 83.1 22.3 22.9 7.9 -12.3
1902.9 -53.8 223.4 2.5 67.9 236.3
2870.3 -28.9 -8.1 46.3 158.3 39.1
116.9 315.3 199.2
466.3 82.2 23.9 21.6 6.1 -11.8
1936.6 -95.2 247 -5.8 79.8 213.1
2927.1 -106.5 61.2 11.4 194.5 5.7
123.2 318.9 216.1
471 87.6 30.4 30.6 7.4 -8.2
1977.3 -121.1 218.2 39.8 79.1 175.9
2971.6 -136.6 69.4 22.5 202.6 7.1
140.9 323 249.8
484.4 98.6 56.3 35.8 20.9 -11.8
2002.5 -128.8 235.3 51.9 76.1 179.2
3035.8 -169.6 112.4 44.6 196.2 41.1
145.6 319.1 277.4
486.3 105.2 32.3 30.2 10.4 6.4
2034.9 -127.6 209.2 42 61.4 195
3116.4 -220.8 93.7 30.6 164.4 88.9
176.4 303.2 346.1
512.7 130 11.9 -4.2 -11.1 28.9
2117.2 -78.2 156.2 -36.5 2 229.8
3255.1 -214.8 19.2 -20.9 77.1 178.8
192.3 296.6 365.4
532.4 115.9 -21 -17.2 -12.6 11.5
2192 -66.4 84.3 -44.5 22.9 192.5
3368.9 -244.7 -60.4 -18.7 50 207.7
281.1 329.8 380
630.7 141.4 -154.3 -101.6 105.6 58.2
2278 -44.1 1.3 -63.1 87.4 175.4
3493.7 -201.5 -137.4 -62 102.1 209.9
winner is: 7
