Regression analysis information for: chilean_mismatch_declarative-narrow-focus_La-maestra-vive-en-Paris
number of formants: 3
number of coefficients: 5
101.6 294 253
501 -7 55.4 -69.8 -18.6 -117.3
1635 -179.1 -52.1 29.7 -210.8 -62.3
2180.4 -201.2 10.8 20.9 -172.3 -30.7
118 254.9 262.5
516.2 -22.8 81 -71.9 -0.3 -102.4
1655.1 -267.4 -9.4 106.9 -231.2 -11.9
2263.9 -235.2 68.7 7.4 -173.3 2.5
126.6 250.8 259.5
533.6 -19.7 102.8 -71.1 16.1 -97.7
1714 -295.5 -25 120.8 -252.2 16.6
2373.5 -221.2 81.4 18 -178.5 37.5
137.4 219.4 212.1
562.2 -7 119.5 -82.3 4.2 -109.4
1813 -212.8 -65 70 -228.6 26.9
2527.1 -131.1 49.9 24.9 -125 25.8
147.7 207.6 175.2
575.7 16.5 118.4 -81.9 1.6 -116.9
1871.6 -142.5 -84 15.6 -224.5 31.2
2609.1 -76.9 24.3 3.6 -111.9 20.4
145.1 201.6 146.4
578.6 17 124.3 -90.3 6.4 -128.9
1900.2 -135.8 -82.6 14.9 -221 14
2682.3 -68.3 -15.4 1.6 -70.1 -6.1
157.5 201 147
591.8 -0.9 150.3 -96 13.8 -121.9
1921.1 -152.1 -79.1 21.6 -211.3 9.7
2722.4 -90 -5.9 -2 -56.6 -0.1
164.4 211.4 150.2
608.9 -56.1 182.9 -132.4 32.6 -143.9
1944.3 -182.7 -70.2 19.5 -203.2 -6.1
2757.6 -136.4 6.9 -13.2 -54.9 -21.2
163.6 222.8 165.2
620.5 -96.3 205.8 -154.2 68 -161.4
1961.4 -204.8 -56.1 8.5 -182.6 -23.3
2789.8 -172 32.1 -28.2 -43.4 -35.5
171.1 226 176.9
602.9 -110.4 192.7 -141.4 81.6 -137.4
1960.3 -208.5 -58.6 11.2 -188.4 -20.7
2793.8 -166.9 35 -31.8 -35.9 -39.9
181.5 229.7 189.3
600.3 -131.1 195.9 -144 85.2 -119.1
1969.7 -219.2 -51.8 11.2 -187 -17.9
2819.7 -202.8 56.1 -37.9 -22.1 -32.2
210.1 239.3 210.6
652.1 -222.6 273.6 -188.5 111.4 -111
1999.2 -282.5 -10.1 -18.6 -180.1 -14.2
2889.5 -314.3 130.9 -66.9 -17.6 -10.2
221.2 244.9 223.7
693.2 -313.6 328.8 -215.4 80.1 -70.6
2014.7 -333.3 27.4 -37.9 -205.3 16.4
2920 -386.2 184.2 -95 -55.4 43.6
248.4 253.8 242.3
738.6 -355.1 352.1 -230.6 42.4 -56.8
2056.8 -370.2 45.6 -48.2 -216.3 18.6
2966.5 -411.6 205.7 -120 -62.2 35.3
259.7 258.1 268.6
749.9 -373.2 352.7 -216.4 16 -30.8
2080.4 -391.5 50 -37.8 -215.6 24.9
3017.2 -485.5 246 -119.4 -67 75.5
283.8 269.6 317
776.7 -351.7 363.4 -230.4 -28.4 -29.8
2105.7 -372.6 60.2 -50.6 -242.2 17.5
3095.7 -507 318 -151.6 -102.7 90.8
303.5 278 328.3
777.9 -324.7 346.5 -203.2 -58.7 -6.6
2121.4 -373.3 59.4 -47.5 -254.8 20.5
3117 -517.3 323.8 -126.5 -113.1 101.5
300.4 279.4 362.7
792.6 -358.1 365.1 -206.6 -57.8 14.6
2154.3 -380.4 87.3 -36.8 -229.9 51.6
3181.4 -543.3 363.3 -110.8 -118.4 132.7
281.4 276.3 398.8
823.1 -420.5 426.3 -238.5 -19.6 9.4
2218.3 -444.2 149.3 -84.6 -159.3 43.2
3314.9 -612.7 473.8 -142.5 -94.3 115.9
338.5 262.5 418.8
886.6 -448.8 377.1 -307.4 57.1 55.8
2284 -452.4 107 -143.1 -89.3 71.5
3486.2 -690.1 451.2 -242.3 26.5 156.5
winner is: 6
