Regression analysis information for: chilean_match_declarative-narrow-focus_Manuela-vende-el-carro
number of formants: 3
number of coefficients: 5
65.8 150.4 219.8
500.7 -88.6 -13.3 -42.6 -71.4 64.2
1529.7 -28.6 -231 89.2 -80.8 -15.8
2020.2 -94.5 -185.1 110.9 52.9 -91.2
64.6 170.2 240.4
495.8 -84.2 -6.8 -47.9 -76 64.5
1495.1 -14 -238 55.5 -80.8 -33.4
2039.2 -25.7 -215.8 107.3 11.3 -104.3
72.5 179.2 246.5
501.3 -77.5 6.5 -47.1 -74.5 74.5
1503.4 6.9 -160 16.2 -114 38.8
2098.1 31.3 -189.7 68.8 4.4 -91.3
84.8 163.9 240.5
516.9 -64 29.7 -33.3 -62.5 95
1547.1 -22.9 -121.4 -28.4 -102.1 86.1
2138.8 45.1 -175.6 25.6 18.7 -78.5
90.7 166.9 219.1
527.2 -73.9 33.1 -28.7 -71.2 104.9
1570.1 -70.7 -150.7 -35.9 -108.9 84.8
2211.6 -35.5 -181.3 -15.6 -10.8 -31.8
94.5 161.1 196.4
533.3 -78 36.6 -28.2 -71.2 109.8
1607.2 -43.9 -141.8 -38.3 -70.6 87.2
2295.9 -60.6 -102 -39.4 -54.5 61.7
98.3 145.3 175.4
539.3 -79 40.5 -21.4 -71.7 112.8
1686 -46.6 -184.2 57.5 -50.4 13.3
2404.7 -60 -143.3 72.8 -39.5 -28.2
102.8 125.2 155.9
544.6 -82.7 42.2 -14.4 -77.8 114.1
1715.6 -35.4 -193.5 87.3 -43.5 -13.8
2450.8 -58.5 -138.9 115.9 -40.9 -55.2
106.7 122.1 151.3
549 -87.1 41.2 -3.6 -90.6 114.4
1724.9 -32.1 -198.1 102.9 -60.4 -11.4
2486.4 -34.7 -121.4 158.5 -33.9 -45.8
108.8 117.4 143.3
551.4 -90.9 42.9 2.7 -101.6 115.7
1725.9 -16.5 -212.8 127.3 -84.3 6.7
2505.3 -9 -127 196.1 -49.2 -22.1
108.8 113 137.6
550 -91.2 46.2 0.2 -106.7 115.2
1735.4 -17.6 -208 131.8 -88.6 6.2
2525.6 10 -105.4 204.5 -53.7 -7.3
110.5 122.7 157.3
551.1 -90.9 50.9 -10.6 -109.2 105.9
1764.7 -59.2 -160.9 95 -48.4 -32
2550.6 -20.8 -68.5 165.9 -36.6 -34.5
111.8 121.1 177.1
549.4 -91.9 53.6 -23.9 -106 96.2
1771.7 -72.1 -150.9 82.4 -39.2 -45.4
2564.3 -51.6 -41.7 126.7 -29.7 -51.7
113.3 121 189.2
551.3 -101.4 50.3 -22 -110.9 95.8
1776.6 -86.9 -147.3 78.9 -33.4 -55.2
2569.4 -68.3 -20.5 114 -18.6 -62.1
106 124.1 205.9
546.8 -114.7 50.4 -30.2 -99.2 95.6
1780.9 -101.6 -145.8 76.4 -32 -61.9
2596.1 -104.4 -17.4 112.4 -8 -74
106.6 129 210.7
551.1 -125.3 54.5 -36.8 -99.1 95.9
1790.7 -113.6 -147.9 82 -34.4 -65.1
2626.6 -129.9 -32.1 125.5 18.1 -83.9
117.8 138.8 206.5
560.5 -145 53.1 -34.6 -115.8 101.9
1805.7 -136.7 -156.2 86 -50.9 -66
2656.1 -148.2 -76.8 129.6 20.8 -97.7
119.5 126.3 240.6
563.7 -145.1 50 -28.6 -127.7 118.5
1811.2 -127.5 -174.4 95.6 -61.4 -56.7
2721.9 -198.5 -152.8 159.3 -20.2 -103
136.4 124.3 373.3
575.6 -150 43.1 -32.7 -135.9 145.4
1819.7 -125.4 -183.7 106.1 -72.9 -51.9
2908 -188.7 -334.4 84 -67.9 91.2
175.8 129.8 438
630.6 -123 -1.6 -106.8 -158.9 191.5
1845.8 -109 -192.3 91.7 -92.8 -48.2
3093.7 -122.4 -511.5 -68.1 -93.9 187.8
winner is: 11
