Regression analysis information for: chilean_match_declarative-broad-focus_Mariano-habla-del-tiempo
number of formants: 3
number of coefficients: 5
130.1 239.3 400.3
498.4 66.4 -102.3 -76.6 25 70.6
1282.1 4.5 -52.5 71 -67.3 18.3
2203.9 -29.6 54.3 -70.1 -145.6 41.1
130 248.8 306.6
527.4 100.4 -117.7 -99.6 17.9 82.1
1362.8 -47.1 -118.5 108.4 -137.5 26.2
2344.9 66.8 -18.2 -30.7 -223.9 131.2
135 254.7 264.7
539.9 100.3 -114.4 -111.7 30.7 74.2
1444.6 -81.6 -92.4 148.1 -182.2 26
2459.4 44.5 24.9 -36.2 -163.4 146.6
140.3 230.7 199.6
550.4 113 -103.5 -100.8 38.3 73.2
1515.8 -24.8 -75.7 210.5 -146.4 -46.8
2586.1 40.2 -19.6 30.8 -53.2 47.1
141.7 223.8 188.2
553.5 114.7 -98.6 -97.3 40.1 60.7
1612.1 89.9 -4.9 279.3 -186.1 -148.9
2669.9 57.1 0.6 12.2 -17 -12.8
141.1 217.2 203.3
552.7 115.4 -92 -94.6 37.4 53.8
1633.7 91.9 -0.8 304.8 -201.4 -144.6
2717.2 52 2.5 -9.7 3.6 -10.7
135.2 240.2 247.3
542.4 102.3 -95.8 -101.9 25.6 44
1659.6 93.1 18.4 334.6 -226 -134.4
2772 66.8 -38.5 -47.3 29.8 33.2
126.5 243.8 267.6
533.3 98.4 -95.3 -101.3 16.1 40.5
1673.5 106.5 27.7 351.1 -232.4 -130.8
2806.7 79.9 -27.3 -41.1 -1.2 49.5
120.6 247.6 290.6
523.5 96.7 -101.5 -96.7 11.1 49.2
1672.6 118.4 34.3 359 -237.3 -116.2
2831.7 85.4 -30.7 -41.8 -28.3 82.4
122.8 259.1 295.4
519 84.9 -108.1 -93.3 7.9 55.7
1675 106.4 45.5 352.1 -246.1 -97.6
2862.6 80.9 -64 -52.7 -49.5 142.8
128.4 247.7 288.6
522.7 76.5 -109.4 -84.7 5.5 59.8
1680 89.1 52.5 342 -236 -89.2
2911 94 -82.8 -75.3 -8.2 188.4
150.2 260.7 295
538.3 66.8 -95.8 -64 10.3 69.7
1703.9 57.2 56.2 363.2 -258 -78
2980.9 127.2 -54.3 -22.1 20.1 247.3
158 282.1 308.3
542.2 64.5 -82.4 -51.5 26.2 70.9
1732.2 16.2 83.6 349 -237.6 -104.7
3042.6 91.6 -13.9 -46.8 90.4 247.5
167.1 297 343.4
549 61.2 -75.7 -33.2 34 72.5
1761.7 4 91.5 376.1 -246 -126.1
3100.2 49.1 0.4 0.2 112.4 217.5
173.6 315.5 377.9
553.1 64.3 -64.6 -21.8 43.8 72
1787.2 1.3 114.8 389.2 -239.1 -146
3110.9 -7.6 57.5 62.8 151.6 166.1
172.9 321.9 376.3
548.7 75 -75 -3.1 27.9 76.8
1805.7 1 134.2 400.1 -252.9 -139.5
3135.8 -61.1 92.6 106.5 150.9 169.9
165 315.3 369.1
540.7 76.8 -65.7 -3.8 25.7 61.7
1817.1 -7.9 140.7 414.6 -254.1 -148.9
3180.8 -93.2 78.1 134.9 113.6 203.1
177.5 305 358.4
550.8 57.7 -60.2 -4.3 2.4 80.9
1830.6 -26.6 138.7 436.2 -267.6 -135.3
3235.4 -128.3 58.1 137.8 60.7 246.3
209.3 305 364.2
579.6 54.3 -75.7 -24.7 -36.1 97.9
1871.4 -40.2 125.4 457.1 -292.4 -139.8
3379.3 -143.4 -4.8 70.7 -1.7 276.2
236.9 328.2 366.9
612.4 25 -113.6 -77.3 -45.5 77.4
1914.7 -58.1 120 427.7 -280.8 -170.3
3497 -145.6 -64 77 -14.5 223
winner is: 5
