Regression analysis information for: chilean_mismatch_declarative-broad-focus_Mi-novio-viene-del-lago
number of formants: 3
number of coefficients: 5
91.7 261.9 284.3
486.8 -74.1 3.7 -34.1 -23.3 1.7
1562.9 154.9 -261.7 176.1 83.6 268.1
2295.7 75.1 -89.5 159.8 165.8 263.3
95.1 260.7 237.1
491.6 -74.7 0.2 -35.7 -28.8 0.3
1615.6 146.7 -283.3 140.3 91.7 233.7
2386.7 96 -96.4 119.1 122.6 254.2
98.4 259.4 198.1
498.9 -78.3 2.6 -40.3 -32.1 -8
1663.2 141.8 -315.4 163.2 79 198.1
2489 119.8 -64.1 110.4 60.8 135.5
101.3 257.4 136
505.2 -76.4 7 -43 -39.2 -21.7
1702.2 131.6 -336.3 196.7 71.9 201.4
2607.8 108.7 -37.9 116.9 -2 44.5
102.6 256.3 114.2
505.5 -78.8 12.3 -44.1 -41.9 -28.7
1759.9 152.5 -286 272.1 70.1 230.3
2664.1 44.7 -2.1 84.5 32.9 4.1
100.5 263.2 115.4
501.5 -81 19.3 -45.7 -40.7 -31.3
1784.2 132 -255.3 317.3 33.9 233.4
2694.8 -3.1 47.5 84.4 42 -35.5
99.4 272.9 141.8
492.4 -80.8 20.3 -43.1 -41.9 -25.1
1790.7 149.8 -273.4 327 24.1 238.2
2700.6 1.8 51 101.7 42.5 -37.7
97.3 293.6 167.6
488.5 -83.7 18.6 -47.6 -45.2 -17.5
1805.9 164.5 -296 314.8 21.8 246.8
2710.5 27.1 57.6 84 31.8 -22.6
97.1 311.1 196.4
486.1 -82.5 15.4 -48.5 -48.8 -16
1805.3 171.8 -311.4 314.1 10.9 248.9
2734.2 67.7 2.8 72.1 45.4 15.4
98 322.9 222.2
484.6 -82.7 12.7 -46.3 -50.9 -13.7
1800.7 164.4 -321.2 305.1 -18.4 240.9
2765.1 90.6 -34.5 42.6 35.4 33.6
102.8 330.5 247
488.7 -80.9 11.7 -52.8 -56.4 -16.4
1797.1 139.7 -332.2 273.2 -29.4 239.6
2829.3 100.5 -41.1 8.1 76.1 40.5
110.1 326.3 252.1
503.1 -66.6 10.7 -71.9 -81 -29.5
1821.5 154.8 -351.4 230.4 -53.1 223.2
2870.5 95 -80.3 -52.1 50 21.1
114.7 321.8 275.4
512.5 -63.1 14 -80.9 -92.3 -36.1
1867.9 231.8 -292.3 260.1 -35.3 221.3
2949 136 -33.5 -31.1 105.2 25.9
119.5 308.2 280.1
519.8 -65.6 18.5 -85.6 -99.1 -37.3
1895.4 271.6 -255.4 300.9 -7 253.4
3014.2 175 20.1 -1.9 151.4 53.3
130.8 307 289.8
530.9 -76.7 29 -89.4 -106.9 -29.8
1916.3 270.4 -230.9 311.3 17.9 261.9
3083.1 207.6 65.4 -0.3 195.5 65
145.4 328.9 314.8
545.1 -97.1 46.4 -97.2 -113.6 -19.4
1964.3 224.4 -177.6 291.5 41.5 269.4
3173.9 157.9 131.7 -61.1 216.3 73.9
157.3 347.2 316.6
559.7 -112 45.8 -97.9 -110 -19.8
2018.3 182.2 -139.1 270.6 58.7 261
3254.5 168.7 159.3 -99.7 230.3 60.6
155.9 370.9 319.4
557.7 -115.3 50.4 -102 -115.5 -10.5
2061.4 202.6 -116.1 245 11.7 218.8
3316.9 207 154.3 -153.6 225.2 61.6
164.2 401.5 315.5
555.7 -105.1 41.2 -99.7 -120.2 -11.2
2117.4 195.2 -87.8 202.2 -9.8 150
3404.1 231.8 140 -241.9 234.9 69.4
163.9 441.9 315.3
563.4 -109.3 44.2 -115.7 -99.5 -34.4
2148.1 141.8 -60.1 169.8 35.3 102
3467.6 225.5 123.5 -280.2 265.2 62
winner is: 5
