Regression analysis information for: chilean_match_interrogative-partial-wh_Cuando-leia-el-libro
number of formants: 3
number of coefficients: 5
70.5 196.3 204.2
409 30.5 28.3 -6.1 16.7 68.4
1639.2 -78 -584.6 178.9 -87.4 110
2243 -22.4 -509.7 204.8 -25.2 131.4
70.4 228.4 229.7
405.3 31.6 32.2 -10.7 12 62
1626.4 -79.3 -515.6 260.7 -109.5 -67.3
2277.6 -2 -485.1 192.5 -42.5 76
78.5 221.9 255.9
413.2 34.8 47.5 -13 18.3 58.1
1663.2 -66.6 -474.1 244.3 -186.1 -77.2
2333.1 2.5 -428.5 165.2 -69.5 13.4
83.1 231.5 272.2
435.6 8 82.2 -34.7 34.3 48
1751.6 -61.9 -486.1 161.1 -160 -24.2
2431.6 -43.8 -320.7 78.9 -45.4 -12.4
85.1 235.1 253.7
439.1 0 86 -37.6 33 55
1834.8 -29.3 -559.1 58.7 -147.3 47.3
2482.5 -65.5 -326.3 11.8 -59.3 -33.6
84.1 228.9 260.8
442.4 0.9 91.4 -40.6 36.9 56.6
1854.7 -7.9 -563.6 21.4 -145.5 76.8
2504.7 -87.6 -346.9 -19.6 -4.3 -9.3
91.3 188.5 212.1
448.7 -2.9 97 -39 31.9 66.2
1917 -3.8 -600 43 -110.8 56.9
2596.5 -24.3 -295.8 6.5 24.7 19.6
93.3 174.7 216.2
447.7 4 97.4 -36.1 31.9 69.4
1940.3 -5 -643.4 57.7 -82.2 48.6
2618.7 -66.4 -330 18 24.5 44.1
92.4 178.7 217.3
440.8 14 90.7 -32.4 30.6 71.5
1941 -6.8 -660.6 66.4 -93.2 48.8
2635.3 -60.5 -341.8 44.2 18.4 27.3
94.4 180 195.7
436.6 15.4 82.1 -24.6 18.6 85.3
1928.7 7.1 -643.7 41.3 -87.1 68.1
2669.1 -90.1 -316 43.4 18.7 44.6
86.9 174.9 175
430.5 26.8 74.9 -20.3 20 83.7
1912.9 35.5 -638.1 30.5 -85.8 90.1
2682.5 -55.3 -310.2 72.5 -12.4 84.5
85.4 182.9 184.1
430.4 27.3 73 -18.8 16.9 85
1944 18.4 -659.1 94.7 -105.5 71.4
2720.7 -67.9 -302.9 98.2 -40.7 93.6
79.6 181.1 202.2
427.4 31.5 70.3 -20.4 20.6 80.2
1951.5 17.1 -660.7 98 -109.5 70
2759.9 -34.2 -281.9 131.5 -40.4 83.1
90.2 188.2 247.5
435.6 19.7 80.7 -22.5 18.9 87.7
1977.3 -0.4 -637.5 80.3 -92.9 57
2840.9 23.7 -195.3 132.7 -54.9 14.9
99.8 195.3 261.9
442.6 17.1 95 -20.9 26 92.2
1998 -10.1 -641.4 64.6 -90 35.6
2882.8 10.2 -152.9 109.9 -36.9 -4.7
113.1 224.3 301.6
456.3 27.8 80.5 -32.9 25.2 63.1
2047 -26.9 -610.9 37 -37.7 -15.2
2956.4 -5.1 -95.7 34.4 0.5 -90.4
134.8 234.7 316.7
472.7 26.3 78.4 -0.8 48.3 46
2083.1 -22.2 -595.5 52.8 7.9 -28.4
3031.8 58.2 -42.8 91.2 70.1 -108.1
168 249.4 319.4
493.8 9.3 76.6 4.1 52.7 37.8
2112 -29.8 -588.2 52 30.3 -29.7
3117.4 105 -11.7 101.6 92.6 -165
170.2 258.4 307.3
504.9 23.9 89.9 -27.2 32 31.9
2140.7 -39.5 -587.4 -0.4 6.9 -57.4
3206.8 133.5 9.3 57.4 80 -224.7
218.8 275.7 331.9
539.5 -6.3 92.5 0.4 -3.5 35.3
2201.3 -87.4 -559.5 26.5 -1.5 -37.8
3317.2 87.1 29.3 100.9 45.4 -224.7
winner is: 11
