Regression analysis information for: chilean_match_declarative-broad-focus_Daniel-iba-a-Bolivia
number of formants: 3
number of coefficients: 5
96.3 322.8 213.5
425.2 15.3 41.8 13 128.7 -69.3
1582.8 -13.2 314 -166.9 -41.7 128.8
2236.3 19.8 242.6 -239.1 -232.3 208.5
100.6 292.1 217.3
433 1.2 35.8 9.4 126.4 -68.1
1669.5 -27.3 227.1 -254.6 -178.4 195.9
2280.9 25.9 230.3 -242.8 -271.1 246.9
111.8 297.1 288
449.4 -23.6 29.5 -3.8 134.5 -83
1748.9 -35.2 169.5 -303.3 -288 145.2
2391.5 -13.7 108.1 -182.2 -242.5 132.4
115.9 286.4 241.8
443.1 -11.9 -6.7 12.8 125.1 -87.8
1759.3 20.4 94.4 -298.7 -281.5 110.6
2511.4 -12.8 -16.7 -101.8 -147.9 21.9
134.9 271.1 193.7
452.6 -26.2 8.2 9.7 136.5 -83.2
1771.8 -4.6 24.8 -304.7 -235.3 253.1
2561 -2.1 -77.3 -112.3 -57.5 121.5
168.4 281.6 226.3
489.8 -92.3 86.9 -42.5 178.2 -99.9
1874.2 -14.7 130.2 -319.9 -249.3 212.9
2615.6 -14.1 -22.8 -138.6 -35.4 110.8
153.1 247.8 220.4
494.5 -105.2 119 -60 196.4 -119.1
1986.8 -8.9 244.7 -280.2 -268.4 240.2
2687.8 -15.9 55.9 -123.4 -27 103.6
137.4 248.5 201.7
490.2 -97.7 118.5 -46.3 176.6 -92.8
2019.8 -0.7 259.7 -265.1 -284 274
2727.6 -31.7 102 -120.5 -27.2 120.8
162.9 245.7 212.3
520.1 -146.7 169.7 -71 190.8 -81.2
2043.3 -8.2 293.8 -252.4 -290.7 278
2787.6 -42.9 148.6 -136.3 -10.6 166.5
166.5 242.2 235.4
521.1 -149.4 173.3 -75.4 195.1 -88.6
2052.8 -9.2 312.5 -245.3 -302.3 263.2
2828.3 -57.5 161.5 -158.2 -6.6 181.7
185.4 246.3 269.2
537.6 -179.8 183.7 -79.7 192 -94.8
2074.2 -2.5 305.7 -271.7 -320.3 262.8
2861.4 -58.6 158.9 -174.5 -1.6 176.6
212.6 239.4 295.1
550.8 -211.3 193.4 -84.2 167.6 -62.2
2104 -0.5 296.8 -316.5 -345.2 292.2
2899.4 -67.2 160.8 -205.8 -27.3 219.4
223 234.1 333.9
556.3 -228.5 195 -91.6 163 -63.7
2129.8 0.6 284.5 -356.3 -357.5 314.9
2938 -69.6 138.8 -275.9 -44.6 230.2
230.8 252 388.2
572.3 -269.3 224.4 -128.5 189.7 -90.2
2137.6 -46.1 294.1 -392.2 -342.7 304.6
2965.5 -151.6 176.1 -360.2 10.8 166.7
235.8 255.6 406.2
574.9 -275.7 223.1 -132.6 196 -98.5
2148.1 -62.4 306.3 -401.7 -333.2 298.7
3028.6 -283.9 258.1 -408.4 72.2 128.4
239.8 248.6 390.5
586 -300.9 250.2 -153.2 201.9 -86.8
2149.6 -69.9 301.8 -420.5 -333.4 304.4
3029.6 -360.2 261.1 -433.9 63.5 178.7
253 237.2 404.9
612 -323.1 268.8 -193.7 216.5 -89.1
2172.2 -56 319.3 -434.1 -337.5 305.8
3106.9 -381.6 306.7 -478.5 35.2 204.8
260.6 232.5 436.1
626 -333.5 274.1 -202.7 215.3 -83.2
2189.1 -50.9 342.3 -432.7 -345.9 314.6
3255.2 -301.9 293.7 -631.4 -108.6 222.3
284.4 257.3 430.5
669.8 -363.8 301.8 -252.2 226.3 -124.7
2227.1 -52.6 344.8 -436.3 -332.9 310.8
3459.2 -247.7 263.8 -760.6 -195.5 151.2
341.7 310.5 488.9
804 -444.9 311.8 -338.9 246.7 -207.1
2400.5 -92.6 138.1 -292.2 -257.2 107.3
3784.2 -328.3 140.8 -609.9 -86.4 -66.8
winner is: 8
