Regression analysis information for: chilean_mismatch_declarative-broad-focus_La-maestra-vive-en-Paris
number of formants: 3
number of coefficients: 5
138.8 417.2 289.8
523.5 46.7 38.9 -76.6 -65 -78.9
1454.1 -236.3 12.8 -152.4 -0.3 -11.3
2259.8 -72.2 -43.5 -69.3 -90.1 113.3
152.3 317.4 251.8
546 65.3 65.8 -65.1 -45.8 -44.8
1543.1 -264.8 148.5 -113.4 -116.4 180.2
2384.1 -41.9 90.4 -78.7 -88.9 201.8
146 255.2 225.5
570.3 73.9 88.9 -75.7 -43.8 -57.4
1692.5 -211.3 77.3 -160.5 -106.7 141.5
2507.8 -40.6 124.3 -135.9 -69.9 143.5
139.8 210.3 207
576.4 81 90.3 -81.9 -55.4 -66.5
1792.6 -195.5 15.5 -181.1 -131.6 97.7
2590.9 -33 55.3 -135.7 -61.4 64
138.4 183.7 155.3
574.2 82.6 85.6 -77.8 -54.4 -69.3
1879.8 -152.4 -56.7 -189.3 -59 56
2674.8 -31.6 5.7 -128.2 -1.6 4.1
132.1 186.4 151.1
566.4 92.3 76.8 -67.2 -55.8 -67.6
1892.1 -123.2 -57.2 -180.5 -32.6 42
2696.3 -13.6 15.2 -120.6 2.9 14.9
133.5 189.4 144
560.9 88.1 76.3 -64.2 -50.2 -67.5
1892 -116.9 -58 -185 -25 42.4
2715 -14.2 9.9 -124.2 3.6 11.9
139.7 191.7 145.7
560.7 75.8 78.8 -56.9 -44.2 -73.9
1901.6 -113.7 -57.9 -167.2 -19.5 38.9
2736.5 1 31.4 -113.8 18.7 11.7
167.8 197.9 159.9
572.2 44.7 111.3 -77.4 -17.6 -90.5
1918.9 -131.3 -36.3 -165.5 -14.9 43.3
2781.8 -9.7 78.5 -100.6 28.2 24.8
211.6 216.3 227.3
628.5 -69.3 223 -166.7 51.6 -121.2
1967.3 -220.3 26.6 -191.7 -28.5 72.8
2873.1 -110 185.9 -116.1 32.6 50.9
210.1 210.3 226.2
627.2 -71.4 223.8 -163.1 49.3 -114.1
1977.8 -219.4 35.9 -163.8 -45.4 103.3
2879.3 -88.3 178.1 -73.1 3.2 75.8
212.9 222 284
622.3 -70.3 214.4 -152.9 42.4 -110.8
1990.6 -264.2 50.8 -175.8 -60.1 92.6
2929 -179.4 259.9 -89.9 33.7 60.7
228.8 223.3 298.2
635.2 -91 216.5 -147.3 47.3 -127
2008.1 -269.2 65.1 -158.7 -48.2 91.6
2967.3 -180.8 270.7 -42.5 26.9 93.5
247.3 225 325
683.7 -179.3 289.3 -198.3 76.8 -134.3
2041.1 -310 96.1 -176.9 -34 88.7
3055.3 -288.8 372.6 -90.4 54.6 106.3
246.9 215.9 332
751.3 -295.7 368.9 -243.7 99.6 -141.2
2091.2 -365.8 129.9 -194.1 -15.2 80.8
3171.5 -436.2 482.1 -153.4 86.4 92.5
212.8 182.1 284.7
782.6 -359 430.1 -302.4 146.5 -176.9
2130.4 -418.6 151.9 -235.7 17.6 33.6
3273.8 -554.7 573.6 -234.4 161.3 9.1
218.9 180.8 281.6
789.6 -373.1 430.5 -297.2 141.5 -169.4
2139.4 -422.3 129.7 -243.9 11.1 30.6
3328.8 -576.2 555.1 -293.9 160.8 57.6
232 189.8 318.6
818 -374.2 438.1 -314.3 105.3 -175.9
2175.7 -416.5 104.6 -225.1 4.1 8.4
3412.4 -581.3 543.5 -314.3 123.7 55
247.8 194.9 345.2
834.5 -350.7 435.7 -340.6 75 -187.7
2198.4 -404.4 91.4 -225.8 7 4.8
3481.8 -571.4 525.9 -322.7 76.3 27.7
268 215.9 369.4
859.5 -346.6 438.9 -338.9 50.8 -207.3
2231.5 -395.6 96 -208.8 18.7 5.1
3572.5 -558.8 573.1 -287.6 78.8 24.9
winner is: 7
