Regression analysis information for: chilean_mismatch_declarative-narrow-focus_Mi-tia-odia-la-lluvia
number of formants: 3
number of coefficients: 5
102.9 375.8 305.2
497.2 34.9 -102.4 -142.7 -37 -16.8
1565.6 82.3 100.5 -47.9 -189.8 -349.9
2259.8 176 106.1 100.2 -52.7 -189.8
99.3 370.6 317.1
500.6 28.8 -114.3 -140.5 -24.6 -1.7
1711.2 62.1 108.1 40.2 -117.5 -338
2370 182.1 68 75.4 15.1 -141.3
101.2 310.4 272.9
505.6 20.4 -115.5 -143.9 -17.5 -4
1815.7 -2.5 101.9 99.6 -103.8 -358.9
2508.2 70.4 64.9 73.6 96.5 -107.1
103.6 298.9 182.8
506.6 15.2 -112.4 -145.4 -11.6 -5.6
1871.7 76.9 156.9 196.3 -90.7 -278.3
2620.7 -0.6 110.9 120.4 3.6 23.1
116.1 281.9 175
507.1 -1.2 -91.7 -154.5 0.7 -25.8
1913.8 80.5 220.6 213 -71.3 -311.2
2676.3 -32.9 141.8 85.3 36.8 -27
126.6 282.8 188.4
506.1 -9.2 -73.1 -163.4 8.9 -42.4
1921.1 81.1 229 229.2 -70.7 -332.5
2704.9 -56.1 160.2 82.3 8.2 -51.5
130.9 286.5 199.4
507.9 -1.6 -72.6 -168.2 9.2 -41.3
1929.6 94.2 233.1 217.2 -73.9 -337.2
2736.3 -4.6 159.7 65.6 -6.4 -41.5
129.6 298 219.9
508.5 10.4 -77.4 -165.8 5 -36.6
1951.6 95.5 227.6 180.5 -53.8 -325.6
2773.5 34.5 136.7 20.8 2 -23.7
126.2 299.9 231.6
506.6 15.4 -85.9 -165.4 0.6 -30.5
1965.7 108.1 224.3 183.6 -46.3 -321.3
2820.6 59.7 128.7 11.7 -11.7 15.1
121.9 314.6 249.8
504.1 23 -97.3 -162.5 -5.9 -22.5
1967.1 87.1 197.8 166.2 -59.4 -325.1
2868.6 75.4 97.6 -9.3 -22.5 54.3
117.2 303.5 266.1
502 26.6 -107.9 -162.1 -9.6 -15.8
1999.7 117.4 225.4 193.9 -44.4 -307
2935.9 123 81 -12.1 -2 96.5
112.3 306.7 299.6
498.6 24 -113.5 -159.9 -9 -14.9
2005 103.9 229.7 204.9 -55.8 -320
2968.8 113.4 76.5 46.2 24.5 98.7
113.7 303.8 326.8
503.7 28.7 -113.8 -160.2 -1.2 -7.5
2010.1 100.2 223.9 196.8 -49.3 -299.6
3033.8 71.1 16.3 49.2 67.6 207.1
114.7 294.1 348.4
507.1 27.8 -120.5 -164 2.9 -6.6
2012.2 82.6 204.4 174.8 -72.1 -321.3
3093.9 28.1 -46.6 26.2 58.3 199.3
117.7 275.2 346.6
513.8 30.2 -129.6 -165 13.7 -1.6
2044.4 116.9 218.9 191 -37.8 -309.1
3129.5 52.5 -87.3 -30.3 135.1 197.1
121.7 275.2 369.5
524.6 34.8 -142.7 -162.7 29.8 2.7
2077.7 131.9 213.3 220.1 4.3 -304.2
3206.5 120.4 -92.5 -38 195 207.9
133.5 280.6 400.9
531.3 26 -131.2 -173.5 29.9 -6.5
2100.5 126.2 251.7 245.5 -1.6 -292.7
3312.4 194.4 52 -18.4 91.9 197.8
154.4 261.9 434.6
556.5 22 -124.5 -194.2 41.5 -13.1
2182.5 60.8 286.3 250.7 -41.9 -207.7
3512.2 163.9 63.5 -30.9 36.9 335
186.5 257 442.2
586.9 14.1 -95.4 -226.9 54.9 -36.5
2220.2 38.8 315.5 239.8 -64 -208.1
3643.4 126.8 63 -23.9 20.7 311.3
222.7 267.5 448.8
614.1 -27.9 -84.4 -226.9 60.4 -68.1
2248.8 11.1 309.8 248.1 -52.2 -223.1
3803.7 56.4 -21.4 40 57.4 196
winner is: 5
