Regression analysis information for: chilean_match_declarative-narrow-focus_David-leia-el-libro
number of formants: 3
number of coefficients: 5
84 262.9 302.8
403.3 8.6 66.6 -18.9 51.2 34.7
1593.8 34.7 -205.2 71.3 -82.3 -144.6
2345.4 -58.3 -271.2 -110.9 71.7 -173.5
79 270.1 280.2
407.8 -24.6 81.5 -47.9 63.2 16.8
1571.8 -115 -235.2 103.2 -105.1 -196.2
2404.4 -142.4 -209.2 -167.7 105.3 -233.7
88.1 313.4 309
418.9 -21.7 99.5 -39.4 73.3 34.9
1595.3 -103.2 -169.8 83.4 -135.3 -69.3
2463.9 -151 -144.3 -111.4 69.7 -165.3
94 295.5 291
420.1 -7.2 98.5 -28.7 76.1 42.6
1694.5 -54 -226.6 104.7 -117.6 -0.8
2568.5 -203.9 -163.9 -12 60.9 -72.7
106.4 295 277.7
423.2 9.7 79 -3.8 73 41.8
1825.7 30.5 -289.8 66.1 -32.1 69.9
2670.6 -162.5 -216 26.9 47.8 24.4
90.7 228.2 217.7
412.3 36.6 66 9.6 53.9 66.2
1958.3 145.7 -401.7 84.6 -83 -31.5
2772.3 -44.4 -227 11.5 -10.4 -56.6
99.3 220.7 170.7
420.3 27.6 67.8 4.7 69.7 40.7
2002 133.8 -394.9 76 -68 -54.6
2854.8 -89.1 -169.2 -3.7 -5.6 -120.8
111 231.8 131.1
432.1 -5.3 100.7 -28.2 85.8 30.1
2021.3 119.3 -380.5 50.9 -39 -63.4
2916.2 -75.8 -94.2 16.6 25.6 -142
112.5 238.1 128.4
434.4 -19.2 105.7 -40.1 91.7 18.3
2036.5 116.5 -377.5 44.6 -20.4 -64.9
2955.1 -72.3 -61.7 41.6 41.2 -145.9
115.9 238.2 141.1
435.8 -24.9 97.2 -36 89.2 13.2
2045.6 122.3 -402.8 52.8 -21.4 -59.7
2979.5 -96.6 -62.3 55.5 35.2 -144.1
119.5 242.6 158.4
436.8 -28.9 92.1 -34.3 89.2 7.8
2057.8 122.6 -422.7 52.3 -17.9 -62.9
2995.5 -112.5 -73.3 66.3 35.7 -145.4
117.2 250.1 171.8
428.6 -23.8 97.9 -44.3 84.6 20.2
2069.1 124.8 -431.5 35.7 -18.7 -61.5
3002.7 -127.1 -80.5 53.9 37.1 -141.7
116.4 262.3 176.1
423.4 -17.6 92.4 -36.6 64.6 47.9
2080.8 131.8 -447.2 23.3 -27.1 -56.6
3011.3 -135.4 -89.7 46.1 32.8 -121.1
109.5 276.2 208.1
418.8 -8.9 84.3 -30.1 57.2 55
2104 132.8 -454.2 8.9 -27.7 -78.2
3047.1 -118.4 -103.6 27.2 8.3 -127.1
123.3 273.6 220.6
428.9 -13.8 63.8 -5.9 51.8 47.6
2128.9 143 -485.1 22 -40.5 -94.1
3073.9 -99.7 -115 23.6 -7 -110.7
138.8 277.7 227.2
439.7 -25.1 59.1 0.5 61.4 28.9
2155.8 149.8 -486.4 19.5 -53.4 -129.5
3102.2 -104.7 -94.5 37.1 8.9 -120.7
150 284.3 269.7
444.8 -31 55.9 7.2 62 27.2
2166.4 149.5 -483.4 33.5 -60.9 -143.9
3148.5 -47 -29.7 24.1 -27.6 -191.5
162.6 294.3 362.4
450.5 -39.8 55.2 8.6 68.9 21.5
2202.9 145.2 -478.9 12.3 -63.7 -175.7
3254.2 -6.9 -2.6 4.5 -61.4 -252.9
163.9 308.2 455.1
456.2 -55.5 69.6 -12.2 110.6 -21.9
2270.3 88.6 -427.3 -66.9 1.9 -261
3402.8 -17.5 -0.3 -49.9 -50.5 -388.3
172.8 298.2 505.5
475.8 -58.3 95.3 -54.6 92.3 -43.5
2340.1 51.6 -390.6 -134 14.6 -311.3
3519.3 -129.8 -37 -76.5 -44.1 -439.6
winner is: 8
