Regression analysis information for: chilean_mismatch_declarative-broad-focus_El-hombre-mira-la-luna
number of formants: 3
number of coefficients: 5
116.7 250.5 283.2
431.3 -25.9 44.9 -30.6 74.1 -49
1528.9 130.4 -54.7 20.2 368.3 19.1
2112.6 -28.8 -57.9 -13.9 309.8 84.3
112.2 251.5 277.6
439.6 -44.7 64.2 -46.6 83.6 -59.2
1553.9 126.3 -0.9 11.1 389.7 29.1
2157.7 -54.7 9.5 -43.6 336.3 52.1
113 247 270.8
444.5 -52.2 73 -56.9 86.6 -70.6
1594.4 162.9 7.7 -9.3 395 56.3
2223.6 -21.9 63.9 -32 369.9 51.1
113.6 259.9 279.2
448.6 -58.1 76.2 -61.2 82.4 -75.9
1606.7 100 -56 -99.2 318.5 25
2300.5 7.1 74.7 -83.5 318 26.5
115.7 244.7 260.6
449.3 -56.1 68.7 -60.8 76.5 -72.8
1622.1 97.5 -75.5 -102.6 310.3 20.7
2383.6 44.1 69.4 -117.1 264.5 -1.9
120.3 221.5 244.7
454.4 -56.7 67.4 -55.6 71.4 -69.4
1672.9 127.9 -70.9 -100.7 351 75.1
2480.8 65.1 88 -109.8 214.6 -30.6
126.1 209.9 205.6
451.7 -44.4 55.3 -40.6 61.2 -60.8
1701.8 145.7 -98.2 -81.1 375.1 102.7
2541.2 30.5 58.9 -31.5 142.7 -7.4
139.5 205.4 181.6
458 -53.4 54.4 -30.4 50.4 -55.4
1727.2 147.6 -96.7 -74.7 391.3 120.3
2598.8 12.6 48.7 -26.8 146.6 19.7
147.7 205.6 171.4
463.1 -63.8 55.5 -22.2 38.9 -48.6
1746.5 144 -90.6 -72 404.6 119.2
2639.7 14.5 60.7 -23.4 147.1 20.6
156.7 211.3 161.8
467.3 -75.1 60 -20.4 34.1 -49.3
1775.4 124.2 -86.1 -67.6 412.7 123.8
2681.4 -5.3 72 -41.7 166.3 19
162.9 227.1 174.5
469.2 -83.9 73 -39.1 51.1 -64.1
1794.6 120.1 -82.6 -97.7 466.2 98.9
2722 -6.4 66.5 -85 238.3 -1
156.6 240.1 184
468.1 -89.7 91.5 -72.8 90.2 -105.6
1803.9 105.2 -62.5 -93.1 481.9 81.1
2752.6 -39.5 112.3 -105.8 273.9 -28
162.5 250.8 186
470.5 -95.9 97.7 -80.2 96.3 -110.6
1818.9 88.4 -42.1 -106.1 492.6 71.8
2776 -66.5 140.3 -115.7 280 -37.9
171 271.1 192.9
488.7 -124.8 129.5 -125.4 124.8 -150.7
1850.6 49.1 1.1 -161.2 539.2 12.9
2808.2 -79.9 168.8 -161.2 292.1 -65.9
184 287.2 205.9
496.3 -104.3 122.5 -136.6 97.6 -149.8
1870.1 45.2 2 -180.7 524.1 5.3
2840.4 -70.9 177.8 -197.3 273.5 -66.8
202.9 294.2 223.2
502.5 -85.2 81.8 -96.9 56.5 -155.3
1885.1 39.4 -32.9 -130.5 474.4 36.5
2866.5 -69.4 141.8 -182.3 213 -59.6
215.4 321.2 250.5
526.8 -105.1 120.5 -122.9 72.8 -172.3
1929.5 -2 -4.7 -138.6 474.2 25.3
2912.8 -85.5 175.5 -187 203.7 -69.1
229.7 347.4 269.5
552.8 -170.5 142.2 -134.1 66.2 -167.9
1974.9 -76 13.7 -132.3 429 68.2
2959.9 -164.9 198.5 -183.5 174.8 -50.6
232.3 345.7 281.7
578.9 -198.6 167.8 -154.2 70.6 -173.4
2018.6 -116.6 11.7 -107 387.9 108.3
3015 -179.1 238.4 -195.4 163.8 -25.8
253.7 343.8 282.5
592.1 -172.3 169.7 -144.2 57.7 -186.1
2027.3 -93.1 -32.3 -66.2 370.7 122.6
3051.5 -139.5 224.2 -135.1 170.9 7.1
winner is: 9
