Regression analysis information for: chilean_mismatch_interrogative-total-yn_Mi-tia-odia-la-lluvia
number of formants: 3
number of coefficients: 5
111.1 327 247.4
524.6 41.8 -71.6 -117.4 -22.1 -28.3
1648.8 -134.3 -20 115.4 -281.9 -354.5
2405 66.7 67.1 215 -110.2 -101.4
113.4 371.7 266.9
528.5 38.8 -62 -124.2 -19.1 -28.3
1680.9 -66.6 -49.4 116.7 -287.5 -312.9
2517 39.6 54.7 232.9 -59.4 -64
115.3 398.9 300.4
537.1 34.5 -35.9 -138.8 -4.1 -35.5
1685.1 56.7 122.7 76.6 -271.4 -214.6
2584.4 65.6 43.4 164.2 -6.9 11
116.3 365.6 316.5
543.3 35.3 -23.3 -141 8.9 -37.3
1733.7 53.8 188 102.9 -243.9 -253.3
2632.9 81.6 62 148 -10.1 30.6
116.1 303.3 313.4
545.8 35.9 -19.9 -135.1 16.4 -40.8
1846.9 110 236.7 240.6 -139.7 -286
2677.9 95.1 36.4 222.5 80.2 -0.5
119.4 251.5 273.4
555.4 37.5 -14.3 -127.3 20.2 -39.6
1953.6 121.2 322.7 274.5 -82.8 -301.4
2745.6 96.1 38.2 232.4 162 -32.9
124.7 264.2 258.1
558.7 40.8 -12.7 -124.5 18.1 -39
1965.5 105.4 301.3 270.3 -112.7 -321.7
2780.1 71.4 30.6 245.6 116.8 -74.1
126.2 270.7 252.5
555.7 44 -13.4 -126.5 17.4 -33.6
1988.5 102.9 306.5 302.9 -105.2 -291.1
2847.4 96.4 38 248.5 78.7 -90.3
128.1 295.4 260.9
551.4 47.9 -15.6 -127.6 12.9 -28.9
2010.2 98.9 279.3 303.8 -101.4 -226.6
2942.6 125.9 23 204.7 18.2 -44.7
133.3 321.8 214.2
552.8 58.7 -15.9 -128 9.5 -22.6
2003.5 68.4 242.2 305.4 -64.5 -138.2
2998.3 71 25.4 185.7 -8.2 53.4
135.5 313.7 231.9
553.6 64.9 -18.8 -132.5 5.5 -20.5
2037 112.7 266.9 311.8 -77.7 -143
3077.6 76.1 62.1 137.3 -37.6 74
140.6 308.9 266.8
555.6 59.5 -26.6 -127.2 -11.4 -13.5
2071.1 162.8 284.6 319.1 -128.8 -174.9
3139 147.3 91.9 136.6 -67.1 74.4
131.9 314.6 278.1
548.7 71.4 -30.1 -140.7 -0.2 -18.3
2077 193.1 271.4 302.2 -163.7 -199.3
3167.4 246.9 73.8 152.3 -112 94.9
134.7 324 299.6
551.8 62.2 -30.8 -146.2 -1.7 -17.8
2068 194.3 283.5 241.9 -137.1 -220.6
3214.7 288.6 125.1 96.4 -67 94.7
133.8 328.6 317.3
550.2 61.6 -30 -145.3 1.3 -19.4
2062.7 182 269.7 235.3 -153.9 -240.1
3227.3 243 174.6 76.5 -32.1 19.9
137.9 327 348.7
554.2 55.2 -29.5 -145.7 1.2 -18
2091.6 177.2 291.6 249.4 -143.9 -241.7
3304.1 200.4 216.7 15.4 -4.5 -8.8
147.6 331.1 350.4
563.9 78 -12.1 -145 1.8 -39.7
2092.9 172.2 298.8 269.1 -160.6 -267.9
3339.7 196.8 246.7 6.5 -3.1 -63.1
170.4 340.8 370.7
584.4 111.5 9.5 -137.3 3.7 -52.3
2151.3 200.4 282.4 266.3 -135.3 -222.4
3426.6 225.8 244.6 -0.2 -2.5 -50.3
184.7 347.3 379.6
591.7 107.3 9.4 -127.9 -8 -47.4
2183.6 213 274.1 270.8 -108.8 -187.8
3499 264.3 230.8 -13.6 2.6 0.6
228.4 370.5 419.6
621.9 89.4 20 -105.4 -33.5 -33.6
2275.7 216 159.8 218.9 -29.1 -77.2
3610.9 273.3 156.1 -71.9 15.6 83
winner is: 6
