Regression analysis information for: chilean_mismatch_declarative-narrow-focus_El-nino-oye-el-rio
number of formants: 3
number of coefficients: 5
50.3 435.3 254.5
430.5 -0.5 -46 -14.6 40.6 72.3
1646.2 -2.1 76.3 149.1 -71.5 139.1
2477.7 99.4 176.3 76.7 -165.5 -156.7
54.3 469.8 236.2
431.6 -1.5 -52 -24.7 40.3 74.9
1682.1 -101.9 43.6 125.5 -35.4 184.8
2520.7 88 140.5 30.4 -143.4 -97.7
63 501.3 179.3
441.3 -5.4 -58.5 -18.9 34.3 76.9
1762.9 -116.3 11.7 130.4 -32.5 118
2638.4 78 39.5 -86 -62.4 -6.2
74.1 499.2 176.3
447.5 4.1 -45 -12.2 49.5 87.5
1903.7 11.7 140.4 165.1 -83 22.9
2756.7 74.8 42.9 -104.4 -27.5 -26.3
80.9 488.5 176.2
453.7 4.6 -39.4 0.5 53.7 87.3
1915.3 34.3 203.9 209.1 -92.1 4.3
2803.6 76.8 86.4 -109 -67.1 -23.7
82.4 450.9 187.6
453.1 0.9 -30.7 6 58.8 81.4
1973.5 71.8 227.7 236.6 -86.4 -70.8
2859.2 82 104.1 -88.5 -52.2 -30.3
79.6 460.2 228.1
450.6 -6.6 -28.4 6 59 71.2
2022.3 60 199.8 303.5 -12.4 -105
2917.8 53.5 92.3 -79.9 -49 -34
76.5 467.2 249.5
446.1 -14.7 -38.5 7.4 46.8 64.1
2060 71.6 173.1 354.9 -0.9 -111
2965 32.7 101.9 -51.4 -77 -12.7
84.2 456.7 342.6
454.8 -35.9 -25.9 -4.9 56.5 48.4
2125 71.8 205.9 290.9 -13.6 -193.3
3061.2 -9.2 115.9 -101.3 -60.5 -75.8
91.7 447.9 368.6
459 -43.6 -27.9 0.4 50.1 50.6
2154.9 95.5 204.7 269.7 -62.8 -223.4
3096.1 13 107.3 -106.3 -91 -90.5
103.5 456.8 390.7
469.6 -59.9 -25.2 3.6 48.3 44.4
2162.4 47.1 204.6 246.2 -50.1 -231.1
3156 38.7 136.2 -121.3 -106 -149.1
106.7 475.7 409.1
472.2 -66.6 -20.1 -5.5 55.3 43.3
2151.3 15.9 190.9 239.1 -33.5 -209
3187.2 36.8 146.8 -143 -94 -173.3
102 462.2 422.6
466.3 -64.4 -17.1 -17.8 71.1 40.3
2167.2 25.8 195.2 202.3 -45.1 -232.4
3226.9 52.9 159.1 -177.2 -99.6 -206.8
109.3 417 428.1
472.5 -76.3 -24.7 -18.3 55.5 35.3
2231.2 56.7 198 114.9 -114.8 -274.1
3283.7 43.9 166.8 -249.6 -136.1 -245.7
141.8 352.2 423.5
495.3 -56.4 7.3 16 79 67.9
2307.9 80.4 277.2 86.1 -124.8 -334.7
3342.8 54.8 247.5 -245.2 -111.3 -260.7
174.4 345.4 419.2
514.5 -31 33.6 45.5 105 100.3
2323.7 95.4 316.3 94.5 -95 -344.4
3361 66.9 310.8 -212.3 -55.6 -220
187.2 337 440.5
522.7 -36.4 26.2 45.2 99.7 110
2383.9 111.1 269.4 27.4 -56 -290.1
3445 123.2 303.9 -226.2 2.8 -181
200.5 292.7 432.1
532.8 -32 11.4 34.4 112.1 128.5
2460.8 119.3 205.9 -65.4 8.4 -223.2
3528.7 155.7 253.1 -276.8 62.9 -134.7
246.1 250.9 409.3
567.6 -2.4 -20.2 -20.2 84.6 171.5
2515.5 137.3 142.3 -97.7 1.8 -164.2
3616.1 225.8 172.8 -326.2 18.1 -98.7
309.4 210.1 372.4
630.8 15.5 -67.3 -62.6 79.7 261.3
2579.1 135 111.1 -128.9 16.9 -116.6
3741.5 234.4 90.2 -384.4 30.7 -37.8
winner is: 6
