Regression analysis information for: chilean_mismatch_declarative-narrow-focus_Mi-novio-viene-del-lago
number of formants: 3
number of coefficients: 5
96 374.8 341.8
465.7 -54 -61.9 -0.9 -47.9 44.5
1405 -95.3 -402.3 131.7 -46.4 36.7
2265.5 -0.6 -236.3 25.9 85.5 76.4
94.2 381.3 294.5
477.3 -71.2 -43.1 -24.5 -26 34.2
1468.3 25 -375.3 -148.2 44.2 97.7
2398.4 -99.9 -195.4 -95.2 88.8 107.8
95.4 329.4 248.1
486.4 -69.6 -40.5 -27.3 -29.3 29.9
1583.1 159.6 -354.7 -203.8 35.5 115.3
2488.5 -16.8 -152.8 -137.1 67.6 78.2
91.9 289.5 187.5
494.8 -80.6 -28.7 -31.7 -32.2 24.7
1748.4 167.4 -320.8 -60.8 -59.4 23.5
2644.9 18.7 -49.3 -81.8 -7.1 -47.8
89.4 247.3 151.1
500.4 -83.7 -23.3 -25.9 -35.9 17.1
1825.7 173.8 -293.5 38.3 -54.3 14.8
2716.1 -0.4 -21.3 -18.1 -4.9 -43.2
85.4 237.7 131.3
501.3 -91 -13 -28.3 -32.6 13.1
1869.8 139 -285.4 81.9 -73.9 23.8
2755.2 -36 -5.3 -11.5 -5 -41.5
87.5 240.3 124.9
500.2 -98.7 -3.2 -32.2 -26.3 9.9
1880.3 159.2 -276.9 94.1 -60.9 22.2
2774.1 -24.6 10.6 -9.5 14.1 -33.1
91.1 255.5 129.1
494.3 -98.4 -0.1 -32.5 -24.4 12.7
1907.2 166.9 -238 99 -28.6 14.3
2799.1 -24.3 40.7 -16.7 38.8 -32.3
96.8 270 136.9
480.3 -80.9 -12.9 -20.4 -35 26.8
1897 195.6 -255.7 124.5 -42.9 30.9
2802.4 -15.1 35.7 -14.6 41.2 -25
97.4 283.3 149.7
474.5 -76.5 -14.5 -20.3 -35.6 30.9
1888.6 204 -253 130.3 -45.3 30.4
2804 -7.5 25.7 -15.9 49.3 -23.3
100.3 301.8 171.3
472.5 -76.4 -14.3 -22.4 -33.8 30.4
1887.8 193.8 -227.2 111.5 -30.9 20.1
2813.6 -30.7 41.5 -38.3 66.3 -37.5
102.7 311.5 178.7
470.8 -75.7 -15.2 -22.9 -33.6 30.1
1878.9 192.2 -215.6 107.9 -29 14.8
2815.3 -42.1 61.3 -39.9 72.4 -48
108.6 337.3 197.5
482.6 -102 10 -48.5 -10.5 7.3
1898.7 152.4 -173.6 66.9 19 -12.4
2829.6 -83.8 115.6 -72.1 106.8 -68.3
107.7 336.4 188.5
479.7 -97 3.5 -43.6 -16.5 12.5
1901.2 138 -192.8 65.3 19.5 -17.2
2833.9 -82.6 116.1 -66.2 103.8 -53.5
103.6 355.8 208.8
484.4 -106.5 9.5 -50.5 -13 10
1942.3 57.6 -159.9 6.4 54.1 -53.3
2877.1 -125.8 135.6 -98.1 138.2 -77.1
108.3 359.6 216.6
488.1 -97 14.4 -47.4 -13 5.9
1975.4 -3.4 -142.7 -34.4 65.3 -79.2
2911.4 -152.1 148.3 -131 161.3 -90.5
118.1 370.2 239.7
499.1 -98.8 11.9 -55.2 -3.2 7.8
2022.3 -28.5 -146.5 -44.8 74 -80
2990.1 -193.7 141 -191.4 207.6 -72.2
132.5 378.3 281.6
516.7 -96.6 30.5 -46.6 9.4 23.4
2089.2 -44.5 -130.6 -58.6 87.3 -81.6
3122 -213.2 77.7 -237.3 275.6 -58.2
190.8 377.1 310.7
559.8 -113.2 -11.2 -58.6 35 69.1
2179.1 -82.3 -129.2 -87.6 75.5 -61.9
3338.1 -217 -49.7 -353.8 232.1 -16.7
260.8 345.9 311
629.6 -139.4 -28.5 -72.3 37.2 146.5
2264.6 -142.1 -85.4 -81.1 22.5 -9.2
3603.9 -285.5 -31.6 -325 2.6 0.7
winner is: 7
