Regression analysis information for: chilean_mismatch_interrogative-partial-wh_Por-que-venia-del-lago
number of formants: 3
number of coefficients: 5
86.9 285.1 325.2
531.8 -36.5 -30.6 8.8 2 36.8
1468.9 397.1 -413.4 -87 63.5 -148.1
2214.6 331.2 -197.2 25.5 39.8 -235.2
85.2 332.4 332.9
536.3 -53 -8.4 1.7 -6.5 39.6
1464 336.4 -345.4 -4.9 -0.7 -188.8
2305.9 265.4 -155.2 77.8 37.2 -256.1
82.2 346.3 350.2
539.3 -62.7 12.8 -19 3.4 34.8
1516.7 324.2 -314.1 -29.7 -64.4 -181.4
2401.1 150.3 -76.2 51 24.3 -233.9
80.5 266.4 213.3
551.5 -72.2 -2.1 -0.7 -5.9 38.2
1624.8 310 -423.7 -12.4 -80.9 -136.5
2573.3 -18.8 -10.6 54.1 -27.8 -92.7
79.6 246.1 194.4
554.2 -73.2 -7.5 0.2 -5.1 38.1
1674.8 297.3 -447.2 -38.2 -84.6 -169.4
2613.8 -46.7 -53.9 19.8 -19.2 -30.4
79.9 245.4 152.5
558.1 -82.3 -0.7 -5.1 4.6 30.2
1698.5 282.3 -465.6 -39.1 -43.3 -177.1
2682.2 -45.5 -59.7 -44.6 38.3 -8.9
83.2 252.6 188.8
548.8 -73.6 -11.6 4.2 -4.6 35.7
1683.5 293.9 -516.4 7.9 -49.5 -181.4
2671 -37.8 -84.8 -55 -16.2 10.2
87.3 283.9 201.8
540.3 -64.4 -15 12.7 -9.7 40.5
1720 280.1 -508.5 15.4 -9.7 -248.9
2711.7 -34.4 -41.8 -72.8 3.7 -18.1
88.1 323.1 234.2
535.4 -62.8 -10 9.5 -7.5 36.2
1753.5 266.5 -479.8 -22.1 13.2 -317.9
2738.5 -43.1 -25.7 -100.1 1.4 -59.5
92.1 316.7 210.2
525.2 -48 -19.7 18.5 -14.6 42.7
1741.4 305.8 -493 -14.1 32.7 -322
2788.8 5.1 -85 -95.3 49.1 -54.9
92.8 331.2 225.6
523.3 -48.9 -14.6 13.4 -8 40.6
1727.4 283.3 -474 -0.4 64.7 -325.2
2811 -15.6 -90.6 -83.5 92.9 -83.5
94.3 336.9 241.6
522.9 -42.2 -11.6 16.1 -7.1 40.1
1717 288.7 -462.3 -7.5 75.2 -313.9
2830.5 -23.7 -80.3 -87.8 119.1 -105.2
94.3 338.1 253.9
522.4 -35.2 -8.7 19.4 -8.9 41.5
1723.2 307.2 -446 -31.1 65.4 -307.3
2843.5 -9.5 -71.4 -97.9 116.7 -116.6
90.7 331.9 259.2
515.9 -43 -14.1 18.6 -10.5 46.6
1725.5 312.1 -453.4 -75.3 42.3 -298.5
2856.5 3 -88.4 -129.9 95.8 -104.5
92.3 329.3 292.8
522.6 -35.5 -6 19.1 -13.2 45.7
1766.8 352.3 -440.2 -134.6 8 -300.9
2915.8 57 -94.1 -199.2 34.5 -109.5
91.7 322.6 307.9
525.5 -38.5 -4.3 19.3 -14.8 46.9
1770.2 364.1 -438.4 -145.1 -1.2 -304.5
2945.8 50.2 -64.6 -265.4 32.9 -107.5
94.6 330.9 322.8
533.6 -43.7 5.1 17.5 -13.4 43.8
1815.5 354.1 -448.2 -152.7 -0.3 -354.1
2993.6 33 -42.3 -314.1 13.1 -110.6
101.2 345 364
541.5 -38.2 10.1 24.9 -17.9 42.6
1851.3 354 -466.3 -103.5 -33.7 -355.6
3057.7 -1.3 -65 -258 -30.8 -116.2
105.8 392.6 418.9
548.9 -41.7 12.8 32.9 -27.2 50.3
1923.2 276.3 -428.5 -80 -100.4 -300.1
3132.3 -83.5 -37.1 -218.1 -104.2 -51.7
110.2 431 486.3
558 -50.4 21 33.2 -23 44.8
1999 222.7 -358.4 -79.6 -67.3 -304.4
3230.7 -139 -29.7 -161.4 -79.9 -89.5
winner is: 6
