Regression analysis information for: chilean_match_interrogative-partial-wh_Por-que-abre-el-regalo
number of formants: 3
number of coefficients: 5
90.8 272.7 349.9
510.8 -21.2 -18 34 -17.8 -40.5
1389.3 49.4 -138.1 145.1 -98.5 -31.6
2109.8 -42.2 -120.9 33.2 -72 -145.4
93.2 225.4 312.5
523.5 -31.4 -15.3 40.3 -25.2 -48.1
1462.9 23.6 -185.5 169.5 -136.2 -68.4
2182.5 -62.1 -70.6 32.4 -78.3 -176.4
98.3 203.9 282.3
529.1 -26 -15.7 43.8 -28.1 -51.5
1525.3 29.6 -245.3 196.1 -145.6 -131.1
2237.7 3.7 -60.7 77.8 -49 -163.3
100.2 184.7 234.6
529.2 -20.1 -23.6 43.9 -30 -44.3
1571.8 94.5 -277.6 129.7 -195.5 -135.7
2305.6 28.2 -79 37.9 -39.5 -150
97.3 165.4 188.4
525.1 -18.6 -26.2 42.7 -27.1 -42
1579 85.6 -315.5 116.4 -160.4 -66.6
2351.7 13.8 -94 19.3 0.1 -121
98.3 149.1 120.2
525.5 -15.5 -25.5 37.7 -27.7 -37.8
1611.7 88.8 -323.5 107.1 -161.1 -65.6
2440.9 5.6 -32.5 10.4 50.3 -89.6
101 162.7 118.9
524.2 -12.4 -20 34.2 -25.9 -36.5
1641.1 119.5 -324.3 94.5 -184.5 -84.3
2480.8 16.6 2 14 40.8 -95.1
101.7 174.3 104.9
522.8 -7.1 -17.3 31.4 -24.1 -33.7
1662.3 131.5 -337.2 77.2 -195.5 -84.8
2521.1 -8.6 31.7 -10.2 4.7 -87.3
100.7 179.1 108.8
518.5 -2.6 -15.8 33.4 -23.2 -29.6
1667.5 135.3 -337.5 78.3 -196.4 -77.6
2527.2 -4.7 46.9 -14.3 6.8 -90.1
100 182.2 114.5
515.1 3.4 -16.7 38.4 -24.5 -28
1669.2 138.2 -333.5 85.5 -206.4 -73.8
2531.9 0.1 65.2 -11.9 11.9 -91.4
99.9 185.2 127.3
513.3 10.6 -18.3 45.1 -26.5 -26.2
1673.1 144.3 -332.7 99.8 -218.1 -68.7
2537.3 8.5 78.3 -5.7 17.1 -99.7
98.7 185.1 124.4
511.1 20.2 -22 53.9 -31.2 -22.9
1676.7 149.9 -334.7 110.1 -224.2 -71
2520.2 44.4 50.2 32.3 -8.6 -81.2
103.5 202.2 126.1
515.1 16.9 -16.8 48.9 -29.5 -33.5
1693.1 131 -323.4 98.2 -212 -81.4
2528.1 37.3 46.3 25.6 12 -87.1
112.3 216.8 134.9
522.3 19.2 -21.5 47.2 -21 -32.7
1714 127.4 -325.9 89.6 -204.1 -90.9
2560.8 21.5 61.6 -4.1 30.3 -111.2
129 273.5 185.3
544.1 2.4 -1.3 33.5 9.1 -36.7
1776.8 69.2 -250.3 37.3 -131.4 -133.8
2639.2 -25.9 148 -64 108.9 -153.2
142.6 280.1 181.4
564.4 -0.9 17.4 24.8 26.2 -39.9
1806.4 84.7 -229.5 34.3 -122.6 -144.2
2709.3 -27 200.8 -115.7 122.4 -188
155.1 300.9 185
580.4 18.6 45 34.5 37.6 -33.6
1828.1 90.5 -208.9 21.1 -110.4 -143.3
2768.5 8 226.5 -161.2 94.8 -205.7
153.9 316.1 194.1
586.9 3.8 54.1 21.1 46.2 -48.4
1866.2 59.4 -170 -16.5 -79.6 -183.4
2841.8 0.5 259.1 -247.3 88.2 -257.3
163.5 333 225.8
600.1 13.4 45.3 15.1 28.4 -44.2
1902 38.9 -167.6 -46 -89.6 -198.6
2909 -20.8 281.5 -290.8 64.7 -281
196.2 329.4 258.7
628.6 -4.1 25.8 25.9 0.2 -24.3
1930.9 17.2 -201.4 -11.9 -127.2 -188.9
2998.3 -85.5 246.5 -204.7 -35.6 -263.4
winner is: 6
