Regression analysis information for: chilean_match_declarative-narrow-focus_Emilio-ama-la-marcha
number of formants: 3
number of coefficients: 5
161 211.5 402.9
537 -186.7 -5.6 -100.3 45.3 93.4
1411.5 -87.3 161.5 -50.8 76.1 -17.2
2185 8.4 316.9 -90.3 20 -67.3
170 204.3 371.9
571.7 -228.1 -4.3 -88.5 43.7 85.6
1498.1 -129.8 142.4 -61.3 28.2 -68.1
2344.1 -86.2 213.3 -100.4 10 -78.6
178.9 213 287
592.8 -255.3 -4.3 -82.8 35.4 74.7
1562.6 -122.9 107.7 -103.4 -82.6 -110.7
2487.5 -149.4 135.1 -148.7 -34 -97.7
176.7 233.8 250.2
599.8 -253 12.3 -77.2 43.9 73.8
1613.5 -77.7 163.2 -83 -83.4 -97.1
2570.3 -134.2 178.4 -161.1 -28.6 -104.8
168.5 246.8 271.1
589.1 -250.3 8 -74.6 30.4 67.6
1641.7 -47.6 180.1 -73 -112.8 -124.1
2589.4 -178.3 167.2 -170.9 -66.4 -107.7
167.6 233.2 250.5
589.4 -257 28.6 -86.8 40.9 61.2
1721.8 60.1 286 -19 -111.1 -150.5
2665.9 -175.6 284.3 -92.5 -70.4 -71.7
170.4 235.5 238.9
598 -271.5 62.3 -112.8 66.4 57.7
1758 54.4 336.6 -42 -102.5 -187.1
2711.7 -153.3 381.2 -82.7 -33.1 -45
178.7 243.1 235.8
601.5 -273.6 76.9 -128 84.6 55.1
1777.1 70.7 361.8 -49.9 -103.7 -209.9
2771.5 -112.8 410.4 -92 15.5 -17.1
186.8 247.4 255.8
599.5 -265.9 66.8 -136.6 95.9 51.3
1784 104 359.8 -51.1 -102.2 -224.6
2802.4 -37.7 361.5 -110.1 71.9 -38.5
195.7 250.7 270.5
596.3 -253.7 52.1 -139.2 100.3 51.3
1792.3 119.4 350.4 -47.3 -119.4 -222.6
2890.2 -7.9 267.2 -141.4 72.2 15.7
214.3 272.3 310.7
622.5 -261.6 44.6 -139.1 134.3 46
1821.1 108.6 353 -53.1 -105.6 -231
3012.9 -24 198.2 -185.5 86.5 72.9
233.3 296.8 343.2
651.6 -272 17.4 -142.5 181 17.2
1882.8 29.9 406.9 -119.1 -6.9 -321.1
3142.2 -55.5 158.8 -278 142.2 15.5
229 303 335
647.9 -244 -25 -121.7 154.2 48.2
1863.2 89.2 346.7 -56.5 -59.5 -265.6
3190.7 -25 90.4 -226.9 76.8 81.5
247.5 314.7 351.3
666.9 -251.3 0 -128.8 181.5 46.3
1879 84 359.8 -54.8 -50.8 -267.4
3231.5 -32.2 94.6 -200.1 91.4 67.9
250.8 326.4 359.7
664.2 -261.4 18.5 -130.6 184.1 39.8
1894.8 48.8 381.3 -59.8 -17.9 -266
3259.7 -82.4 106.1 -155 127.5 37.7
277.3 344.5 362.6
655.9 -226.9 24.5 -88.8 180.6 72.4
1939.3 17.3 443.7 -87.6 15.1 -289.4
3313.1 -143.5 132.9 -144.5 178 34.2
283.9 365.9 346.7
665.3 -258.8 43.5 -107.2 189 59.2
1967.1 1.5 455 -110.3 -9.2 -306.3
3356.4 -166 140.4 -170.7 170 88.9
308.7 399.2 351.3
700 -298.2 66.9 -104.1 174.6 81.4
2016.6 -34.2 486.4 -108.6 -25.1 -288.6
3489.3 -141.6 162.3 -226.2 20.1 57.6
315.9 428.3 346.7
760.4 -385.2 97.3 -101.7 130.1 122.4
2073.6 -78.4 530.8 -91.7 -45.2 -244
3623.2 -194.9 179.2 -259.8 -113 71.8
345.6 427 337.9
787.3 -361.2 117.1 -73.6 158.5 158
2088.9 -36.2 564.9 -76.8 -11 -226.6
3664.4 -174.2 173.5 -246.2 -104.1 59.4
winner is: 7
