Regression analysis information for: chilean_mismatch_interrogative-total-yn_El-hombre-mira-la-luna
number of formants: 3
number of coefficients: 5
106.8 273.6 344.3
439.8 4.8 6.7 16.9 84.6 2.2
1444.4 198.2 31.5 23.5 287.5 134.9
2093.7 -8.9 -22.1 42.9 227.1 174.9
122.5 300.8 370.9
452.5 -17.9 24.7 5.5 80.7 11.8
1493.1 155.1 -21.3 -33.7 259.3 135.9
2166.8 -36.7 54.2 9.7 182.2 226.5
141.2 296.4 363.2
473.3 -38.9 38.3 4.2 62.5 35.3
1544.8 94.9 -77.9 -91.5 201.1 185.6
2301.6 -77.9 48.3 -4.6 137.7 240.7
149.4 245.1 299.2
481.6 -37.6 43.7 4.3 56.8 40.1
1616 141.7 -39.1 -69 210 215.9
2446.7 16.4 84.8 -32.9 87.6 129.2
150.4 205.5 236.7
495.7 -54 63.5 -9.3 62 36.9
1671.6 177.8 -7.8 -68.5 224.2 254.9
2547.7 -0.9 87.6 -91.8 117.6 137.4
146.9 179.5 187.8
496.3 -46.7 62.7 -6.1 56.3 36.8
1706.3 202.8 8.5 -61.7 230.6 278.1
2625.2 27.2 109.1 -103.6 91.3 135.7
141.6 173.4 179.1
494.3 -45.1 64.5 -7.6 53.4 31.2
1718.8 201.4 13.5 -50 232.3 272
2667.3 25.5 124.5 -72.6 80.1 146.9
137.7 180.8 187.3
489.1 -45.3 64.6 -8.2 56.5 24.8
1728.9 188.8 28.9 -62.2 245.6 263.7
2690.7 7.9 150.7 -91.9 78.3 156.5
134.1 181.5 192.7
482.8 -47.3 62.2 -9 64.5 20.5
1735.7 181.5 36.4 -61.5 246.5 264.5
2723.6 -13.7 160.4 -87.3 56.5 165.9
130.1 190 208
475.7 -44.7 58.7 -9 75.3 11.4
1743.6 168.8 48.8 -71.4 256 261.2
2761.5 -48.1 167.6 -86.5 37.7 178.3
124.7 194.5 234
467.1 -36.2 51.6 -6.9 84.5 2.6
1743.2 163.6 53.8 -79.2 267.3 259.3
2778.4 -62.1 155.2 -80.9 41.1 169.4
130.4 203.5 220.3
475.6 -40.1 60.3 -20.1 84.6 -13.2
1746.5 142.6 81.1 -60.8 269.5 224.1
2770.9 -116.9 221 -17.3 29.2 86.2
132.1 220.6 219.7
481.3 -55 70.6 -32.8 97.5 -26.9
1760.8 125 98.6 -76.1 295.4 212.9
2804.7 -158.3 239.1 -36.5 64.4 78
143 228.8 242
488.7 -57.2 81.2 -28.3 106.8 -19.4
1774.5 123.9 101 -83 304.3 209.4
2870.2 -155.8 232.5 -57.4 111.6 118.8
151.5 248.5 269.8
506.7 -76.3 114.6 -42.8 140.3 -35.6
1796.7 105.2 119.3 -98 331.3 186.2
2954.7 -215.8 234.1 -79.7 172.1 95.1
184.3 270.7 320.4
535 -49.3 139.5 -39.2 168.6 -6.7
1829.3 111.9 124.2 -105.8 348.6 184.1
3045 -213.9 241.2 -79.6 221.6 116.6
193.3 280.4 330.6
542.7 -47.3 134.3 -54.3 160.3 2.8
1847.4 117.5 133.2 -144.3 356.8 188
3084.9 -215.5 250.4 -126.5 215.3 133.6
201.3 298.6 352.9
557.1 -61.1 127.1 -48.5 169.8 -14.8
1873 94.5 145.8 -153.7 381.9 148.6
3118.2 -212.8 202.4 -88.7 230.3 81
220 313.8 374.6
582.6 -77.5 150.5 -60.3 189.3 -1.4
1918.9 64.3 173 -201.7 390.1 152.5
3204 -204.4 210 -141.7 206.7 65.8
298.9 346.3 372.5
650 -2.5 119.1 -186.3 63.1 -34.1
1974.3 90 159.1 -260 325.9 156.7
3325.6 -152.8 191.9 -277.2 87.4 71.5
winner is: 7
