Regression analysis information for: chilean_mismatch_declarative-broad-focus_El-bebe-comia-muy-bien
number of formants: 3
number of coefficients: 5
87 464 328
424.8 75.9 -0.1 -16.4 -0.4 -25.1
1502.4 388.8 133.7 67.3 174.6 63.7
2340.9 62.2 220.5 101.8 27.3 40.1
88 473.5 332.9
432.6 65 1 -17.5 -10.2 -21.9
1619.7 230.8 140.3 126.1 91.7 152.1
2446 43 157.5 72.2 26.7 92.8
93.4 420.5 310.4
440.8 53.4 -4.4 -12 -17.2 -25.2
1694.2 119 180.4 111.3 -25.2 178.1
2520.7 -22.8 95.5 82.9 -7.2 95.3
94.2 361.7 218.5
442.9 47.7 -7.2 -17.3 -14.8 -29.4
1806.1 29.4 235.9 61.7 -32.9 134.9
2633.9 -57.8 41.1 19.4 8.1 84.8
91.8 347.8 169.2
441.7 46.3 -11.1 -19.5 -13.9 -31.2
1871.3 -14.2 223.8 55.1 -9.3 106.3
2695.9 -68.2 -6 3.4 10.7 68.7
91.3 331 140.5
438.3 51.9 -15.1 -26.7 -15.2 -30.1
1911.7 -34.2 245.8 26.1 28.4 96.9
2741.4 -92.4 -5.4 -11.3 38.2 55.7
86.9 334.9 136.2
428.1 61.7 -20.5 -26 -18.1 -27.4
1926.7 -49.1 247.4 18 41.4 86.4
2764.4 -107.8 1.1 -20.9 52.3 62.6
83.5 340.1 121.9
424.6 71 -23.8 -35.3 -22.2 -23.6
1944.3 -55.1 233.5 12.6 50.5 87.5
2795.5 -114.1 -12.8 -13.7 64.6 41.8
84.4 341.1 119.1
425 74 -28.4 -36 -22.5 -25.3
1948.6 -60.1 234.5 21.4 52.7 83.1
2812.9 -107.3 -25.1 3.6 53.2 31.4
87 344.6 130.5
426.2 75.9 -32.3 -37.2 -21.4 -27.2
1946.3 -51.1 235.1 17 59.3 79
2820.8 -111.4 -37.9 22.1 39.5 36.6
88.9 354.4 141.5
426.6 73.5 -37.5 -33.1 -14.4 -32.8
1949.9 -44.6 237.9 18.1 72.7 79.7
2835.1 -124.1 -44.3 46.5 23.6 48.5
94.7 363.1 183.9
431.3 85.1 -27.5 -22 2.4 -23.5
1952.3 -33.8 243 16.4 81.4 81.5
2873.1 -153.1 -41.3 95.8 -27.4 89.1
98.6 372.1 190.1
434.1 89.9 -23.1 -16 9.7 -19.4
1935.8 -6.7 256.5 -13.9 129.7 64.7
2878.3 -154.9 -26.9 81.2 -6.6 77.4
99.1 372 183.6
432.3 87.6 -22.3 -12.6 13.5 -20.5
1939 -1.7 269.3 -17.3 150.8 62.1
2880.5 -147.3 -5.4 38.2 38.9 58.1
102.5 368.7 189.7
434.2 86.5 -28.7 -17.8 9.1 -23.3
1957.9 -4.7 275.2 -13.6 148 66.8
2900.2 -163.6 6.9 7.1 54.8 46.9
105.3 369.7 229
434.6 97.6 -13.6 -14.9 15.7 -7.1
1998.3 -49.4 308.1 25.9 87.2 143
2957.5 -230.4 36.7 33.1 17.7 98.9
107.9 356.7 240.7
434 98 -4.7 -12 3.8 2.1
2036.3 -86.4 341.4 84.7 18.8 195.7
3019.9 -295.9 70.2 69.8 -48.9 164.2
140.1 311.2 289.3
456.1 114.3 -7 -1.2 2.1 10.9
2154.8 -71.8 241.3 54.7 -48.8 219.3
3193.5 -352.3 34.2 35.7 -123 252
153.7 276.2 287.2
470.5 105.2 -36.7 -5.8 -18.6 1.7
2212.5 -72.1 201.9 39.2 -75.4 236.6
3293.2 -390.1 -7.7 26.3 -149.4 299.6
176.9 273.7 280.8
487.5 105.4 -61 5.3 -10.8 -8.2
2265.7 -81 168.4 63 -80.8 213.7
3353.7 -401.9 -27.7 10.2 -154.9 307.3
winner is: 9
