Regression analysis information for: chilean_mismatch_interrogative-total-yn_La-nina-lava-el-plato
number of formants: 3
number of coefficients: 5
68.8 320.5 372.3
517.2 -91.4 -39.6 1.5 -11.9 70.9
1352.2 81.7 -168.5 93.4 -28.8 93.5
2164.8 106.4 56.7 100.4 -57.2 -246.6
68.2 270.4 346.5
523.4 -93.7 -42.3 1.1 -12.4 67.3
1427.4 118.7 -155 85.1 -53.3 56.4
2266.1 92 81.3 58.5 -58 -277.8
68.2 233.6 281.4
530.4 -91.4 -42.7 -0.1 -12.5 68.1
1522.4 225.2 -95.4 122.3 -42.9 31.2
2371.1 49.5 148.6 58.1 -41.9 -229.9
71.7 197.3 177.6
533.1 -91.8 -41.2 2 -18.4 72.3
1582.4 260.7 -73.3 163.2 -56.8 64.7
2506.8 14.8 152.7 56.2 -85 -147.8
72.3 194.5 101.9
535.9 -87 -42 -3.2 -20.5 79.4
1608.1 279.4 -75.1 147.1 -68.5 79.3
2602.8 12.5 106.1 -19.7 -106.4 -51.6
75.8 213.8 115.4
530.9 -83.6 -43.1 -7.6 -20.9 85.3
1621.4 309 -64.3 159.8 -61.1 100
2651.8 39.5 126.8 -14.4 -129.7 -57.2
78.4 225.4 136.1
527.9 -79.2 -40 -11.9 -26.6 87.8
1624.2 330.7 -64.8 171.9 -64.8 113.5
2671.5 43.4 150.7 -19.4 -155.8 -58.5
77.3 223.3 162.2
521.4 -68.4 -45.3 -10.3 -35.5 93.7
1640.8 381.1 -59.7 152.2 -121.3 77.2
2672.6 86.7 180.2 -56.4 -193.8 -89.4
78.7 215.5 177.9
516 -65.5 -43.8 -12.9 -36.5 95.6
1659.6 426.1 -34.3 154.3 -145.4 46.9
2684.7 131.9 226.3 -71.9 -222.5 -119.7
76.1 148.1 226.1
514.2 -60.2 -42.1 -14.9 -36.8 85.3
1744.7 569.9 24.1 129.2 -255.6 -120.2
2756.3 234.3 264.8 -73 -317.6 -229.3
81.1 151.4 230.3
517.8 -68.5 -38.1 -15.2 -39.9 87.6
1743.1 563.9 11.2 134.8 -253.5 -124
2783.5 226.2 238.1 -54.9 -308 -251
88 165.1 250.3
523 -84.8 -31.9 -11 -42.9 95.8
1744 536.1 -2.2 128.6 -257 -132.3
2833.7 190.5 224.1 -40.2 -296 -289.3
90.3 162.2 256.7
524.2 -89.8 -32 -7.6 -45.6 100
1740.2 515.7 -17.9 119 -276.3 -142.9
2858.6 161.1 218.9 -26.8 -299.4 -310.5
95.7 189 281.4
530.5 -97.1 -37.1 -0.9 -42.1 88.7
1766.8 470.9 13.6 102.6 -231.7 -175.1
2907.2 80.1 224.4 -8.5 -224.6 -341.2
97.6 196 291.5
534.4 -101.1 -45.2 4.4 -34.6 72.2
1787.7 461.8 25.9 95.2 -207.1 -204.9
2969.9 27.4 212.3 4.3 -185.4 -380.9
96.4 208.3 299.9
534.3 -104.6 -44.3 -0.7 -27.7 69.4
1808.4 447 42.1 78.1 -188.1 -211.9
3027.5 5.4 227.3 -7.1 -150.4 -406
101.2 210 296
538.2 -108.9 -47.3 4.4 -27.9 67.9
1824.2 462.9 43 88.7 -185.4 -201.9
3058.7 5.8 202.8 -9.4 -160.8 -400.2
113.4 229.1 315.2
551.7 -96.2 -64 -21.3 -35.9 86.1
1873.1 463.9 78.3 39.8 -169.6 -225.6
3149.8 43.9 227.7 -91.5 -172.7 -402.7
132.8 266.1 350.8
572.5 -108.3 -61.9 -45.1 -45.1 106
1934.7 424.9 115 -27.9 -150.6 -247.1
3257.5 44.6 284.3 -128.8 -125.8 -349.5
170.6 274 323.5
605.8 -69.2 -89.6 -107.9 -92 112.8
1975.1 441 119.3 -45.9 -157.5 -236.3
3361.9 100.2 364.3 -120.8 -125.3 -347.5
winner is: 5
