Regression analysis information for: chilean_match_interrogative-total-yn_Emilio-ama-la-marcha
number of formants: 3
number of coefficients: 5
132.8 328.7 260.5
523.1 -92.9 -80.4 8.5 -18.3 52.9
1534.4 78.8 76.3 59.4 -122.9 -12.8
2120.3 146.8 236.4 230.4 -78.6 -140.9
138.4 320.2 292.4
538.7 -113.9 -90.4 2.2 -29.2 60.8
1560.2 5.7 65.8 68.3 -129.7 -12.5
2193 102.8 205.9 192.2 -98.9 -119
141.6 269.5 316.6
556.3 -120.7 -93.5 -6.6 -22.5 61.2
1651 21.2 93.8 50.6 -173.9 -120.9
2296.8 89.7 160.9 116.9 -94.3 -107.9
140.9 241.8 302.5
567.9 -124.3 -92.3 -15.6 -17 64.9
1694.8 13.2 130.2 42.6 -155.3 -122
2393.8 60.3 102.4 82.1 -81.4 -57.6
143.7 267 347
565.1 -113.7 -88.3 -17.1 -15.7 74.7
1704.4 88.4 161.9 51.3 -150.7 -98.3
2394.3 118.9 160.7 41.3 -110.9 18
137.8 264 348.5
559.7 -115 -80 -18.8 -16.3 74.5
1730.8 114.8 195.6 69.1 -138.2 -109.5
2400.5 146.2 203.4 33.8 -158.9 28.9
136.5 254.6 313.8
560.1 -121.8 -76 -14.7 -17.9 78.9
1762.9 127.2 243.1 88.8 -123.2 -107.3
2467.9 148.1 220.5 21.4 -173.9 22.9
136.6 248.1 274.2
549.5 -114.3 -73.4 -24.6 3.6 63.4
1787.9 140.1 245 84.3 -90.9 -114.4
2550.3 172.2 162.2 -23.1 -84.9 5.6
141.1 247.7 211
547.6 -115 -77.9 -27.1 13.6 58.2
1799.9 142.2 244.5 87.8 -85.4 -127.2
2630.9 144.9 131.5 -35 -35 -66.7
145 236 183.7
553.8 -122.2 -91.5 -9.8 -3.6 70.4
1808.8 118.1 245.1 109.2 -87.8 -107.2
2701 65.9 125.8 3.1 -75.6 -55.2
149 233.3 180
541.3 -101.1 -101.8 -15.5 1 73.9
1814.5 117.1 244.3 120.3 -90 -103.3
2701.8 98.8 125.7 -2.1 -46.3 -71.1
149.6 240.4 187.6
540.2 -101.5 -102.2 -12.3 -10.2 80.2
1822 127.6 246.7 123.1 -101.2 -105.9
2718.8 105.6 125.3 20.7 -81.7 -57.2
158.2 258.4 210.5
551 -119 -99.6 -10 -18.8 101.3
1838.6 123.3 253.2 125.3 -123.2 -93.2
2759.7 99.4 131.4 42.4 -147.3 -35.3
182.3 277.1 262.9
570.7 -120.4 -87.5 4 -9.8 130
1848.3 116.8 261.2 132.9 -126.1 -74.3
2793.5 130.1 175.5 53.7 -170.8 -16.7
201.5 297.7 294.1
585.8 -137.4 -88.5 -5.4 -1 149.1
1856 91.7 266.2 125.2 -131 -46.9
2824.3 129 202.9 39.7 -196.5 2.2
220.6 309.7 307.7
600.4 -141.2 -77.4 7.1 -3.4 175.6
1861.3 65.6 269.7 130.4 -150 -21.8
2847.5 125.6 216.9 59.9 -225.4 41.8
241.1 334.8 339.8
613.7 -168.4 -64.4 11.4 -31.5 203.3
1889.5 40.8 279.3 139.1 -170.8 -0.9
2888.2 36.9 204.9 35 -289.4 38.3
252.7 339.1 351
618.1 -192.3 -23.5 -6.9 -42.3 214.4
1903.5 48.6 309.9 127.8 -169.5 -12.5
2919 26.6 252.2 8 -284.3 23.6
268.8 345.9 373.5
632.5 -208 1.3 -13.5 -28.9 216.4
1921.8 41.7 333.8 131.1 -173.1 -11.9
2971.4 3.1 297.3 8.3 -294.9 16.2
293.3 356.1 415.2
658.4 -194.4 -21 -1.9 18.1 231.9
1935.7 50.1 302.5 136.8 -146.5 -9.9
3045.3 51.4 338.9 44.3 -208.2 53.6
winner is: 11
