Regression analysis information for: chilean_match_declarative-broad-focus_Marta-abre-el-regalo
number of formants: 3
number of coefficients: 5
102.4 253.9 385.3
505.7 -4.9 -8.3 -51.6 -160 17.3
1364.2 -155.8 -79.9 160.2 -35.5 -29.8
2210.8 -255.5 -46.5 99 17.1 -116.6
103.6 214.7 348.1
539.3 22.1 -32.2 -94.7 -181.5 22
1478.9 -79.2 -110.4 47.7 -48.6 49
2416.3 -144.3 -82.3 -139.7 42.2 -16.7
122 146.7 211.2
564.6 71.9 -0.4 -79 -170.7 34.2
1564.1 20.2 -99.8 14 -110.7 40.5
2588.5 61.7 -42.7 -170.5 -29.9 -27.6
115.4 120.6 136
578.6 93 -2.4 -80.7 -172.2 30.6
1597.4 48.7 -103.7 14.7 -107.2 59.7
2661.2 101.1 -58 -109.7 -15.8 -15
118.5 109.9 97.5
578.4 99 -4 -79.3 -169.1 30
1609.7 62.5 -94.2 24 -110.1 55.6
2717.1 136.3 -26.7 -64.3 -18.6 -44.1
129.1 114.5 89.7
586.6 126.3 22.1 -54.3 -151 37.5
1628.4 78.8 -87.5 47.3 -103.4 50.3
2752.6 162.7 -12.1 -30.9 -6.1 -38
135.7 131.4 92.4
581.5 132.2 44.1 -27 -142.4 29.1
1640.7 74.7 -100.4 62.9 -94.2 33.2
2770 177.7 -11.9 -24.8 -3.2 -28.4
140.5 138.3 99.8
556.9 106.9 45.1 -20.7 -133.7 42.4
1643 61 -100.9 77.2 -78.7 31.9
2766.4 160.6 -13.4 -15.4 16.6 -0.8
133.6 142.1 95.6
554.2 109.2 50.6 -25.2 -141.6 34.9
1647 54.5 -95.8 74.6 -84.5 15.4
2787.6 195.4 35.3 2.3 12.2 -11.2
135.2 158.5 115.6
540.8 88 40.9 -22.5 -129.5 51.8
1651.2 38.9 -103 84.7 -59.9 29.1
2780.8 166.7 28.4 1.7 17.2 -10.3
144 178.4 123.3
556.7 104.4 43.5 -12.8 -126.9 43.5
1678 47.8 -99.8 105.5 -46.6 19.1
2810.9 189.8 40.3 28.1 31.6 -9.6
141.4 190.7 126
557.7 97.2 29.7 -24 -140.3 23.8
1696.3 33.8 -105.6 104 -44.5 12.7
2838.5 205.3 31.9 31.8 33.3 -23.3
152.3 216.8 128.7
562.2 100.6 30.9 -12.8 -127.7 24.7
1725.9 31.9 -106.5 111.8 -22.9 10.1
2864.4 237.8 24.9 33.4 66.9 -31.9
167.4 230.7 138.2
572.1 103.3 26.7 3.2 -121.5 15.5
1749.2 35.4 -143.7 137.3 0.4 -14.9
2893 240.3 -1 34.2 96 -40.2
171.9 224.1 141.5
569.9 105.9 29.9 13.2 -110.1 26.6
1744.5 76.6 -164.9 157.1 32 -28.1
2908.1 274.4 7.4 13.2 116.6 -23.1
175.7 235.7 154.5
571.5 93.8 19.1 12.4 -115 13.7
1761.4 64.5 -189.8 170.7 36.2 -52.6
2927.6 261.3 -19.4 13.1 94.4 -38.8
184.3 252.1 186.3
577.7 91.6 18.6 12.1 -103.1 35.4
1788.9 41.5 -188.1 165.7 66.8 -40.7
2971.4 226.7 4.9 16.3 105.2 -8.6
208.7 312.2 325
623.7 116.8 -8.2 -18.1 -105 51.6
1856.3 54.1 -203.4 135.3 62.3 -22.6
3097.6 179.6 10.7 8.3 8.6 86.8
221.5 340.7 360.8
639.6 114.9 -15.2 -38.7 -121.5 77.3
1888.1 78.8 -229.4 130.9 10.4 8.3
3159.3 209.9 -5.1 -39.1 -64.1 111
257 392.9 404.1
700.6 94.3 -43.4 -29.5 -165.4 106.1
1974.3 23.4 -213.1 106.5 13.5 -10.1
3342.6 107.2 -10.7 -44.5 -167.9 166.8
winner is: 5
