Regression analysis information for: chilean_mismatch_interrogative-partial-wh_Por-que-desayuna-muy-bien
number of formants: 3
number of coefficients: 5
74.3 380.1 291.3
454.2 71.2 24.5 17.9 -63.3 56.7
1584.9 -121.5 -11.2 179.9 -447.6 216.4
2417.6 -132.3 9.2 85 -131.4 168.2
83.2 328.9 238.8
467.1 69.8 10.4 22.6 -47.1 44.6
1674.4 -120.5 -64.2 204 -429.4 181.4
2542.9 -149.2 -55.9 146.7 -110.6 129.1
83.5 248.8 161
473 69.9 4.8 20.7 -42.8 45.3
1780.5 -83.3 -172.2 96.9 -395.9 246.8
2647.8 -95.6 -80.2 109.8 -103.5 141.5
82.5 228.9 148.2
473.5 69.6 4 17 -44.2 44.4
1826.3 -121.1 -163.6 86.1 -377.2 203.5
2689.4 -105.2 -50.1 87.3 -90.8 109.8
82.1 229.3 151.4
469.1 68.6 7.2 15.3 -46 42.5
1837.6 -130.7 -165.5 74.6 -372.6 209.3
2714.8 -102.8 -20.5 68.1 -79.1 100.4
81.8 223.5 153.3
462.8 67.1 9.1 11.8 -45.4 41.2
1870.1 -180.4 -158.9 52.6 -330.4 169.2
2733.4 -173.3 -32.1 33.1 -39.3 70.9
78.9 222.8 139.3
459.1 73.6 14.4 13.6 -44.9 34
1896.5 -187.9 -133.2 44.2 -319.9 129.6
2767.6 -168.3 -9.2 26.1 -21.1 39.1
77.4 231.4 168.7
451.9 77.4 21.2 16.3 -48.1 30.1
1898.6 -217.8 -74.3 32.9 -320.9 104.5
2754.2 -197.7 52.7 13.2 -48.6 4.1
84.9 225.8 142.8
456.1 93.7 27.4 12.1 -57.7 19.7
1920.2 -213 -39.4 26.5 -334.9 54.9
2788 -171 61.7 11.9 -63.2 -29.2
86.2 237.4 115.4
454.6 98.6 28.9 14.2 -55.8 16.7
1937.6 -216.7 -41.1 26.1 -325.3 44.5
2820.8 -161.2 72 15.7 -60.5 -62.9
88.8 246.2 100.8
454.2 101.8 26.3 11.9 -56 13.2
1961.8 -233.4 -40.5 15.8 -305.6 20.4
2856.2 -151.7 49 8.6 -27.2 -71.9
105.2 278.7 127.6
463.9 117.5 20.4 -9.2 -73.8 7.2
1966.9 -181.6 -89.6 19.3 -345.3 47.5
2886.3 -111 30.7 -31.6 -66.6 -65.9
113.6 292.3 163
469.8 126.8 16.4 -24.9 -85 6.3
2009.3 -205 -67.7 -51.5 -319.1 46.8
2930.5 -100.1 33.9 -106.2 -65.9 -47.7
127.5 308.5 205.2
476.4 136.2 12.3 -38.7 -96.7 1.4
2020.5 -173.8 -112.8 -50 -337.2 62.3
2970.5 -80.3 5.8 -159.4 -73.3 -37.1
146.4 317.2 242.9
485.9 149.1 5.6 -62.7 -118.4 -2.4
2024.3 -153.6 -132.8 -56.1 -371.8 73.5
3004.7 -47.1 -19.8 -221.6 -111 -26.7
169.1 318.4 283.6
502.7 172.4 -3 -94.4 -154.9 -17.5
2039.5 -137.7 -133.1 -84.9 -384 52.7
3043.5 -8.8 -28.8 -291.1 -148.1 -43.7
178 298.8 307.5
512.6 184.5 -5.9 -114.2 -170.3 -20.1
2053.2 -148.2 -90.2 -143.2 -364.7 43.7
3074.4 5.6 -32.2 -336.6 -159.9 -60.2
177.1 294.7 321.5
511.9 184.2 -4.6 -112.6 -168.5 -20.1
2073.2 -186.4 -26.6 -188.3 -328.5 15.1
3095.3 -6.4 -12.3 -363.5 -144 -85.4
182.9 298.2 332.6
517.5 189.5 -7.5 -119.6 -174.4 -24.2
2111.9 -217.2 11.7 -206.4 -305.2 -19.8
3127.4 -9.8 -1.1 -388.6 -144.1 -106.2
192.2 311.8 352.8
525.9 194.2 -12.6 -115.1 -167.3 -26.1
2181.7 -273.3 14.6 -192.1 -251.3 -67.4
3181.8 -42.8 6.2 -411.1 -119.3 -131.8
winner is: 11
