Regression analysis information for: chilean_match_interrogative-partial-wh_Cuando-bebia-el-vino
number of formants: 3
number of coefficients: 5
86 293.4 333.6
423.1 82.9 54 -36.6 55.4 27.2
1538.9 -31 -519.4 120.5 105.8 93.7
2248.3 -67.5 -357.5 113.7 -0.3 77.2
83.7 275.3 325
430.2 81.3 70.6 -51.5 59.7 20.4
1574.7 -9.9 -493.4 86.1 35.4 83.8
2354.7 -11.2 -291 69.7 26.3 58.2
82.6 295.5 315
434.1 82.7 78 -58.7 61.8 20.6
1588.2 -41.8 -464.6 117.8 -32.2 96.6
2397 -21.9 -236.2 62.8 36 45.9
81.9 294.5 302.4
434.4 85.7 78.1 -59.5 60.7 24.6
1630.9 -23.4 -464.8 142.1 -32.1 114.1
2447.3 10.6 -198.8 79 9 50.1
82.9 287.4 276.1
435.3 81.7 79.7 -61.3 61.9 28.1
1678.8 -6.9 -493.2 147.8 -32.3 144.3
2516.4 3.4 -181 52.9 1.3 55.8
84.7 252.6 233.3
430.5 71.7 79.5 -60 61.7 29.6
1707.2 -18.3 -469.5 114.8 -27.7 205.9
2601.1 -79.6 -165.3 23.6 5.9 114.3
86.6 237.3 235.1
429 61.8 79.3 -51.5 68.6 29.5
1738.6 -50.8 -471.9 179 -48.1 241.7
2598.5 -161.8 -173 108.1 89 219.6
94.7 240.7 242
431.3 57.8 72.8 -43.1 70 18.9
1706.9 -15.8 -487.8 134.9 10.1 223.6
2581.9 -217.2 -222.5 78.8 101.2 228.3
149.1 269 270.4
457.5 42.2 36.4 18.4 41.9 -19.8
1743.3 4.5 -523.6 168.9 -3 149.4
2712.3 -144.2 -206.4 85.6 -28.3 69.4
154.1 224.3 220.6
459.3 49.7 26.2 40.6 24 -15.8
1789.5 -60.9 -496.2 260.2 -121.6 185.3
2786.5 -155.6 -128.3 143.5 -98.7 53.1
152.8 237.9 232.5
459.8 56.5 36.9 36.8 36.1 -18.8
1800.3 -86 -480 257.6 -122.8 149.6
2861.8 -93.2 -44.1 144.4 -127.1 -31.4
211.8 278.5 275.3
506.6 15.8 1.2 107.1 37.2 -93.6
1837.9 -143.2 -500.6 235.2 -108.3 108
2936.1 -157.9 -51.7 184.7 -113.5 -101.3
231 293.9 298.7
524.3 -2.6 -15.2 135.9 35 -120.7
1872.6 -164.7 -522.7 250.2 -90.4 104.4
2957.5 -203 -108.9 234.3 -53.4 -70.9
237.2 295.6 314.9
527.5 -5.9 -29.9 150.7 30.7 -130.2
1878.5 -158.3 -535.5 262.3 -85.6 98.3
2990 -205.2 -132 226.2 -44 -76.5
236 303.3 312.7
520.6 3.1 -43.1 158.1 23.7 -125.5
1880.5 -148.9 -538 257.7 -71.4 88.2
3001.4 -176.8 -143.7 204.2 -54.6 -92.1
248 324.2 331.9
527.6 -16.3 -41.1 154 25.1 -132.6
1897.4 -154 -511.7 242.9 -35.2 71.2
3030.8 -147.1 -109.5 149.7 -12.4 -138.1
258.9 330.7 361.1
539.6 -28.7 -42.5 160.5 25.4 -148.5
1908.3 -161.9 -502.6 234.2 -30.2 61.1
3097.6 -147.1 -63 89.8 -32.3 -213
256.9 342.5 366.3
544.2 -36.6 -25.4 144 34.9 -151.3
1917.8 -170.8 -490.5 213.8 -20.8 48.8
3135 -154.5 -35.6 68 -31.4 -239.6
264.7 359.5 387.6
560.4 -38.8 -15.4 142.4 30.5 -171.5
1960.2 -214 -454 199.9 -24.6 46
3229.2 -176 18.1 57 -66.5 -233.4
268.9 355.9 399.5
567.4 -56 -9.1 148.7 39 -171.8
1992.9 -256.1 -429.9 197.1 -23.2 81.8
3325.9 -206.4 57.6 44.4 -91.6 -202.2
winner is: 7
