Regression analysis information for: chilean_match_interrogative-total-yn_Mariano-habla-del-tiempo
number of formants: 3
number of coefficients: 5
101.1 237.8 270.4
460 58.9 -8.7 -58.4 8.7 -12.3
1574.2 212.4 -305.7 319.1 -56.7 -132
2154.9 -8.6 -170.8 413.9 -10.5 -123.4
105.4 253.1 277.4
462.5 62.5 -3.3 -64.7 6.6 -14.2
1578.8 242.9 -241.2 344.7 -60.9 -120.6
2174.3 46.3 -130.6 431.9 6.3 -113.5
110.9 268.2 306.6
470.2 63.9 3.7 -72 11.4 -14.8
1595.6 216.1 -281.2 288.5 -24.7 -158.3
2250 71.5 -93 364 18 -133.4
114.9 256.5 291.4
481.2 61.1 15.4 -86 18.3 -21
1627.4 212.4 -272.9 260.2 22.4 -155.3
2333.4 70.1 -58.8 287.9 47.6 -157.7
121.1 268.3 259.2
488.2 67.8 17.8 -97.7 8.3 -27.8
1622.7 156.6 -311.2 216.1 0.6 -169.8
2439.1 47.6 -23 188.5 32.5 -140.8
126.7 276.6 259.1
490.6 65.4 23.5 -106.3 -4.6 -19.1
1659.1 148.6 -282.8 249.7 -22.4 -132.5
2499.5 36.1 -30.8 150.1 10.9 -90.7
129.8 258.7 205
495.8 69.5 28.5 -108.5 -10.3 -15.3
1738 237.1 -183.1 356.2 8.1 -99.2
2606.7 9.8 70.2 163.4 8.2 -58.9
141.6 243.6 168.4
505.7 62 37 -110.5 -17.2 -3
1780.4 251.3 -199.4 382.6 34.5 -84.1
2669.7 22.2 74.8 183 19.2 -18.9
149.6 248.3 149.7
508.4 61.2 33.3 -99.7 -29 12.3
1800.7 237.7 -219.2 413.7 2 -69.9
2715.8 -1.1 54.3 172.2 14.5 2.7
142.3 241 140.9
502 56.9 29.5 -94.8 -19.5 19.3
1784.9 268.2 -244.6 433.2 0.7 -67.8
2717.7 33.4 9.5 187.7 20 29.8
148.8 271.3 169.2
507 19.3 43.1 -79.7 -24.8 46.1
1808.6 225.7 -214.5 434.2 -6.6 -61.4
2745.5 -36.8 66.2 210.2 29.4 21.5
146.2 271.1 159.8
504.8 8.8 38.5 -80 -31.4 55.4
1806.3 232 -217.7 445.4 -16.4 -50.9
2750.3 -21.7 82.2 174.3 18.2 71.9
156.3 291.7 178.9
510.3 -19.9 45.3 -76.3 -45.7 73.1
1825 190.6 -192.9 428.3 -12.1 -48
2765.7 -58.5 109.2 178.5 14.6 94.8
172.6 308.9 195.7
534.4 -7.5 55 -100.3 -83.4 43.5
1861.6 140.4 -168 404.2 4.2 -75.6
2805.4 -111.7 103.7 162 29.3 50.8
177.9 306.1 203.4
538.7 -8.6 55.4 -102.6 -92.1 44.9
1862.2 126.1 -176.4 388.4 31.6 -87.5
2818.6 -149 80 146.2 29.3 17.4
175.9 314 220.1
539.4 -0.5 53.5 -107.8 -92.2 31.6
1884.9 102.5 -168.9 375 57.7 -107.7
2849.5 -185.3 63.3 143.1 39.4 -41.4
170.7 322.1 256
544.8 0.2 59.4 -127 -83.1 15.3
1940.2 39 -128.5 350.1 99.1 -146.5
2925.6 -272.7 100.9 124 75.9 -116.1
171.8 329.6 292.8
545.3 -17.7 61 -127.7 -73.1 37
1973.8 19.9 -123.4 347.4 106.1 -157
2994.5 -287.9 133 143.2 47.4 -115.7
179.6 346.5 326.6
552.2 -19 66 -134.1 -78.1 41.4
2012.2 -17.3 -109.2 342.4 115.6 -150.8
3051.9 -229.8 185 171.2 78.4 -146.2
212.6 359.5 385.3
580.5 -30.4 42.6 -95.2 -34 36.8
2069.8 -28.8 -93.8 382 117.6 -112.2
3177.6 -229.8 209.8 267.2 134.3 -84.1
winner is: 10
