Regression analysis information for: chilean_match_interrogative-partial-wh_Por-que-hablaba-del-agua
number of formants: 3
number of coefficients: 5
99.2 313 268.1
560.4 -48.5 -17.3 -42.2 20.9 12.9
1414.7 116.2 -128.6 43.5 -82 -230.2
2000.6 259.8 38.4 57.9 -173.6 -213.5
101.6 307.8 316.5
565.8 -44.1 -12.2 -62.3 23.2 13.8
1443.6 126.8 -93.7 -47.5 -107.1 -182.1
2061.2 236.9 53.4 8.5 -186.8 -144.1
103.3 229.2 330.7
575.5 -54 -15.7 -78 13.5 23.3
1523.1 107.1 -111.5 -109.5 -161.7 -141.7
2191.2 165.7 -5.3 -58.1 -166.3 -72.1
101 202.9 315.3
586.9 -61.7 -13.7 -87.4 16.3 16.8
1563.2 94.7 -109 -123.5 -184.8 -137.2
2279.4 119.5 5.4 -78.4 -130.5 -52.1
109.2 189.8 286.7
588.9 -56.2 -11.7 -77.9 6.2 14.9
1581.8 77.9 -109.3 -107.7 -226.7 -115
2336.8 78 29.5 -20.6 -168.3 -25
116.2 183.9 255.3
590.6 -49.8 -3.7 -62.6 4.4 8.9
1621.1 74.9 -120.4 -68.1 -263.4 -159.1
2409.4 51.1 3.8 87.7 -138.1 -85
119.9 171.8 187.3
597.4 -48 4.2 -56.7 10.6 3.7
1666.9 81 -131.9 -41 -280.8 -194.9
2506.2 53.8 21 94.7 -103.1 -57.7
127.6 181.8 164.3
604.5 -39.4 8.3 -59.4 10 0.4
1688 107 -125.2 -36.3 -296.2 -215.3
2557.2 82.3 24 52.4 -83.4 10.3
131.3 195.5 153.9
605.3 -29.2 11.9 -58.1 9.3 -0.9
1697.3 111 -124.3 -20.9 -293 -228.9
2586.2 80.4 12.8 40.5 -60.3 16.8
131.8 196 144.7
594.2 -25.1 -2.8 -54.8 -2.2 4.7
1687.1 111.3 -143.7 -11.7 -298 -230.2
2599.8 63.3 -22 56.7 -49.3 2.6
130.1 192.9 139.6
586.9 -21 -9.3 -47.7 -7.4 11.9
1684.1 115.7 -144.8 -7.5 -301.1 -228.5
2616.3 73.7 -56.6 85.2 -61.9 -19.6
129.3 193.8 151.6
583.9 -19.7 -11.9 -47 -8.6 14.6
1684.7 133.1 -148.1 -13.2 -304.2 -243.3
2637 97.7 -67.1 55.1 -84.7 -27.6
145.2 202.6 170.9
597 2.8 -11.5 -59.5 -22.6 15.1
1697.1 164.6 -145.6 -15.8 -316.9 -252.4
2659.1 137 -68 34.1 -115.5 -30.4
160.8 215.3 192.4
610.7 21.2 -4.9 -70.4 -32.6 6.4
1718.4 198.7 -133.5 -17.8 -334.9 -274.4
2687.2 152 -55.1 8.6 -128.7 -45.4
163.9 216.6 223.4
616.8 18.5 6.3 -75.9 -24.6 -1
1737 191.8 -112.9 -26.3 -331 -287.4
2740.8 109.4 -2.4 -46.9 -109.3 -92.8
175.2 230.2 275.2
644.5 21.3 48.2 -92.4 -0.1 -26.1
1766.4 203.9 -76.9 -28 -322.1 -300
2837.1 63.2 109.8 -154.6 -53.3 -187.7
191.8 249.8 293.3
670.9 38 52.6 -128.5 -8.6 -28.5
1788.4 220.3 -64.5 -34.6 -323.3 -298.3
2893.6 91.2 120.1 -220.7 -87.1 -211.8
198.3 250.9 304.8
677.6 44.5 62 -120.6 -3.1 -23.8
1801.9 236.9 -44 -10 -315 -288.9
2935 116.1 138.2 -236 -103.9 -221.8
208.3 257.3 345.5
698.6 63.7 68.7 -125.5 -18.5 -19.1
1851.9 291.2 2.2 21.2 -335.6 -287.2
3030.5 210.2 197.7 -230.4 -150.6 -237
215.1 258.8 349.9
705.4 46.6 71.8 -126.9 -15.8 -12.7
1871.7 259.7 9.9 29 -356.9 -262.8
3100.9 183.5 222.1 -268.1 -177.8 -248.1
winner is: 11
