Regression analysis information for: chilean_match_interrogative-partial-wh_Cuando-vendia-el-carro
number of formants: 3
number of coefficients: 5
114.5 230.6 297.5
510.4 -46 4 118.6 -35.4 17.3
1441.3 68.5 -426.8 21.9 106.6 88
2069.8 31 -261.1 -84.7 156.5 155.3
121.4 221 320.5
516.4 -41.2 16.7 118.7 -36.4 5.7
1503.9 88.8 -433.3 32.5 65.4 77
2167.8 5.2 -223.7 -38.5 160.6 126.1
122.4 205 301.4
526.2 -43.5 31 105.6 -34.8 -8.8
1541 134 -401.7 -19.9 -15.7 51.2
2276.9 50.1 -184.2 -97 134 70
118.1 191 270.5
531.9 -51 45.1 97.2 -32.4 -15.6
1561.6 128.4 -389.2 -34.6 -60.5 26.3
2342.5 31.2 -145.5 -147 101 -12.4
121.4 230.7 309.4
532.6 -62.4 38 109.6 -30.4 -7.3
1533.6 106.7 -367.8 -3.8 -57.4 26.2
2329.8 54.4 -175.2 -116 112.6 19
119.8 202.6 312.2
531.9 -74.5 33 107.8 -22.9 -2.9
1550 120.2 -370.5 1.4 -63.5 21.9
2360.5 44.8 -160.9 -115.7 124.4 8.1
123.2 193.2 303.1
535.3 -83.8 22.2 114 -21.6 -8.9
1574.5 116.1 -400.9 -17.3 -43.1 46.2
2394.3 -18.5 -172.8 -118.2 146.1 19.1
126.7 172.4 276.8
538 -83.5 13.2 117.5 -17.3 -15.8
1623.7 137.5 -477.3 -63.9 11 116.1
2446.8 -30.4 -216.6 -161.1 143.2 0.7
127.3 149.1 239.7
533.8 -72.4 9.9 120.5 -12.1 -21.4
1646.6 148.4 -512.3 -57.9 38 109.1
2503.5 -19.9 -234 -154.2 186 -17.8
132 143.5 244.7
537.1 -70.5 5.9 131.3 -13.4 -13.6
1667.4 166.7 -534.5 -63.1 30.6 113
2564.3 62.5 -242.4 -112.8 194.1 -13.8
142.4 159.4 250.6
554.1 -89.1 3.3 152.9 -22.8 -10.7
1680.7 161.9 -532.9 -57.1 24.9 109
2634.1 66.7 -196.8 -76.3 220.1 -19.3
144.4 164.7 247.3
557.7 -92 -1.9 164 -27.9 -2.4
1681.4 163.8 -537.4 -53.2 23.7 111.4
2661.5 115.1 -124.9 -39.3 239.8 -7.9
142 160 251.3
552.2 -82.5 -13.1 169.5 -27.7 -7.2
1680 165.9 -529.3 -38.8 16.7 94.1
2675.5 169.3 -109.9 15.5 226.5 -46.4
151.6 167 252.1
564 -98 -11.4 174.6 -35.4 -2.8
1694.9 161.8 -530.2 -54.6 27.8 85.9
2745 149 -79 -36.7 209.6 -98.8
160.8 179.9 256.5
574.7 -113.8 1 171.2 -37.4 -3.9
1708.5 153.3 -517.6 -80.6 31.8 91.7
2817.2 152.9 -50.2 -91 204.7 -165.2
169.2 217.4 286
587.1 -124.7 3.3 163.3 -16 -21
1744.4 115.8 -496.8 -123.8 69.7 66.6
2896.2 126.2 -47.9 -189.7 225.7 -208.8
187.7 248.5 306.6
619.9 -139.4 20.4 156.1 -33 -46.9
1777.2 73.1 -463.5 -150.4 96.3 29.3
3010.8 112 -22.7 -253.4 205.4 -293.3
199.4 263.9 368
638.4 -141.5 27.7 160.5 -51.7 -57.7
1803.5 62.9 -438.1 -145.9 116.6 21.7
3111.6 95.9 35 -234.1 214.5 -277.5
206.2 275.1 402.9
645 -138.6 19.5 177.9 -61.2 -54.2
1823.6 59.3 -448 -136.9 134.1 17.7
3174.9 84.9 54.8 -237 265.4 -289.8
207.8 282.2 429.5
643.1 -145.4 11.6 197.3 -47.7 -47.9
1846.3 35.5 -440.8 -141.7 152.2 15.4
3247.2 88.6 48.2 -221.7 289.7 -259.1
winner is: 9
