Regression analysis information for: cuban_mismatch_declarative-narrow-focus_La-nina-lava-el-plato
number of formants: 3
number of coefficients: 5
96.9 473.6 278
586.2 -58 -32.9 45.5 82 102.4
1521.1 101.9 54.7 -104 -155.1 99.9
2222.5 120.5 156.5 -129.8 -224.9 103.2
94.7 383.3 287
588.1 -45.1 -25.4 43.5 83.3 101.8
1619.1 207.5 75.8 -90.8 -119.9 179.6
2295 179.7 200.2 -115.1 -238.2 161.4
88.7 334.7 314.4
594.2 -44.2 -29.4 47.9 82.3 96.1
1712.1 184.9 24 -109.5 -147.1 75
2414 150.7 198.2 -111.8 -239 85.1
84.6 309.9 291.5
598.2 -46.5 -27.3 41.4 88.4 86
1769.1 173.5 -4.7 -160.8 -95.6 -26.5
2505.4 137.2 114.1 -122.2 -73.9 -74.7
83.4 300.1 230.6
600.4 -46.8 -24.7 40.2 91.8 83.2
1791 220.1 -12 -179 -93.9 -30
2554.9 197.1 27.9 -153.1 55.2 -80.3
84.7 273.1 217.4
600.1 -43.7 -27.8 47.3 91.6 82.4
1832.9 223.5 -12.9 -150.4 -140.6 -28.5
2596.4 214.8 5.5 -144.6 46.6 -51.4
86.4 209.1 188.4
601.8 -52.3 -25.3 43.2 91.4 83
1891.9 247.5 40.5 -129.4 -170.2 -27.5
2666.2 200.7 55.3 -123.5 -0.3 -22.4
83.9 178.7 156.7
602.5 -43.4 -21.9 50.3 90.9 87.4
1924.9 271.5 84.5 -98.3 -172.5 -40.5
2730.4 182 109.6 -117.5 -39 -0.1
86 171.9 146.6
599.2 -37.8 -26.5 58.2 85.7 94.2
1939.7 284.9 91.8 -73.8 -184.3 -46
2766.9 200.5 103 -99 -82.1 -23.3
86.5 177.8 154.3
601.7 -45.6 -19.4 54.7 89.4 95.6
1946.3 270.7 100.9 -82 -181.2 -41
2797.3 207.3 109.3 -128 -111.5 -36.9
86.8 193.9 170.8
600.1 -46.5 -19.1 55.2 90.7 96.6
1941.5 266.1 108.5 -70.3 -176.1 -41.2
2820.1 235.2 109.1 -157.3 -143.8 -45.4
86.6 201.8 184.9
598.7 -46.8 -19.6 55.1 91.7 97
1940.4 261.2 111.5 -66.6 -171.2 -36.5
2834.8 249.8 110.8 -178.1 -164.4 -53.5
86 209 201.2
596.2 -47.2 -21.5 54.9 93.1 97.6
1935.8 257.4 114.9 -61.7 -161 -31.6
2841.8 261.5 116.4 -203.4 -171 -54.9
84.1 219.3 181.6
588.9 -40.7 -32.2 59.7 90.8 98.7
1920.9 233 114.9 -42.7 -124.9 -9.2
2823.8 225.5 111.9 -190.3 -121.1 -10.5
83.8 220.9 153.8
584.5 -32.6 -39.9 65.3 87.1 99.2
1915.2 227.7 110.9 -33.6 -115.1 -9.3
2806.1 189.7 103 -165.6 -79.7 19.5
87.9 219.9 192.6
589.4 -47.3 -30 50.5 99.3 85.7
1935.4 242.9 119.4 -70.3 -135.8 -56.6
2838.3 191.1 130.9 -216.2 -85.6 -47.8
92.2 207.3 252
595.2 -60 -21.6 38.1 109 75.1
1969.2 261.1 119.6 -115.9 -174.3 -95
2917.5 223.4 167.1 -301.4 -143.3 -157.1
93.5 185.1 288.6
597.9 -62.1 -21.1 34.1 109.9 73
1992.9 280.5 107.8 -145.3 -206.2 -109.4
2980.9 275.3 169.5 -366.4 -213.7 -222
98.1 147.9 295.5
605.9 -72.7 -11.4 21.3 120.3 62.1
2031.4 300 96.5 -198.6 -237.6 -122.9
3051.4 270.4 183.5 -462.1 -222.3 -269.3
99.7 118.3 290.5
611.3 -77 -8.6 15.4 124.6 58.5
2067.7 319.2 84.6 -236.1 -269.4 -131.6
3110.3 274.6 181.7 -514.3 -241.3 -291.1
winner is: 9
