Regression analysis information for: cuban_match_declarative-narrow-focus_Ana-lleva-el-abrigo
number of formants: 3
number of coefficients: 5
79.5 263.6 249.2
524.5 155.7 -28.9 67.7 58.7 32.8
1682 199.3 -66.5 36.4 -286.4 82.1
2281.9 -37.1 -3.8 -49.7 -278 118
79.6 282.5 298.8
518.9 159.7 -29.7 74.3 66.4 37.9
1725.9 215.7 -49.1 61 -257.5 60.8
2305.5 12.4 55.2 -50.9 -259.8 76.4
78.4 262.9 295.9
519 161.6 -30.2 76.4 66 38.5
1762.7 200.5 -65.9 97.3 -290 41.2
2355.3 49.4 97.2 63.6 -234.5 119.5
81 236.9 249.7
517.8 162 -29.9 77.4 67.8 40.1
1821 163.5 -57.7 57.8 -279.5 8
2482.6 -42.3 132.2 19.5 -70 95.2
80.3 194.6 213.8
517.7 167.2 -36.7 80.1 67.8 43.5
1871.1 184.1 -116.6 20.8 -288.5 50.9
2535.9 11.9 45.2 63.5 -66.4 126.3
81.4 184.4 163.8
519.9 167.7 -36.4 79.8 69.4 42.6
1887.8 173.9 -119.8 27 -293.5 42.4
2629.4 21.8 75.9 73.2 -64.1 46.3
81.9 184.6 131.7
520.4 171.7 -37.9 81.8 69.4 42.3
1898.2 165 -112.7 26.1 -291.9 39.1
2685.9 19.9 146.6 59 -37.4 -1
83.8 189 119.6
523.7 179.8 -33.6 85.5 71 40.9
1906.8 171.9 -113.6 32.9 -295.1 39.8
2716.3 49.3 168 73.4 -43.8 -20.2
80.3 191.6 108
524.7 181.4 -31.5 85.6 73 39.8
1912.4 169.6 -121.5 32.7 -297.8 40.3
2732 54.7 179.2 72.5 -42.9 -22.5
78.9 198.7 107.7
526.7 189.6 -27.1 90.2 75.1 37.9
1918.3 174.6 -128 34.9 -298.7 41.7
2755.2 57.2 198.5 57.5 -39.5 -42.9
80.8 209.7 114.6
528.3 190.9 -20.8 88.9 79.2 37.7
1921.9 178 -130 35 -293.1 31.9
2772.5 55.9 213.5 40.3 -34.1 -62.2
83.1 208.7 120
529.2 195 -25.7 102.4 71.4 39.3
1916.7 189.6 -139.6 47 -291.8 28.9
2775.9 61 208.7 49.5 -34.8 -65
87.6 211.9 123.7
531.3 190.3 -28.2 110.8 65.5 40.2
1917.6 192.4 -140.9 49.5 -291.8 23
2781.8 52.1 216.2 52.8 -30 -68.7
85.5 214.3 129.9
529.2 193.5 -27.1 107.5 67.6 38.6
1918.4 202.7 -139.3 46.2 -289.4 15.1
2785 60.7 228 46.8 -24.3 -76
88 217.6 136.2
530.3 194.9 -25.6 110.9 67 38.9
1922.2 206.2 -134.3 44.2 -289.6 11.4
2797.6 54.3 248.4 35.7 -23.9 -86.2
89.2 220.9 142.7
524.5 183.2 -34.1 106.7 66.1 43.2
1920.5 201.7 -140.5 45.5 -296.3 17.3
2806.5 58.4 244.7 16.4 -46.7 -96
87.6 223.2 178.7
522.5 178.8 -37.6 104.1 65 44.3
1924.9 187.6 -142.5 44.2 -306 26.7
2847 80.3 239.3 -47 -110.8 -124.3
94.9 225.6 213.6
527.9 174.3 -39.9 111.3 58.1 44.7
1938.5 172.6 -140.1 44.9 -314.7 34.5
2903.9 74.4 246.6 -108.7 -157.5 -146.4
101.4 227.9 236.6
534.1 169.5 -42.5 120 50.9 45.1
1951.8 160.7 -138.5 47.8 -326 45.9
2948.2 54.7 249.4 -124.1 -190.3 -149.1
96.9 228.8 245.1
534 177.4 -37.3 115.1 58.7 46.2
1964.9 148.8 -135.6 47.3 -331.3 58.9
2979.7 43.9 259.5 -140.4 -203 -137.4
winner is: 9
