Regression analysis information for: cuban_mismatch_interrogative-total-yn_La-maestra-vive-en-Paris
number of formants: 3
number of coefficients: 5
131.8 208.8 197.6
488.4 98.9 23.1 61.8 -41.4 21.8
1708.1 -103.5 62.3 -33.3 -143.9 50.6
2205.3 -237.7 160.2 -87.2 -236.6 42.2
140.5 189 195.6
489.7 95.5 27.1 55 -40.2 16.3
1724.3 -102.4 129.2 -58.6 -203.8 18.8
2217.1 -247.8 181.4 -94.7 -264 41.1
208.8 186.3 207.2
543.6 -11.1 131.1 -42.5 48.5 -59.2
1766 -156.6 168.4 -108.7 -205.9 -7.4
2273.8 -333.4 244.7 -135.6 -240.6 2.4
233 192.5 192.3
604.1 -117.1 238.8 -134.9 136.3 -126.5
1852.9 -185.6 157.1 -130.2 -161.7 -17.8
2389.9 -366.8 270.3 -184.7 -213.2 -24.6
228.1 210.9 216.3
615.7 -116.9 255.1 -141.2 154.9 -136.3
1910.9 -197 124 -141.4 -119.6 5.2
2499.8 -321.9 250.5 -196.5 -135 10.5
224.4 196.4 188.2
635.5 -131.9 286.6 -159.9 185.2 -156.1
1958.5 -178 120.1 -152.1 -124.7 -10.8
2587.7 -268.6 276.5 -184.9 -60.5 18.2
220.7 200.2 172.7
642.1 -128.4 296.7 -159.6 196.2 -160.7
1967.9 -151.3 108.2 -162.6 -101.9 -68.5
2627.1 -265.5 299.4 -178.6 -29.9 -8.4
217.8 210.7 169.6
636.1 -109.7 284.2 -137.5 179.4 -136.8
1977.3 -177.9 136.1 -174.6 -92.4 -55.8
2651.4 -280 326.3 -172.6 1.1 -2.6
211.6 189.2 140
634.2 -108.4 279.3 -128.8 165.4 -117.3
2010.9 -210.1 129.8 -161.3 -106.9 -39
2708.2 -325.7 297.5 -148.2 45.8 -46
218.6 199.5 169.9
653.9 -130.6 304.3 -160.3 171.5 -132.9
2054.2 -249.7 160.8 -178 -153.7 -7.8
2764.7 -355.1 339.1 -186.4 19.3 -46.9
232.9 213.9 225.3
692.4 -209 374 -216.8 216.4 -161
2088.9 -294.6 208.5 -214.5 -145 -29.9
2839.3 -413 422.3 -263.3 29.6 -95.1
233.4 197.1 232.1
717.2 -270.8 422.1 -266.1 256 -195.9
2141.3 -388.1 291.6 -297 -93.6 -89.2
2915.7 -536.6 523.4 -380.5 86 -187.5
233.1 183.2 237.4
730.7 -318.2 443 -301.4 263.9 -211.4
2168.7 -456.2 334.5 -348.4 -71.8 -118.3
2953.9 -609.3 556.6 -460.7 83.6 -224.7
234.1 180.4 247.3
740.2 -337.1 457.6 -306.9 266.7 -205.2
2176.8 -459.3 335.8 -346.1 -87.2 -105.6
2980.7 -627.6 578.4 -482.6 79.1 -217.3
240.9 184.2 261.9
754.9 -346.6 463.9 -324.7 255.9 -199.1
2187.6 -463.3 331.9 -359.6 -103.1 -96.7
3009.9 -649.7 593.4 -514.5 53.9 -204.4
240.2 185.7 273.5
760.8 -358.7 472.7 -326.1 257.5 -195.6
2193.1 -465.5 330.3 -361.2 -102.7 -101.1
3033.1 -652.3 586.1 -510.1 38.2 -203.1
240 180.7 282
773.7 -375.6 488.9 -331.5 257.4 -189.7
2204.7 -473.6 335.7 -361 -101.3 -98.3
3070.1 -656.1 588.4 -510.7 28 -203.6
243.8 183.7 285.8
777.5 -372.4 494 -328.3 256.1 -191.9
2227 -490.1 349.3 -370.4 -99.5 -102.7
3115 -659.2 597.9 -507.2 34.3 -221.4
261.8 185.1 322.1
798.8 -356.2 494.9 -311.5 266.8 -219.1
2255.9 -511 355.6 -372.6 -94.5 -103.1
3195.5 -646.3 611.5 -498.8 60.1 -283.7
316.9 188.1 392.2
843.4 -314.6 476.2 -333.9 278.5 -201.6
2298.9 -533.5 356.1 -404 -89.6 -78.8
3296.5 -605.2 540.2 -545.6 88.9 -265.7
winner is: 2
