Regression analysis information for: cuban_match_declarative-broad-focus_Maria-bebe-el-vino
number of formants: 3
number of coefficients: 5
94.2 468.4 228.7
464.1 126.6 -66.3 -43.1 -7.4 -26.7
1414.2 167.4 -231.5 -72.2 -225.3 -74.4
2133.5 -54.1 -11.9 -4.1 -386.5 24.9
94.7 475.2 247.3
470.6 119.5 -56.2 -45 -7 -27.9
1514.5 68.4 -161.3 -88.9 -268.7 -57.4
2190.8 -109.5 31 -10.7 -415.5 40.5
100.4 399.8 271.6
469 119.5 -58.9 -45.1 -4.5 -27.8
1644.7 17.1 -196.8 -25.2 -338.2 7
2268.6 -109.8 -9.4 20.4 -450.6 51.3
94.6 246.7 251.9
485.2 98.2 -42.6 -49.7 -8.8 -19
1853.2 -154.4 -130.9 -41.4 -409.9 45.7
2400.3 -160 -21.5 3.8 -429.6 59.3
92.5 194.3 208.9
484.6 96.1 -45.5 -51.2 -13 -22.7
1911.3 -112.6 -139 -56.5 -447.6 26.4
2517 -97.3 -43.7 12.6 -415.3 32.9
95.4 165.2 187.2
489.6 107.9 -38.2 -43.2 -8.6 -18.1
1947.1 -63.1 -143.1 -34.7 -472 71
2592.8 -60.2 -20 34.8 -435.4 61.3
96.5 164.8 200
488 110.2 -40.1 -40.8 -10.3 -17.3
1949.7 -64.6 -137.4 -32.6 -466.5 68.8
2618 -46.3 -17.5 7 -451.1 68.5
97.8 165.1 214.8
488.1 107.5 -36.9 -44.5 -6.4 -21.3
1952.5 -75.7 -127.9 -33.8 -454 57.6
2651.3 -50.4 -7.6 -4.3 -472 54.4
96.2 161.2 218.9
483.1 113.6 -42.8 -40.7 -10 -18.2
1950.2 -97.7 -119.7 -30.3 -437.5 53.5
2666.3 -61.9 -3.9 11.9 -490.8 61.9
93.4 162.6 214
479.8 113.7 -46.2 -42.8 -10.3 -21.2
1959.2 -88.6 -117.9 -38 -446.4 57.2
2678.8 -77.7 18.9 34.2 -493.5 76.7
92.3 164.5 217.2
476 117.6 -48.9 -41.8 -10.2 -19.4
1969.9 -85.2 -117.6 -49.1 -461.1 51
2710.2 -93.9 24.9 34.3 -532.4 85.4
91.4 170.6 244.1
474.2 118.3 -49.5 -43.5 -7.5 -21.4
1976.1 -87.2 -112.7 -54 -464 49.7
2758.9 -92.7 43.3 -19.2 -565.9 79
89.6 176.9 275.4
469.5 124 -56.1 -40.3 -9.9 -19.3
1968.1 -71.3 -128.2 -40 -474.8 61.2
2774.7 -99.5 52.1 -18.6 -572.9 85.7
88.5 179.4 296.7
467.3 127.3 -59.8 -38.6 -8.5 -20.2
1972.7 -78.1 -117.1 -54.1 -461.2 65.6
2796.9 -132.6 67.7 -28.7 -547.4 100
89.8 184.4 308.5
467 126.6 -58.2 -41.4 -4.2 -22.9
1977.1 -81.3 -116.4 -48.4 -460.1 70.4
2806.1 -128.8 54.1 -23.1 -532.3 91.1
91.7 180.3 286.5
469.3 121.6 -53 -47.1 1.3 -26.5
1988.4 -95 -110.2 -48.2 -459.5 62.7
2850.3 -199.4 54.9 -33.4 -547.1 71.8
90.9 177.5 266.6
467.9 126.4 -56.9 -43.7 -1.3 -23.9
2004 -102.6 -97.3 -49.9 -449.4 65.3
2901.5 -247.6 57.4 -44.4 -549.9 77.4
94.9 178.8 266.1
473 130.1 -49.5 -41.2 6.7 -22.3
2029.3 -105.7 -70.1 -48.2 -423.8 75.1
2973.5 -314.2 80.7 -104.8 -504 38
97.1 179.7 302.4
478.6 127.4 -41.5 -45.6 14.8 -27.1
2044 -113.6 -63.1 -54 -416.1 69.5
3093.3 -239 159.4 -54.6 -401.7 52.9
98.3 180.3 330.9
484.3 134.5 -33.9 -41.8 22.4 -26
2052.7 -115.3 -68.9 -55.1 -422.1 64.8
3199.7 -193.7 165.2 -48 -338.7 42.8
winner is: 6
