Regression analysis information for: cuban_match_declarative-narrow-focus_Maria-bebe-el-vino
number of formants: 3
number of coefficients: 5
81.5 322.7 170.1
451.1 146.7 -51.7 24.5 -24.9 64.4
1653.2 104.3 -105.9 143.9 -220.7 -133.4
2098 -7.8 -85 198.3 -306.7 -182.3
94.1 239.1 182.9
467.6 120.9 -29.5 11.6 -23.6 76.1
1777.3 5.7 -64.3 92.1 -217.4 -125.3
2186.3 -73.8 -44 177.5 -279.4 -182.3
96.6 225.9 204
474.1 112.5 -19.7 4.5 -22.2 86.1
1818.8 -4.1 -44.5 17.3 -197.6 -56.2
2288.8 -44.5 -111.9 83.6 -199.4 -43.3
96.5 192.6 147.1
476.2 115.6 -20.4 5 -19.7 85.2
1858.6 10.4 -53.9 33.8 -228.1 -89.9
2383.2 6.2 -152 65.6 -156.6 -15.8
96.6 148.7 128.4
477.7 118.9 -20.6 6 -17.5 83.7
1906.3 6.2 -84.4 82.7 -262.1 -148.4
2485.3 99.2 -128.7 135.5 -155.1 -20.6
96.8 136.3 125.1
477.9 122.5 -19.3 7 -15.4 82
1923.7 -5 -96.2 106.4 -272.1 -166
2518.7 123.1 -116.6 167.7 -150 -40.3
96.3 133.7 130.5
476 126.9 -17.9 7.6 -13.7 81
1932.4 -7.3 -93.1 109.9 -279.1 -169.9
2542.3 112.5 -120.7 188.5 -154.2 -63.4
94.5 136.3 135.6
474 131.8 -18.9 9.3 -11.9 78.5
1939.4 0 -91.2 110.6 -289.7 -179.1
2552.5 104.9 -108.3 180.4 -146.5 -67.4
94.6 145.4 150.6
473.1 133.6 -17.2 7.7 -8.4 75.2
1940.7 11.7 -87.9 106.4 -296.2 -184.4
2577.2 78.8 -87.3 174.5 -144.2 -73.2
90.8 144.2 162.9
469.5 140.5 -20.8 9.6 -7.2 72.8
1947.8 16.2 -92.4 114.9 -304.5 -195.5
2610.3 50.2 -64.3 169 -146.1 -85.9
86.7 149 181.3
465.6 148.2 -25.8 12.5 -7.5 71.2
1949.1 23.1 -95.1 115 -306.8 -201.5
2640 23.4 -24.3 138.7 -142.8 -94.1
84.9 152 192
463.9 152 -28.7 13.9 -7.8 70.7
1947.5 30.9 -97.2 110.8 -301.8 -209.7
2651.8 35.5 -19.3 121.8 -130.4 -133.1
82.3 152.9 198.7
460.7 158.6 -34.4 16.9 -9.2 70.2
1946.8 37.5 -100.9 110.8 -301.7 -211.2
2663.7 49.2 -18.9 106.1 -124.1 -168.5
82.5 154 197.9
461.7 157.2 -33.5 15.8 -9.3 71.8
1948.9 34.6 -94.6 103.8 -298.2 -206.6
2677.2 34.6 5 76.2 -113 -170.4
96.7 158.2 207.9
471.8 138.1 -17.6 1.9 -1.2 68.9
1953.1 29.9 -89 99.3 -295.1 -204.3
2704.1 7.4 43.3 23.3 -84.9 -204.4
98.1 157.7 211.5
472.2 136.4 -18.1 0.8 -1.3 68.8
1963 18.7 -93.1 110.6 -300.8 -207.9
2751.6 -37.8 33.9 40.7 -88.2 -244.7
119.6 156.5 226
491.6 99.9 12 -24.3 11.8 64.4
1988.5 -20 -67.2 96.4 -299.8 -206
2842.1 -148.7 112.1 -19.2 -63.5 -281.2
123.8 160.2 234.2
499.5 97.3 23.1 -25.5 21.3 66.4
1996.9 -22.7 -62.8 95.7 -300.7 -202.3
2904.9 -185.6 137.1 -13.1 -60 -295.3
126.1 164.4 237.8
508.5 88.1 35.8 -31.2 28 68.1
2017.8 -33 -39.6 91.6 -289 -193.8
2971.6 -226.6 184.1 -4.2 -71.6 -262.8
127.4 170 255.9
512.4 93.8 40.8 -25.6 33 74.1
2027.4 -37.1 -34.4 86 -289.2 -190.8
3025.9 -264 196.1 17.5 -108.7 -249
winner is: 6
