Regression analysis information for: cuban_statement_filler_Cocinabas-por-la-noche
number of formants: 3
number of coefficients: 5
122.4 183.4 304.6
531.1 87.7 -122.2 -69.5 97.1 -24.9
1492.7 -4.3 -0.5 -199 -256.5 -300.2
2049 -89.4 78.4 -248.9 -36.1 -259
144.1 210.9 372.8
541.7 71.9 -83.1 -81.1 112.2 -49.4
1496.8 -34.8 27.1 -158.8 -174.4 -276
2109.2 -10.1 191.9 -206.8 29.5 -277.1
166.1 225.6 371.9
552 42.3 -66.6 -106 138.8 -67.9
1509.8 -81.9 38.4 -110.1 -117.7 -265.9
2160.8 -2.7 227.8 -180.1 92.2 -289.7
180.4 182.1 359.7
571.5 34.8 -46 -118.3 159.6 -85.6
1594.8 -39.3 98.8 -86.2 -122.5 -293.4
2319.6 23.5 290.8 -78.2 153.3 -269.5
197.5 163.4 347.5
590.9 9.9 -29.1 -146 184.9 -97
1652.7 -22.8 134.1 -133.2 -135.1 -354.7
2437.1 36.1 295.8 -72.7 159.7 -253.6
206.7 146.5 319.9
611.2 -3.9 -22.2 -182.3 208.2 -101.7
1695.9 -19.1 135.7 -182 -121.2 -352.4
2589.3 96.6 211.1 -223 166.4 -139.1
211.3 148.8 311.8
623 -16.3 -10.9 -210.2 219.1 -116.6
1713.2 -35.9 141.7 -209.6 -120.7 -367
2664 96.5 187.1 -344.2 147.6 -139.3
203.7 153.1 295.1
627.9 -37.3 1.9 -234.9 239.7 -120.4
1730.7 -45.8 165.1 -224.3 -107.2 -365.8
2728 125.2 228.2 -370.8 195.2 -86.4
206.4 155.2 249.6
625.6 -36.7 -0.7 -234.1 234.4 -112.7
1739.1 -53.7 181.4 -232.4 -101.1 -369.2
2764.5 155.4 254.1 -342.7 192.7 -62.8
213.4 161.2 263.5
633 -49.4 11.6 -249.3 244.3 -119.1
1750.1 -73 203.8 -248.7 -94.6 -372.4
2817.5 148.5 303.7 -346.1 192.2 -16.6
215 164.4 274.7
630.6 -47.6 6.2 -244.7 242.5 -115.4
1753 -77.3 211.2 -255 -89.6 -376.2
2866 205.4 365.8 -310.5 230.2 21.1
216.3 164.3 290.3
628.4 -59.8 8.8 -247.1 247.7 -115.9
1765.5 -97.1 222.9 -262.8 -77.8 -385.7
2924.2 215.7 399.6 -291.4 290.2 19.2
230.7 172.8 316.5
636.7 -49.5 23.4 -241.2 244 -129.3
1778.8 -105.7 246.2 -264.4 -80.5 -394.6
2959.6 218.5 439.5 -268.6 316.5 19.1
259.9 197.4 331.6
659.2 -34.8 67.7 -235.8 255.5 -153.9
1810.9 -93 306.7 -256.4 -66.9 -423
2986.7 225.8 499.7 -231.8 349.2 -2.7
269.9 209.4 386.6
667.7 -30 96.8 -234.9 260.5 -176.7
1826.7 -91.8 343.1 -245.8 -77.3 -428.3
2948.4 110.3 446.3 -290.1 227.5 -113.9
277.5 230.2 338.9
667.2 -7.6 110.8 -226.2 260.9 -188.1
1862.3 -103.5 394.7 -255.5 -65.8 -439.1
3062.9 240.9 578.5 -187.6 340 5.9
323.3 260.3 350.6
712.4 -53.5 144.9 -171.6 196.9 -170.2
1903.7 -90.4 421.4 -228.1 -68.3 -451.3
3174.9 230 576.5 -146.6 298.8 68.4
344.9 296 347.5
745.2 -57.6 169.3 -160.1 184.8 -157.3
1946.2 -56 467.4 -219.1 -59.1 -475.6
3253.3 187.1 575.2 -161.1 220.3 130.1
346.6 311.1 335.1
754.7 -44.3 176.8 -166.7 196.4 -171.9
1972.5 -37 487.2 -223.2 -55.6 -492.6
3325.3 215.6 569.7 -190.5 225.1 155.5
344.4 301.7 323
754.8 -40.4 173.5 -171.4 183.3 -163.4
1972.3 -46 483.8 -236 -70.3 -498.2
3375.3 259.1 551.8 -195.9 226.1 187.8
winner is: 1
