Regression analysis information for: cuban_mismatch_interrogative-partial-wh_Por-que-desayuna-muy-bien
number of formants: 3
number of coefficients: 5
82.7 283.9 247.4
489.4 44.4 -43 7.4 -32.6 2.1
1678.1 -207.7 -2.1 -194.5 -202.8 16.9
2262.1 -194.3 23.7 -164.8 -81.6 -53.2
82.5 253.1 239.2
488.8 46.2 -43.6 8.1 -32.3 2.3
1690.1 -184.7 8.5 -194.3 -241.7 -0.7
2308.7 -172.4 80.8 -131.7 -76.9 -56.9
82.9 225.9 270.2
485.5 48.1 -43.6 3.6 -32.5 5
1717.3 -154.1 -36 -240.9 -256.1 30.1
2333.4 -113.2 59.8 -136.5 -91.4 -4.5
82.3 240.3 275.5
486.5 52 -39.6 3.6 -31.3 6.8
1739 -136.6 -63.4 -292.1 -217.3 24.8
2369.5 -2 34.8 -84.1 -74.2 93.9
82.2 266.5 270
487.9 54.8 -38.8 2.1 -31.7 5.5
1776.6 -119 -74.6 -347.2 -130.3 24.3
2439.5 63.8 39.6 -102.1 -14 113.6
84.3 263.7 257.1
487.8 56.5 -36.7 1.4 -31 6.1
1798.8 -139.1 -74.6 -350.3 -129.5 49.1
2497.3 58.6 17.2 -133.6 20.7 135
87.4 259.8 238.7
491.2 62.1 -33.8 4 -31.1 2.8
1819.5 -135.6 -73.9 -357.4 -140.8 41.5
2576.1 48.3 74.5 -170 55.4 89
91 238.1 222.1
494.7 67.8 -32.3 6.9 -31.8 -0.7
1859.4 -163.7 -63 -348.8 -193.8 80.8
2627.4 73.4 75.8 -183.6 1.2 130.8
92.2 234 206.1
495.9 74.1 -29.9 7.1 -31.7 0
1879.7 -145.1 -60.2 -362.6 -208 74.8
2677.1 103.8 83.1 -242 -20.4 135.2
92.7 236.7 192.6
496.5 76.8 -30.2 8 -31.8 0.3
1887.5 -141.1 -59.4 -356.6 -206.6 67.6
2722.5 111.5 49.5 -272.9 -13 102.2
92.4 234.9 188.9
496 76.2 -31.6 7.7 -31.5 0.5
1893.9 -145.4 -60.7 -353.7 -205.1 61.3
2738.6 118.7 48.1 -293.4 -18 105.1
93.7 236.7 198.3
496.3 78.8 -29.8 8.3 -30 0.7
1902.3 -142 -57.1 -347.4 -202.6 56.6
2753.2 136.6 49.6 -298.5 -17.7 107.4
93.6 240 206.1
495.1 80.4 -27.5 7.6 -29.1 2.6
1905.9 -131.2 -53.9 -342.9 -202.2 58.8
2770.2 152.1 35.6 -299.8 -7.7 104.5
94.5 240.2 213.1
494 78.5 -28.1 9.3 -28.1 0.6
1909.9 -129.2 -54.6 -341.9 -200 56
2796.8 167.6 26.1 -286.9 -1.4 92.1
107.3 255.1 227.6
502.2 91.2 -34.2 -13.3 -32.5 19.7
1925.1 -111.3 -56.2 -359.5 -200.4 69.4
2824.1 204 26.4 -315.8 2.3 113.9
120.9 260.5 261.7
515.7 97.1 -47.7 -18.9 -35.1 21.9
1954.8 -106.9 -75.2 -346.8 -204 57.2
2901 233.9 10.8 -254.6 12.5 100.6
132.2 266.7 280.1
520.6 104.1 -52.9 -35.7 -40.5 33.4
1968.2 -98.7 -83.1 -362.4 -209.7 64.9
2937 254.6 1.8 -259.7 16.3 107.8
156.8 288.7 303.2
541.3 119.8 -73.8 -62 -51.1 46.1
1998.2 -78.5 -94 -389.6 -218.9 79.8
2990.3 269.1 -35.9 -279.7 3.3 93.8
181.7 310.2 329.8
560.6 138.3 -85.6 -81.1 -57.6 56.1
2025.8 -58.2 -97.3 -413.3 -222.4 93.8
3063.1 305.8 -53.5 -275.9 18.1 99.3
208.8 328.3 366.4
582.8 156.6 -99.3 -100.5 -73.3 61.7
2063 -36.3 -112.2 -428.9 -238.3 96.3
3151.6 337.2 -91.6 -280 18.8 98.3
winner is: 11
