Regression analysis information for: cuban_match_interrogative-partial-wh_Por-que-iba-a-Bolivia
number of formants: 3
number of coefficients: 5
87 272.5 230.1
498.4 69.7 -40.2 -84.2 -18.5 22.8
1629.4 -104 43.3 -143.1 -356.3 -55.2
2218.9 62.9 94.8 53.8 -271.6 42.4
88.3 272.4 237.1
497.3 72.4 -44.9 -83.2 -14.1 22.4
1649.8 -90.1 -6.4 -114.1 -363 -74.4
2272.8 67.6 -11.5 47.7 -190.2 46.6
92.6 293 230.3
502 76.5 -46.6 -80.6 -21.9 14.7
1666.4 -57.6 -72.4 -93.9 -387 -126.4
2363.7 89.6 -143.5 7.9 -124.5 21
93.1 251.3 188.9
502.9 72.7 -51.1 -83.7 -22.8 15.5
1711.1 -115.2 -92.3 -68.8 -430.4 -103.9
2421 67.1 -178.4 -2 -117.5 27
106.2 248.9 185.8
514.4 91.2 -42.2 -87.2 -36.8 -6.4
1726.7 -124.9 -92.6 -72.1 -430.1 -127.3
2440 46.5 -191.4 -7 -108.7 26.6
105.1 249.3 174
512 88.4 -45.3 -89.8 -38 -5.7
1735.1 -125.1 -82.8 -83 -422.5 -150.4
2472.6 61.1 -166.3 1.8 -80.8 6.5
112.1 238.9 137.6
515.8 94.3 -39.8 -91.8 -42.4 -13.1
1754 -136.3 -61.7 -84.4 -431.5 -153.7
2526.2 96.5 -99.1 15.5 -66 -18.5
115.3 224.2 133.7
517.3 96.8 -36.8 -94.4 -45.2 -17.5
1774.7 -177.4 -37.3 -89.4 -447.2 -131.6
2549.2 77.3 -68.4 -2.6 -66.4 -28
121 199 116.4
518.6 105.1 -35.7 -94.1 -50.2 -22.1
1799 -206.1 -21.7 -71.3 -484.8 -94.1
2572.2 76.8 -41.4 4.5 -81.3 -11.8
124 184.5 111.8
517 111.8 -39 -90.8 -54.8 -20.8
1810.9 -227.3 -12.2 -67.4 -502.1 -68.3
2588.6 77.9 -20.1 7.2 -82.4 -6.8
136.3 178.8 126.3
525.9 124 -30.2 -95.5 -61.3 -39.4
1823.1 -227.5 -1.7 -72.3 -512.5 -69.7
2615.3 117.4 3.8 9.9 -99.5 -30
138.2 180.7 128.9
528.4 120.2 -26.4 -100.1 -55.9 -43.6
1829.6 -225.1 0.7 -77 -511.4 -77.8
2631.8 123.3 21 7.9 -79.9 -37.4
137.3 181.8 133.6
527.1 122.9 -30 -97.3 -56 -40.6
1833.7 -222.3 -3.2 -77.8 -510.4 -81.4
2641.4 134.5 18 11.4 -70.3 -34.4
138 184 135.4
526.8 126.2 -33 -95.8 -56.6 -39.6
1838.2 -220.1 -9.1 -76.8 -509.4 -86
2653.3 145.1 12.8 13.3 -60.6 -37.3
142.8 189.2 143.1
531.3 125.7 -30 -100.2 -53.1 -46.2
1851.9 -223.8 -12.7 -73.3 -512.8 -96.5
2676.4 144.5 9.4 0.8 -54.8 -62.7
149 201.5 161.7
542.6 108.4 -13.3 -119 -32.5 -62.6
1873.3 -234.6 -7.7 -76.6 -507.2 -113.3
2715.4 137.4 31.3 -16.2 -20.6 -85.2
167.6 213.5 196.3
565.6 85.7 16.8 -154.9 -6.2 -99.2
1896.5 -248.1 3 -98.6 -490 -131.5
2774.9 115.8 59.4 -48.6 7.1 -127.1
188.4 231 252.1
587.1 84.6 16.8 -161.7 6.1 -128.7
1935 -240.9 -16.2 -105.9 -464.3 -160.1
2856.9 132.7 44.2 -45.8 23 -179.4
188.5 235.5 312.2
592.7 69.4 18.4 -174.6 25.3 -126.8
1960.8 -245.9 -35 -111.6 -431.6 -171.2
2978.2 180.7 -26.8 -101.3 43.9 -194.1
192.7 242.1 388.1
602.9 54.6 30.1 -192.2 43.5 -135.4
1984.9 -246.8 -29.8 -128.4 -411.7 -178
3109.1 252.9 -70.2 -201.5 18.8 -198.6
winner is: 10
