Regression analysis information for: cuban_mismatch_interrogative-partial-wh_Por-que-venia-del-lago
number of formants: 3
number of coefficients: 5
76.4 136.4 206.5
563.8 -27.7 -77.1 1.2 -65.5 46.6
1588.4 113 -508.7 -51.1 -161.7 29.5
2033.5 16.4 -468.8 -17.4 -170.1 -202.5
76.7 145.2 239.4
563.1 -33.2 -68 1.5 -65.3 46.7
1597.6 100.6 -517.3 -62.2 -160 33.8
2078.4 -44.5 -434.7 -51.1 -185.5 -174.5
78.9 140.8 297.8
564.9 -41.5 -57 1.5 -65.3 46.5
1635.2 66.2 -474.9 -53.5 -154.3 38
2209.4 -41.3 -280.5 51.8 -157 -44.7
81.5 136.1 287.9
565.1 -43.2 -52.8 5.3 -68.5 49
1647.2 66.8 -469 -38 -145.9 44.9
2309.2 -41.1 -212.1 127.6 -144.3 47.4
84.2 137.7 265.8
568 -46.7 -46.3 3.7 -67.4 45.7
1658.7 55 -456.1 -44.7 -141 29
2387.9 -94.5 -182.8 104 -105.6 38.1
87.9 130.5 246.6
571.6 -52 -40.1 -1.4 -64.1 37.3
1677.1 49.5 -447.8 -70 -132.2 18.8
2484.2 -116.4 -164.7 21 -85.7 33.4
88.1 139.1 232.2
575.9 -60.6 -30.4 -9.4 -57.3 25.6
1684.8 32 -444.8 -86.8 -126.8 -2.4
2537.9 -123 -141.9 -1.9 -74.1 34.5
90 134 210.1
576.3 -62.9 -28.2 -10.4 -56.9 19.5
1697 37.8 -434.9 -82.6 -111 2.5
2587.9 -93.5 -121.2 14.2 -25 42.2
92 136.8 200.1
575.8 -62.4 -28.2 -8.1 -57.9 16.8
1708.1 35.2 -442.5 -89.3 -98.9 0.9
2642.7 -80.3 -128.8 3.7 27.2 27.4
97.3 139.7 193.9
575.7 -57.4 -29.6 -3.1 -62 15.6
1711 31.7 -447 -90 -100 -2.9
2686.9 -84.3 -179.7 -25.2 66.5 11.5
106.9 128 167.7
579 -38.3 -28.5 9.9 -70.9 14.9
1701.1 55 -475.9 -63.1 -126.6 15.9
2688 -47.9 -250 -2.3 37.4 30.7
108.8 127.5 177.3
581.2 -37.8 -26.3 11.2 -72 11.1
1703.2 56 -479.4 -55.5 -132.2 11.3
2714.7 -0.9 -265.2 20.7 28.5 26.6
116.7 143.8 232.3
593.6 -41.6 -7.2 3.6 -61.9 -5.8
1725 30.1 -451.8 -77.6 -109.3 -17.5
2803 -32.5 -170.2 -40.3 95 -49.2
121.1 154.3 263.2
600.5 -44.1 2.5 0.1 -58.3 -14.7
1733.1 14.3 -440.7 -80.2 -103.5 -33.6
2848.8 3.4 -141.3 -32.7 107.9 -71.3
119.9 155.2 265.4
599.4 -41.1 -2.3 4.8 -65.3 -10.2
1734.8 10.4 -443.5 -69.1 -113.6 -33.4
2869 46.5 -146.1 -3.2 98.2 -59.9
121.4 170.3 285.1
604.3 -58.8 7.8 -6.8 -55.7 -19.2
1757.9 -26.3 -415.4 -97.3 -87.6 -57.1
2920.6 -33.4 -76.9 -65.6 170.1 -101.5
121.1 173.8 295.3
605.6 -52.7 7.4 -1.4 -63.2 -14.5
1770.8 -36.8 -403.5 -92.6 -89.1 -64.1
2964.4 1.6 -20.9 -41.5 177.8 -119.1
134 177.5 309.9
617.8 -45.7 23.8 -0.9 -60 -25.3
1778.7 -39.7 -398.8 -91.1 -92.6 -66.9
3053.7 53.1 99.7 -28.1 215.5 -125.3
135.1 187.7 305.6
623 -46.6 28.3 -1.2 -61.7 -25.1
1789.4 -30.3 -386.1 -78.9 -98.5 -75.1
3156 25.6 220.1 -81.7 257 -129.8
134.9 183.2 282.9
623.9 -51.3 26 -3.5 -65.4 -21.6
1807.7 -60 -384.3 -114.2 -85.7 -76.8
3254.8 -18.7 283 -177 248.8 -128.1
winner is: 11
