Regression analysis information for: cuban_match_declarative-narrow-focus_David-leia-el-libro
number of formants: 3
number of coefficients: 5
53.6 189.9 176
457.6 55.8 22.5 27.3 61.6 15.6
1953.5 -4.3 -376.9 -14.3 -113.5 46.4
2477.7 -93.9 -326.7 -49.4 -173.3 30.5
51.6 228.7 212.7
453.4 66.2 18.1 37.3 57.8 23
1936.6 14.3 -428.9 -2.4 -106.9 76.7
2467.2 -75.7 -357.9 -36.1 -152.1 42.8
51.7 194.4 158.6
454.5 59.5 24.3 33.6 62 20.8
1975.8 -8 -421.6 -28 -117.5 60.5
2515 -98.8 -303.5 -57.4 -163.8 32.8
53.5 179.2 133.3
456.7 58.8 32 33.7 66.7 20.5
2026.7 42.3 -404.1 -14.7 -120.5 44.6
2557.9 -44.6 -274.2 -25.6 -178.9 11.2
54.1 170.7 97.5
458.6 53 40.5 27.1 76.9 9.9
2079.1 65.3 -369.6 -6.3 -84.7 54.9
2630.1 -17.3 -188.6 8.4 -114.3 -4.3
54.1 182.8 90.6
458.6 51 43.7 26.7 79.2 9.9
2106.6 77.1 -378.4 -3.3 -79 67.6
2657.4 -0.2 -160.5 38.8 -87.5 8.3
56.4 187.6 103.9
455.9 53.5 42.3 29.2 80.4 9
2107.9 79.9 -382.9 4.2 -74.5 76.5
2671.2 25 -149.5 57.6 -70.2 19.2
56.5 172.4 95
453.3 56.4 40.1 31.2 81.4 7.4
2093 58.7 -347.4 4.8 -76.2 97.8
2681.7 18.3 -115.3 70.5 -56.1 30
55.2 178.6 95.6
450 62.3 34.1 38 74.7 15.2
2084 63.8 -330.7 4.4 -97 101.9
2684.5 13.2 -111.4 79.3 -58.3 34.6
51.2 196.3 100.1
444.4 72.4 24.2 46.9 67.3 21.7
2096.3 79.8 -356.9 4.8 -88 88.4
2690 25.7 -134.1 74.8 -61.8 44.5
49.6 210.6 115.5
443.7 72.8 22.5 47.3 65.9 22.6
2120.5 97.1 -387.7 -9.2 -82.5 73.2
2704.3 42.7 -150.1 70 -47.3 46.3
49.1 215.2 146.1
443.1 73.4 20.8 47.6 64.9 22.9
2137.2 104.2 -412 -15.2 -77.7 66
2732.9 70.8 -188 44.1 -49.6 39.6
49.4 215.9 164.1
442.5 74 18.9 47.9 63.7 23.1
2151.4 110 -428.5 -26.4 -83.4 65.6
2759.4 83.2 -214.4 22.6 -47.8 24.9
53.5 223.9 177.6
446.8 64.7 25.4 41 67.3 20.2
2163.4 98.7 -430.2 -20 -98.2 66.2
2782.9 83.2 -228.9 14.5 -38.4 24.2
56.1 224.5 189.1
449.3 60.5 28.5 38 68.8 19.2
2188 93.9 -443.5 -21.6 -128.6 74.2
2815.1 66.7 -242.9 22.3 -59.2 25
61 227.6 202.9
453.6 52.7 35 31.4 74 14.2
2201.3 74.1 -451.6 -20.8 -143.8 64.9
2843 30.8 -249.3 22.8 -80.5 15.7
73.2 229.3 239.6
463.1 35.8 50.8 17.2 86.2 4
2220.6 61 -444.5 -28.3 -142.4 55.1
2903.7 -10.2 -237.7 20.6 -89.2 -10.7
81.1 225.8 259.5
468.6 27.1 58.9 10.4 91.3 0.5
2235.9 59.9 -443.5 -24.3 -146.3 53
2957.4 -16.6 -254.7 28.8 -100.6 -33.5
89.1 220.9 274.2
475.1 17.7 69.2 1.1 100.9 -8.5
2252.7 60.3 -436.2 -16.7 -142.4 50.3
3017.9 -4.3 -267.4 41.1 -90.3 -65.6
90.5 215.9 278.2
476.8 18.1 71 -0.1 103.8 -12.7
2263.4 57 -435.4 -9.1 -146.6 44.7
3068.2 12.7 -299.5 48.1 -88.2 -109
winner is: 5
