Regression analysis information for: cuban_match_interrogative-total-yn_Emilio-ama-la-marcha
number of formants: 3
number of coefficients: 5
116.3 250.4 229.2
539.1 -11.2 -103.8 27.8 -76.2 92.1
1658.9 103.2 198.4 115.5 -159.5 -29.5
2102.5 93.3 209.3 208.6 -136.6 30.6
115.4 272.7 272.9
546.5 -13.5 -123.4 24.4 -73.5 92.5
1662.3 63.9 102.2 59.6 -237.1 -84.7
2156.2 99.4 78.8 136 -168.6 -8.6
115.9 275.9 291.9
561.2 -18 -139.1 21.1 -76.5 106.5
1701 36.7 78.9 61.7 -252.5 -81.2
2299.6 97.7 -143.9 37.3 -176.3 48.9
115.4 245.2 227.2
570.6 -13 -151.9 10.1 -69.4 116.4
1746.3 76.3 95.3 73.9 -230.2 -53.9
2434.4 125.9 -272.4 11.7 -200.7 80.1
117.1 240.4 218.8
580.4 -14.6 -165.1 6.7 -64.1 124.7
1775.4 41.1 112.1 57.9 -225.6 -42.9
2496.7 74.7 -260.6 27.2 -232.8 68.1
118.2 238 220.6
583.4 -10.7 -172.9 0.1 -55.7 126.4
1791.1 36.2 118 55.1 -218.2 -38.4
2529.9 46.4 -262 14.5 -220.4 78.2
124.7 219.8 225.2
584.5 -10.2 -172.1 -6.2 -43.3 118.6
1819.6 38.1 153.5 60 -190.1 -27.1
2581.3 9.8 -213.5 -10.6 -170.1 78.5
130.4 213.4 226.4
593.5 -19.9 -165.7 -20.1 -33.2 120.9
1841 51.1 173.2 74.7 -180.7 -8.6
2632.7 -12.7 -179.5 -14.8 -145.9 110.5
154.8 220.1 240.2
620.1 -63.9 -131.8 -57.5 -1.3 94.6
1856.5 44.2 179.6 75.2 -184.2 -5.5
2698.6 -87.7 -131.3 -47.4 -131.8 131
160.8 214.3 231.4
627.5 -76.8 -120.3 -59.5 -1.9 90.8
1879 39.9 217.8 82.1 -168.5 -11.7
2746.5 -140.4 -49.4 -46.3 -113 113.7
157.6 213.2 237.9
624.3 -61 -130.7 -74.8 5.8 109.5
1882.7 52.4 215.9 80 -168.1 3
2768.9 -132.1 -50.7 -49.4 -108.3 155.5
163.5 218.2 256
627.3 -65.3 -127.1 -82.5 3.6 114.7
1886.4 45.5 219.3 77.5 -171.6 8.8
2795 -144.7 -56.6 -65.3 -112.1 183.6
172.8 226 274.8
636.1 -85.6 -113.3 -90.2 2.5 115.6
1886.7 30.4 220.5 62.1 -180 1.4
2810.9 -160.1 -53.1 -87 -115.2 191.5
185.5 223.4 278.6
638.3 -90.2 -97.3 -117.1 30.9 84.5
1892.3 37.6 224.4 60.1 -165.7 -5.1
2834.3 -170.8 -38.4 -118.9 -91.5 174.9
204.6 245.3 302.6
656.8 -120.8 -80.7 -122.3 27.5 83.6
1909.1 12.2 239.9 49.5 -178 -15.5
2870.1 -216.5 -22.4 -124.3 -103.6 179
229.9 273.7 344.7
691.8 -170.2 -79.8 -79.2 -37.4 138.9
1934.5 -14.1 247.8 57.9 -218.4 5.9
2922.7 -257.3 -16.3 -103.4 -156.9 202.2
250.3 310.9 396.9
733.4 -227.2 -79.1 -41.3 -72.9 153.8
1972.3 -62.3 266.8 75.9 -240.7 8.1
3007.8 -256.6 11.5 -77.3 -230.3 135.1
258.3 344.9 456.3
751.6 -249.8 -81.1 -26.2 -98.5 190.7
2003.7 -100.2 294.1 82.7 -257.3 24.8
3091.1 -231.9 56.3 -75.3 -270.9 76.3
269.7 365.4 514.5
776.2 -275.3 -69.5 -28.6 -114.4 193.9
2033.4 -130 321.1 72.1 -263.1 21.6
3178.6 -223.5 121.4 -89.9 -279.8 14.4
297 375.8 546
810.9 -288.7 -54.4 -41.5 -106.2 151.6
2066.7 -153.7 349.5 55.4 -236 -27.7
3274.3 -278.4 185.5 -122.3 -255.7 -51.3
winner is: 7
