Regression analysis information for: cuban_mismatch_declarative-broad-focus_La-nina-lava-el-plato
number of formants: 3
number of coefficients: 5
98.6 254.2 192.8
565.2 -6.6 -65.2 21.2 -0.1 127.1
1650.7 84.7 -40.3 -199.3 -15.8 45.7
2129.8 99.7 81.6 -182.3 -95.7 11.4
95.4 236.6 219.7
565.8 -0.5 -65.4 29.3 5.7 128.8
1698.1 111.2 -39.5 -153.6 -14.8 59.6
2210.4 117.3 3.1 -153.7 -12.8 47.4
95.5 227.6 249.8
571 -9.2 -58.8 27.1 11.1 124.4
1727 92.7 -87.2 -168.4 -71.3 -4.9
2274.5 59.8 -93.8 -120.4 15.5 -51.7
98.1 221.3 271.7
572.7 -14.8 -55 27.4 15.8 119.5
1770.6 106.3 -76.8 -156.6 -104.1 -7.4
2331.9 55.1 -105.3 -72.7 -2.1 -83.5
106.7 244.9 308.8
577.8 -32.5 -40.9 21.2 33.6 106.8
1756.3 71.9 -12.3 -40.9 -32.3 -18.6
2449.4 79.9 -78.4 -80.2 -79.3 -96.6
105.2 174 244.5
580 -27.3 -41.2 22.5 29.6 106.4
1805.2 145.9 70.4 6.9 -66.3 -101.7
2577.9 88.4 43.3 -57.9 -175.2 -82.9
106.7 139.4 263.4
583.7 -30.5 -37.2 18.3 32.4 104.4
1856 191.1 44.1 -69.9 -128.1 -90.4
2661.1 106.8 41.6 -133.2 -244.8 -96.3
113.8 126.4 268.3
591.8 -43.5 -23.4 5.7 42.7 95.4
1886.1 213.7 37.7 -115 -157.8 -86.8
2707.2 103.7 69.9 -186.9 -262.5 -128
116.5 129.1 273.4
594.3 -46.9 -19.1 -0.9 47.6 90.6
1900.2 221.5 19.9 -152.2 -176.5 -73.8
2729.7 93.4 57.5 -235.2 -284.8 -118.6
115.5 122.1 264
594 -43.9 -21.1 -1 47.1 91.7
1907.5 229.8 25.2 -156.3 -178.5 -81.1
2754.4 107.4 55.7 -265.5 -287.6 -117.2
117.9 122 257.3
595.5 -46.4 -18.9 -5.3 52.4 87.1
1910.2 227.8 26.4 -160.5 -176.7 -84.9
2786.8 123 58.9 -299.9 -289.2 -117.6
128 136.9 265.2
606.8 -69.8 1.7 -26 72.4 71.8
1914 208.2 35.4 -169.8 -158.1 -84.9
2830.5 112.8 78.6 -354.3 -271.4 -125
128.3 125.9 266.4
602.2 -61.8 -9.2 -19.5 70.4 75.5
1921.3 222.1 30.8 -174.5 -167.9 -93.1
2862.3 127.2 59.2 -392.3 -266.8 -119.2
139.4 134.5 277.6
618.8 -95.2 19.3 -47.4 98.7 53.6
1934.9 207.5 44.9 -187.6 -152.2 -101.5
2902.3 84 97.1 -429.5 -217.4 -151.8
148.4 137.9 288
630.7 -119.1 37.4 -67.6 121 36.2
1943.3 195.8 50 -194 -140.7 -108.2
2937.4 11.6 129 -467.1 -146.8 -183.1
146.9 142.3 272.9
635.5 -125.5 38.9 -76.3 133.9 26.1
1941.4 179.7 53.1 -181.3 -114.8 -110.9
2951.4 -79.4 171.4 -457.2 -38.5 -211.6
146.3 157.3 276.9
637.9 -124.6 30.2 -72.4 131.8 35.7
1958 169.7 50.4 -195.1 -111.5 -110.7
3002.2 -84 144.1 -506.4 -42.1 -212.2
150 145.9 275.1
639.8 -121.5 21.2 -72.8 137.4 33.8
1965.7 178.9 32.8 -199.7 -116.3 -114.2
3070.1 -70.9 78.4 -555.1 -22.6 -214.3
149.4 146.7 264.5
642.1 -119.7 13.5 -72.4 142.1 33
1973.8 176.7 24.5 -204.3 -113.1 -120.5
3117.3 -81.1 44.8 -583.7 25.7 -232.5
154.8 164.5 273.2
652.3 -133.3 21.4 -84.7 152.4 28.8
1989.8 154.2 36.1 -222.1 -102.1 -138.3
3157.8 -110.8 47.4 -610.7 63.7 -246
winner is: 11
