Regression analysis information for: cuban_mismatch_interrogative-partial-wh_Por-que-odiaba-la-lluvia
number of formants: 3
number of coefficients: 5
74.2 349.2 314.1
494.8 21 -92.8 -27.6 48.2 -33
1500.3 15.5 -139.5 -206.5 47.9 -271.1
2006 -59.8 -47 -129.1 -146.4 -91.2
81.9 333.8 291.2
504.5 6.2 -78.7 -37.9 56.5 -41
1545.9 -51.4 -86.5 -197.9 8.7 -229.3
2086.8 -136.2 -21.9 -93.7 -233.1 0.8
80.1 319.9 276.1
507.5 6 -76.3 -36.3 54.4 -35.5
1558.2 -97.7 -24.4 -193.7 26.5 -190.9
2175.6 -206.8 -5.7 -38.2 -205.4 51.2
80.6 316 324.6
508.1 15.9 -81.6 -29.5 53.7 -36.2
1519.2 12.2 -56.6 -250 98.4 -220.2
2281.3 -130 -35.6 -24.1 -83.6 10.4
79 322.4 323.5
506.4 32.5 -94.2 -14.6 44.6 -29.8
1559 26.9 -91.9 -198.8 44.5 -224.8
2362.7 -67.4 -33.1 73.3 -76.5 -9.4
79.2 325.7 275.6
500.6 48.5 -104.9 3 30.2 -15.9
1639.6 -19.6 -109.6 -152.3 -25.8 -186.8
2494.9 -18.3 -84.5 57.1 -149 10.6
94.5 293.5 193.2
527.5 13.6 -66 -37.2 62.8 -48.5
1715.1 -52.3 -85.2 -175.7 -44 -167.1
2632.6 37.2 -67.5 0.8 -112.4 21.8
99.9 288 195.3
533 1.8 -56.4 -49 71.7 -58.9
1736.3 -74.2 -83.3 -181.7 -45.5 -180.2
2691.2 0 -65.5 -50.4 -85.5 0.2
96.8 288.4 182.9
530.8 7.2 -60.3 -45.1 66.9 -53.9
1743.2 -75.9 -83.2 -179.7 -51.2 -178.7
2725.4 1.3 -78.7 -46.3 -103.9 20.7
100.6 291.6 195.1
532.2 -5.8 -54.6 -56.2 75.1 -62.9
1744.8 -82.2 -83.8 -187.8 -51.2 -184.2
2744.2 -32.5 -75.7 -61.8 -103.2 22.4
102.9 294.6 207.6
532.5 -10.4 -52.1 -60.3 79.1 -67.5
1748.4 -86.7 -82.5 -191.5 -51.6 -189
2769 -62.9 -67.3 -74.7 -108.1 18.8
107.9 299.4 228.7
533.9 -17.6 -45.7 -68.4 87.4 -74.6
1751.1 -92.5 -78.7 -195 -49 -194.6
2792.7 -90.8 -51.3 -88.7 -112.3 9.8
113.2 301 239.6
537.3 -25.3 -37.6 -76 97.2 -83.6
1754.3 -95.9 -73.5 -195.8 -43.9 -198.4
2810.8 -104 -33.8 -95.7 -99.6 -0.9
113.2 303.5 248.6
536.3 -23.4 -38.8 -75.1 98.8 -85.2
1752 -91.4 -74 -193.8 -37.9 -202.5
2817.6 -109.6 -16.2 -82.1 -95.6 -1.4
116.1 305.5 268
538.1 -26.4 -36 -78.9 104.7 -90.5
1745.7 -80.9 -79.4 -193.7 -27.2 -213
2820.2 -118.8 2.5 -72.2 -85 0.3
116.3 299.6 271
538.7 -25.3 -37.4 -78.9 107.3 -91.1
1738.2 -53.5 -90.5 -193.2 -21.7 -226
2804 -48.9 -21.2 -75.8 -57.7 -21
117.7 301.3 285.3
539.4 -24.9 -42.9 -78.2 110.1 -88.7
1745 -34.7 -100.2 -195.7 -24.4 -234.1
2844.7 -31.4 -27.5 -70.8 -63.6 -16.7
124.2 298.9 299.1
547.6 -22.6 -40.9 -80.9 117.6 -95
1762.3 -12.3 -107 -194.7 -22.3 -243.8
2891.9 20.8 -30.2 -88.1 -51 -47.5
140.6 305.3 364
567.7 -37.5 -24.2 -101.3 145.2 -118.8
1793 -5.8 -97.2 -201.1 -25.3 -252.2
3032 27.1 -54.4 -159.9 -12 -66.2
154 305.3 410.2
586.9 -51.5 -16.1 -120.6 168.2 -138.4
1822.7 -6.1 -107.2 -210.4 -13.6 -257.6
3142.9 43.4 -99 -218.3 13 -52.6
winner is: 9
