Regression analysis information for: cuban_mismatch_interrogative-partial-wh_Cuando-comia-la-fruta
number of formants: 3
number of coefficients: 5
106.6 193.8 202.1
523.7 77.7 -116.4 54.7 75.6 5.8
1435.2 -25.4 -141.8 -62.6 196.1 51.2
1959.9 -89.4 -219.1 -31.5 82.5 -47.2
103.4 194.5 195.3
518.7 78.2 -122.8 58.6 80.3 6.1
1421.1 -25.6 -150.8 -79 231.4 63.2
1960 -88.4 -251.1 -44.8 131 -8.5
104.1 198.8 187.7
507.6 86.1 -115.6 58.4 68 12.2
1413.4 -24.3 -152.5 -66 207.2 64.1
1977.1 -78.8 -245.7 -33.7 100.5 18.7
110.1 195.2 202.3
525.9 84.1 -147.3 82 83.3 -18.2
1433.4 -20.9 -188.5 -47.3 215.6 45.4
2035.5 -53.8 -288.9 6.7 145.2 -14.7
129.8 189.4 236.8
545.5 76.3 -167.2 104.1 86.7 -45.1
1466.3 -63.6 -192.7 -30.6 202.5 67.7
2168.5 34.7 -237.5 128.4 215.8 71.1
161.4 193.7 298.3
570.7 53.1 -167.2 116.2 89.8 -65.2
1514.6 -56.1 -165.6 -38.6 176 27.5
2332 87.7 -179.7 133.1 184.6 -9.2
174.3 170.9 340
591.7 58.8 -155.7 103.6 66.2 -76.6
1556.5 -26.4 -142.6 -69.8 120.1 -17
2468.8 152.6 -121.9 92.8 80.2 -85.7
192.2 157.5 342.8
606.2 35.4 -135 94.8 66.7 -74.9
1589.5 -64.4 -121.3 -55.7 100.1 1.8
2571.2 96.7 -57.9 120 41 -39.7
189.2 157.1 323.1
604.2 40.9 -137 97.3 66.3 -75.3
1596.8 -62.8 -115.7 -57.5 104.3 -5.4
2632.2 104.1 -10.9 128.7 29.1 -0.3
202.3 167.2 328.5
623.2 4.7 -104.9 70.4 90.8 -97
1612.7 -85.6 -99.2 -69.5 115.1 -16.4
2708.7 67.6 58.3 97.4 55.2 -7.7
209.7 175 337.2
630.9 -9.5 -97.9 65.7 98 -105.9
1627.6 -104.8 -83.1 -80.2 124.8 -30.1
2782.5 30.7 87.1 81.4 92.4 -59.8
213 181.6 342
628.9 -4 -115 80.2 93.4 -106.9
1635.4 -120.9 -70.3 -86.2 128.6 -31.4
2841.5 -3.8 118.7 59 116.3 -102.2
229.5 187.8 333.1
641.9 -28.1 -105.4 74.3 107.8 -131.1
1639.1 -136.1 -67.3 -81.9 134.8 -33.7
2886.2 -55.9 133.9 41.7 159.4 -167.6
248.5 198.9 342.7
654.1 -49.8 -105.2 93.1 89.1 -120.7
1646.9 -161.6 -67.7 -72.9 135.9 -33.3
2916.9 -89.8 115.7 61.9 168.4 -207.6
258.1 215.5 345.7
663.6 -67.4 -94.6 81.2 100.3 -113.9
1656.7 -178 -80.7 -61.9 153.6 -31.8
2943.4 -115.2 112.2 70.2 215 -210.5
251.5 215.8 330.4
656.2 -56.1 -107.7 90.8 100.6 -111.3
1645.6 -192.3 -67.4 -64.2 157.7 -6
2927.6 -162.6 121.5 148.1 267.5 -97.9
255.8 218.2 310
662 -64.6 -98.1 81.5 109.1 -119.5
1668.8 -214 -47.5 -81.6 159 -18
2983.2 -189.5 174.3 152.3 251 -74.7
267.8 242.6 304.6
691.7 -123.3 -35.5 33.6 137 -137.3
1714 -273.3 20.7 -149.7 175.6 -39.8
3048.5 -256.1 267 124.6 263.8 -70.8
268.1 254.7 308.9
699.7 -104.1 -59.7 50.1 116.8 -146.3
1749 -256.4 -20.2 -131.1 154.3 -78.9
3196.2 -165.1 272.9 38.6 199.9 -94.9
253.8 240.8 305.2
699.3 -85.2 -56.9 29.6 111.2 -142.1
1756 -206.6 -61.2 -110.3 121.3 -108.2
3317.1 -96.9 273.5 -54.2 154.1 -93.8
winner is: 3
