Regression analysis information for: cuban_match_interrogative-total-yn_Marta-abre-el-regalo
number of formants: 3
number of coefficients: 5
77.9 181.2 186.5
553.9 24.6 -43.3 89.3 -141.8 30.8
1601.9 56 -364.4 152.5 34.9 50.4
2082.1 -6.4 -273 135.5 -0.5 51.7
76.6 160.4 229.9
571.5 49.6 -34.9 72.3 -170.6 2.5
1663.5 102.2 -313.3 98.8 -53.7 22
2153.1 97.1 -210.4 51.4 -41.4 54.4
80.9 156.5 223
571.2 44.8 -32.2 75.7 -163.8 8.9
1688.9 86.8 -296.7 117.8 -68.2 32.8
2244.9 83.5 -161.8 96.8 -96.5 105.6
80.8 118.4 188
580 50.4 -26.6 71.7 -172.1 -1.1
1745 124.7 -284.6 98.1 -124.7 -49.8
2380.6 112.5 -94 78.5 -212.8 36.8
82.7 111.1 173
583.8 50.2 -26 72.9 -171.7 -2.5
1762.4 115.6 -296.5 102.8 -114.6 -64.6
2461.8 57.7 -72.5 83.4 -218.8 24.3
83.4 112.3 181.3
585.2 50.7 -25.2 74.7 -172 -3.3
1767.8 111.9 -294.7 104.3 -116.5 -68.5
2496.3 57.6 -100.2 95 -210.1 2.5
85.4 110.8 186.6
586.2 51.1 -27.6 76.2 -169.2 -3.4
1774.9 105.4 -298 101.4 -104.4 -69.9
2528.9 52.7 -124.4 98.7 -191.9 -12.7
87.1 111 194.3
584.6 50.7 -30 78.3 -166.6 -1.2
1779.1 105 -300.4 98.9 -103.1 -72.9
2544.4 38.6 -144.1 102.4 -163.4 -5.5
96.5 112.5 204.5
592.9 35.7 -19.2 64.4 -146.6 -15.7
1788.3 94.2 -287.4 86.6 -87.5 -86.3
2594.4 17.7 -141.4 71.5 -109 -59.4
96.8 112.7 212.5
594.6 36.2 -23.1 63.7 -141.4 -18.4
1789.8 97.3 -289.7 85.8 -85.8 -88.8
2617.8 25.1 -143.9 54.4 -102.9 -85.3
97.8 113.1 212.1
596 34.6 -23.6 60.9 -136.5 -21.1
1795.3 90.8 -283.6 76.8 -76.5 -96.9
2630.9 22.8 -139.1 37.6 -92.8 -97.5
97.3 116.1 213.4
595.6 35.5 -23.4 59.7 -136.4 -21.1
1796.8 94 -285.1 76.7 -74.3 -95.7
2640.7 19.1 -136.3 24.2 -78.7 -101.1
97.4 116.5 218
595 31.3 -18.8 56 -133.4 -21.9
1804.1 85.2 -276 66.1 -61.3 -102.9
2667 -16.5 -103.8 -18 -42.9 -129.1
95.8 115.2 221.5
592.2 22.1 -12.7 53.7 -128.9 -16.9
1812.7 68.9 -263.9 53.3 -46.7 -106.8
2681.2 -60 -83.3 -46.4 -11.7 -132.9
108.7 114.4 236.8
599.5 7 5.2 36.6 -120.1 -27.2
1825.8 57 -250.6 42.5 -34.1 -110.6
2714.1 -82.8 -53.4 -88.7 11 -156.2
117.1 125 237.6
604.1 4.5 0.7 35.8 -114.8 -32.2
1835.8 56.6 -253.2 37 -18.4 -109.2
2731.2 -71.3 -74.6 -90.6 -4.4 -125.7
119.4 122.3 246.1
611.2 6.5 -18.2 40.1 -115.8 -25.8
1856.5 50.1 -255.9 35.8 -5.1 -102.1
2819.5 -161.8 -4.3 -196.7 57.1 -165.2
145.3 124.9 283.2
641 38.9 30.6 71.7 -80 -4.5
1880.7 60.9 -236.1 41.1 18.4 -86.5
2929.8 -136.2 72.2 -217.2 126.3 -89.7
149.2 131.8 309.9
680.1 87.7 69.7 124.8 -32.5 39.4
1903.3 72.9 -241.9 53.4 36.3 -70
3036 -35.5 127.9 -158.4 171.6 46.8
147.8 132.3 328.2
688 94.2 62.7 145.7 -71.1 48.8
1917.2 65.8 -256.1 56.3 29 -58.6
3103.2 -10.7 132.5 -150 128.8 94.6
winner is: 5
