Regression analysis information for: cuban_match_interrogative-partial-wh_Por-que-hablaba-del-agua
number of formants: 3
number of coefficients: 5
97.6 163 226.3
561.3 16.4 -144.2 65.1 -37.6 18.2
1428.3 209.2 -242.7 -19.4 -0.1 -299.9
1908 173.8 -47.1 19.7 14.2 -240.3
106.5 167.7 253.3
570.8 2.9 -131.9 54.2 -32.5 14.3
1461.9 213.8 -244.9 -47.5 -9.3 -294.8
1970.6 166.3 -23.1 -21.1 18.4 -216.2
115.5 168.6 301.6
582.4 -15.5 -117.1 39.3 -19.7 3.6
1485 206.4 -244.4 -53 -11.2 -292.7
2107 123.6 -120.2 -38.6 20.1 -159.6
115.8 161.1 302
590.9 -24.7 -112.4 38 -21.7 7.7
1517.2 195.6 -226.4 -43.8 -27.7 -275
2282.5 57 -233.3 5.2 23.6 -60.5
115.3 148.8 255.8
592.5 -22.2 -116.7 41.7 -25.5 9.4
1532.2 197.3 -218.1 -39.9 -39.1 -273.7
2397.8 -62.9 -247.3 54.9 -55 -6.1
127.8 142.6 182.6
620.1 -71.9 -68.9 -2.4 15.1 -28.3
1558.7 174 -190.1 -48.8 -39.7 -273.9
2516.9 -196 -155.6 47.3 -37.7 15.8
127 139.2 143.5
639.9 -105.5 -33.6 -35 45.2 -57.9
1578.5 171.2 -163.3 -58.3 -26.8 -290.5
2584.1 -219.8 -77.7 20.7 21.5 -18.8
121.2 143.2 130.3
638.4 -96.1 -37.6 -28.7 37.1 -58.1
1586.3 177.2 -161.7 -57.6 -40 -302.1
2602 -209 -74.1 24.2 25.7 -25.3
122.7 144.8 131.2
636.5 -89.8 -39.2 -27.6 35.2 -58.7
1582 197.7 -161.1 -60.3 -29.1 -318.6
2613.6 -187.2 -69.7 36.1 19.6 -21.8
123.4 148.9 138.2
637.1 -86.2 -36.4 -29.6 35.9 -65.8
1577.5 207.4 -165.1 -64.4 -27.2 -335.4
2630.2 -176.4 -38.7 19.7 25.9 -53.1
132.8 151.3 141.8
640.6 -88 -29.5 -36 41.6 -77.4
1583.5 216.3 -154.9 -66.5 -20.1 -351.8
2654.4 -156.3 2.5 13.2 37.8 -81.5
140.2 155 161.7
641.5 -86.5 -29 -37.1 41.7 -82
1588.3 219.5 -147.5 -76.3 -14.3 -371.9
2670.7 -156.9 20.7 -8.4 40.4 -124.6
139.6 159.2 159.9
645.5 -93.2 -22.7 -43.2 50.1 -93.6
1593.8 222.1 -148.9 -72.9 -18.7 -380.2
2692.4 -154.7 42.2 -8.2 74.4 -148.3
147.9 163 182
656.5 -110.8 -5.9 -62.2 70.4 -114.7
1604.9 213.8 -135.6 -90.5 0.7 -397.5
2733.7 -175.7 60.1 -37.7 112.2 -179.6
144.5 175.2 193
667.8 -129.8 8.4 -77 85.5 -128.7
1623 199.3 -121.8 -108.3 12.5 -418.2
2784 -198.2 71.5 -64.4 145.9 -199
151.2 179.3 216.4
664.6 -117.4 -8 -63.6 74.5 -120.4
1634.7 201.1 -124.8 -110.8 12 -425.1
2818.4 -150.4 20.3 -53.2 133 -182.8
151.4 184.5 232
669.5 -121.4 -12.7 -60.5 71.5 -115.8
1647.7 198.9 -128.9 -114.2 13.3 -430.4
2879.6 -133.5 0.6 -70.3 130.7 -183.4
152.5 191.8 265.7
673.8 -119 -20.9 -52.4 62.5 -108.8
1660.9 204.1 -136.8 -114 13 -436
2952.3 -73.2 -17.2 -82.3 123.6 -182.7
152.7 206.7 296.8
677.7 -121 -25.3 -45.9 58.7 -101.7
1685.3 193.4 -136.3 -114.7 16.5 -446.8
3049.9 -43.7 -2.4 -101.8 126.7 -174.9
165.4 231.3 322
700.7 -110.5 -48.9 -63.2 43.1 -99.3
1727.5 163.8 -129.5 -129.6 22.8 -454.4
3146.3 -27.2 -8.5 -148.8 123.2 -183.7
winner is: 8
