Regression analysis information for: cuban_mismatch_interrogative-total-yn_El-hombre-mira-la-luna
number of formants: 3
number of coefficients: 5
104.4 201.8 222.8
535.2 -57.6 -23.3 67 30.7 -38.3
1610.9 100.3 -87.1 56.8 250.9 41.3
2114.1 46 -71.2 10.5 201.9 19.7
106.2 181.9 215
538.9 -54.1 -19.5 64.7 27.8 -47.4
1645.9 78 -60.7 54.1 228.9 30.8
2191.1 3.4 -15.4 -28.2 182 49.7
106.5 157.3 190.8
542.5 -51.4 -20.8 64.4 25.9 -50.9
1690.7 75.3 -99.3 28.4 229.2 67.2
2300.2 -21.1 -52.6 28.2 134.1 31.7
106 153.3 169.2
545.5 -49.1 -23.9 66.4 23.7 -51.5
1717.5 81.4 -119.4 26.5 228.4 78.4
2412.2 -52.7 -109.7 98.7 108.8 -16.6
105.9 153.6 149.9
546.8 -45.6 -28.2 70.7 20.7 -51.1
1735.5 83.5 -126.3 37.7 226.9 78.8
2473.5 -80.7 -153.7 137 105.9 -34.2
103.6 153.3 142
549.6 -37.8 -30.5 74.5 14.1 -55.3
1745.5 85.8 -128.6 44.7 229.6 79.4
2500.3 -92 -158.5 146.2 111.3 -31
103.5 154.8 136.3
550.4 -34 -32.8 78.3 10.9 -56.9
1750.9 83.2 -131.7 50.1 231.9 79.8
2525.2 -101.9 -151.9 157.5 118.2 -27.4
102.4 157.2 128.2
549.5 -33.9 -36 81.3 10.8 -54.8
1754.6 80.6 -133.7 54.8 234.6 79.9
2550.4 -119.7 -133.3 161.3 117.4 -10.4
101.6 160.1 129
547.6 -37 -38.1 83.7 13.1 -51.1
1759 82.7 -130.9 59.5 233.5 73.7
2579.1 -136.7 -109.9 163.9 107.8 4.3
107.9 167 138.8
550.9 -31.5 -35.8 84 9.1 -56.8
1766.5 93 -121 63.3 224.6 53.6
2608.1 -124.6 -88.9 162.2 89.2 -11.1
109.1 167.8 133.8
547.9 -37.2 -38.6 86.2 14 -49.4
1766.9 89.8 -120.2 66.9 228.2 54.4
2619.9 -136.7 -81.4 160.2 97.5 -3.6
108.9 167.8 131.2
546.3 -38.8 -41 87.2 15.2 -45.1
1769.7 90.2 -121.7 65.1 229.9 57
2625.6 -144 -78.1 156 104.5 0.9
112.3 169.1 139.5
552.4 -46.6 -30 77 24 -56.2
1778.8 89.5 -113.3 54.6 233.6 48.6
2645.3 -148.9 -56 134.3 113.8 -21.3
117.5 172 147.1
564.5 -60.2 -12.7 55.2 35.8 -75.5
1791.8 85.5 -104 38.2 240.4 41.1
2667.2 -147.3 -38.6 116.7 112.9 -39.4
125 181.4 162.7
580 -69 5.4 30.7 42.5 -100.5
1809.4 78 -93.5 14.3 252 29.6
2698 -145.8 -15.5 88.7 113.9 -73.1
132.1 197.4 171.1
587.3 -73.3 5.1 15.9 45.6 -96.8
1821.9 63.3 -90 -5.8 265.7 29
2713.4 -177.4 -15.4 64.7 134.2 -65
142.4 212.2 199.5
599.7 -67.5 6.1 -2.1 37.3 -100.3
1851.1 61.1 -92.9 -46.2 278.1 35.8
2797.4 -151.3 -53 -56.9 122.5 -11.2
154.9 237 224.1
629.1 -93 31.6 -44.9 65.3 -130.8
1889.2 43.2 -76.6 -84.2 301.8 11.3
2866.3 -152.4 -54.1 -126.5 137.1 -11.2
165.5 167.3 263.2
670.2 8.1 -37 -64.4 -9 -124
1906.3 167.2 -168.6 -51.4 193.1 59.5
3018 -29.6 -129.2 -283.2 67.1 -0.2
184.8 163.8 251.2
731 -16.6 9.4 -141.5 20.1 -174.4
1941 189.6 -163.5 -80.7 192.1 46.7
3114.9 2.6 -114.9 -350.4 57.4 -22.8
winner is: 8
