Regression analysis information for: cuban_mismatch_interrogative-partial-wh_Cuando-miraba-la-luna
number of formants: 3
number of coefficients: 5
87.2 310 253.7
500.8 65.9 -101.1 24 41.6 134.2
1412.8 25.8 -79.3 -152.4 -114.3 -44.1
1962.9 -28 -19.2 -0.4 -107.4 -48.6
86.2 281.2 259.3
500.3 65.5 -100.5 26.6 48 136.6
1410.7 40.7 -81.1 -148.3 -109.2 -36.3
1969.8 -30.7 0.3 22.3 -110.9 -42.8
85.4 282.3 297.9
496.6 66.3 -101.5 25 52.4 134.2
1400.5 45.6 -72.9 -185.5 -70 -35.2
2007.3 54.4 -4 -62.4 -41.9 -2.9
84.2 282.1 314.2
495.8 63.5 -106.4 19.6 53.5 133.8
1430 9.4 -80.7 -203.6 -79.1 -68.2
2043.4 22.6 -57.2 -123.8 -30 -4
84.7 253.4 264.7
499.4 65.5 -107.4 18.6 57.3 134.5
1500.8 7.1 -120.8 -238 -28.6 -94.4
2196.1 47.6 -228 -189.5 146.4 -26.2
85.7 239.6 277.1
503.4 68.4 -104.2 19.9 60.1 137
1517.1 27.9 -103.3 -238.4 2.3 -96.3
2225.7 65.1 -210.3 -176.6 164.2 -16
85.8 230.5 304.4
510 77.7 -94.6 26.5 66.3 141.2
1552.4 53.4 -69.3 -195.4 16.6 -86.5
2343.4 70.1 -157 -34.4 159.8 0.7
84.6 227.6 307
512.8 81.3 -91.1 31.1 67.5 143.4
1564.7 54.4 -58.9 -187.9 10.7 -82.9
2399.5 105 -84.4 -15.2 184.8 24.5
83.6 227.3 312.8
511.6 85.8 -91.8 35.1 68.8 143.3
1573.3 57.8 -51.6 -178.6 9.7 -82.9
2449.2 117.8 -51.1 18.4 166.6 31.2
81.5 218.7 317.7
510.3 92.8 -92.1 39.6 68.6 141.8
1594.1 72.4 -33.8 -156.9 3.5 -92.8
2523.3 125.9 1 69.8 146.8 23.1
79.7 219.8 324.1
507.7 95.7 -94.6 42 67.4 141.1
1598.6 62 -32.4 -150.2 -3.4 -87.9
2587.2 83.1 33.6 119.3 132.5 32.7
78.4 220 325.4
504.8 95 -97.7 41.8 65.2 140.2
1599.8 47.5 -41.2 -141.1 -9.7 -91.8
2615 22.5 28.6 139.1 110.4 32.7
77.4 222.5 325.9
502.8 92.8 -100 40.3 63.3 139.9
1597.8 42.5 -41.7 -143 -8.5 -93.5
2630.8 -26.1 40.4 139.1 96.2 50
77.2 225.7 324.3
499.7 87.8 -104.4 37.4 61 140.1
1594.6 14.7 -47.6 -153.4 -20.4 -84.4
2625.7 -128.6 21.6 111 69.5 69.9
75.3 211.3 334.3
499.9 89.1 -104.5 37.2 59.9 139
1607.5 44.9 -27.2 -145.8 -18.4 -100.5
2670.7 -128.6 87.3 101.9 69.4 33
75.9 204 329.8
501.9 90.4 -103.7 38 59.7 141.2
1617.5 49.2 -19.2 -144.7 -20 -98
2713.6 -152.5 134.4 103.9 98.9 60.6
76.2 203 340.8
504.3 94 -102.8 39.5 60.2 143
1624.3 52.1 -17.5 -147.9 -22.4 -95
2760.8 -119.5 193.9 90 132.4 61.5
77.2 197.1 335.4
506.6 95.9 -103.2 39.9 60.4 145.8
1637.6 61.6 -11.6 -150.8 -27 -98.7
2835.4 -119.6 240.2 90 114.1 41.1
78.5 199 320.1
509.2 97.6 -104.8 39.5 60.6 149
1643.7 66.2 -16.4 -154.9 -22.8 -95.7
2896.6 -74.4 283.9 70.7 122.6 31.4
80.9 189.1 301.3
512.3 97.3 -107 37.7 61.5 154.1
1663.6 68.9 -14.8 -160.9 -30.8 -91.9
3010.4 -35.7 352.4 24.3 83.5 -18.7
winner is: 20
