Regression analysis information for: cuban_mismatch_interrogative-total-yn_El-nino-oye-el-rio
number of formants: 3
number of coefficients: 5
48 322.2 225.8
485.9 -3.7 -51.3 -5.3 38.1 25.5
1729.5 -46.7 -55.8 209.3 -264.4 -36.3
2317.4 51.7 89.8 46.8 -253.9 -51.9
42.7 292.8 221.4
489.3 -12.9 -38.5 -13.8 42.3 15.8
1777.1 -72 -11 165 -313.9 -34.8
2365.4 14.3 156.9 8.3 -220.2 -82.6
40.6 295.6 248.4
487.3 -13.9 -35.1 -15.4 45.4 11.2
1800.9 -23 -0.2 166.9 -348.5 -49.1
2364.6 53.6 155.8 41.7 -236.9 -98.7
40.5 291 248.5
487.2 -16.8 -35 -15.7 47.3 10.1
1830.8 -29.2 14.9 161.5 -346.8 -84.2
2390 19 180 17.8 -241.5 -99.6
38.9 295.5 228.2
490.3 -22.2 -32.3 -20.2 54.5 6.5
1871 -47 6 159.6 -371.1 -114.8
2446 -32.8 212.7 -47.2 -252.7 -135.7
37.9 298 238.4
494.5 -25.6 -33 -25.7 60.7 5.5
1876.9 -72.9 5.6 166.2 -345.8 -104.9
2530.6 -47.3 173.7 -71.9 -225.6 -174.1
41.7 217 283.4
493.6 -16.8 -47.6 -19.8 58 19.7
1940.6 28.9 62.5 196.1 -360.3 -146.5
2636.9 41.8 149.5 -41.3 -239.6 -229.6
44.7 203.9 298.4
498.3 -13.9 -56.3 -24.4 62.6 27.7
1970.6 61.8 61.4 199.1 -361.9 -154.8
2721.1 60.2 79.4 -56.9 -217.2 -244.9
49.9 188.2 295.6
500.6 -9.9 -67.4 -25.8 64.9 38
1997.8 79.8 58.1 176.8 -377.1 -173.2
2815.6 70 25 -104.9 -197.1 -243
56.1 196.9 298.8
503 -6.4 -76.3 -28.1 66.8 46.2
1997.7 64.1 50.2 179.1 -357.6 -153.3
2853.3 56.1 9.7 -96.3 -180.6 -227.6
59.5 219.6 303
504.5 -8.4 -78.6 -30.5 70.6 47.5
1987.4 49.5 58.3 213.3 -326.2 -148.1
2900.1 80.6 29.3 -53.3 -149.7 -224.1
59.6 234.7 283.9
501.4 -2.1 -86 -22.7 65.9 54.4
1979.4 52.9 50.3 240 -322.1 -139.5
2951 125.8 33.4 -27.6 -147.7 -208.2
58 210.1 279.6
496.5 1.7 -90.5 -13.4 60.7 58.3
1996.3 96.1 22.9 215.9 -376.5 -138.6
3003.8 187 28.7 -23.3 -185.1 -205.6
57.8 214.9 279.8
498.1 -4.8 -83.7 -16.2 65.9 52.4
1998.3 89.7 24 213.8 -372.6 -137.9
3043.9 209.5 47.2 -8.6 -181.9 -187.5
54.3 200.6 268.9
494.3 -0.3 -85.8 -8.2 57.9 53.5
2003 104.6 18.7 211.7 -398.7 -142.7
3069.9 230.3 57.4 32.1 -195.7 -175.3
50.8 203 251.9
494 -8.2 -74.8 -8.5 60.4 42.5
2004.4 95.8 33.5 213.5 -399.3 -152.7
3076.8 207.6 104.8 84.5 -211.5 -200.5
48.4 190.6 207.6
495.4 -15 -64.3 -11.9 61.5 31.8
2022.3 103.8 44.3 188 -431.2 -174.2
3104.3 200.9 155 108.2 -280.1 -265
50.5 182.9 218.3
497.6 -14.7 -67.5 -12.9 62.7 34.8
2040.6 110.4 43.3 173.4 -448.1 -184
3176.3 197.7 129.4 87.3 -308.8 -281.4
52.1 188.6 243.3
501 -21.3 -61.8 -17.9 68.2 29.6
2051.9 99.8 52.1 168.3 -443.3 -187.2
3233.4 165.4 133.6 83.6 -316.1 -300.1
58.7 198.2 280.5
506.5 -31.7 -52.8 -27.3 77.8 22.2
2066.9 87 64.7 159.6 -432.9 -194.3
3293.9 111.6 152.5 78.6 -296.8 -327
winner is: 17
