Regression analysis information for: cuban_match_interrogative-total-yn_Daniel-iba-a-Bolivia
number of formants: 3
number of coefficients: 5
100.8 278 226.1
533.4 86.8 31 45.6 43.2 48.1
1814.8 73.2 121.9 -15.9 -465.3 188.5
2332.3 70.6 103.4 13.2 -381.4 88.6
98.7 308.3 245.6
537.2 77.6 31.1 35.9 53.6 35.8
1759.2 27 38.9 -107.8 -481 41.3
2376.1 39.9 -29.8 2.5 -296.5 -55.3
100.6 257 162.2
542.6 73.7 18.9 42.8 63.7 31.3
1816.2 -25 16.4 -137.9 -528.2 95.3
2490.7 29 -219.7 -26.7 -197.3 -60.2
98.8 236 162.5
543.3 74 19.7 42.7 63.2 30.9
1878.5 -16.8 74.3 -131.2 -543.1 112.3
2555.9 58.5 -170.5 -5 -201.1 -19.5
98.8 161.2 127.8
546.1 80.3 25.8 46.4 64 33.4
1953.6 89.1 196.9 -51 -473.3 151.3
2627.6 125.2 -66.5 59.2 -143.1 22.5
100.7 149.2 110.9
554.3 66.2 44.5 30.9 79.4 18.4
1973 100.8 221.2 -60.9 -478.5 124
2662.3 100.2 -22.8 25.6 -113.9 -24.2
97.4 140.2 85.7
568.4 37.6 76.2 1 109.1 -10.6
1988.5 112.3 242.8 -66.7 -485.3 105.4
2695 69.5 22.3 -10.5 -82.4 -69.9
94 144.9 79.4
564.8 41.7 75.1 3.3 105.5 -6
1990.9 111.1 248.8 -69.4 -490.9 105.6
2708.1 57 37.6 -22.1 -73 -84.7
89.7 151.6 74.6
567.6 30.7 88.6 -8.5 114.3 -13.1
1998.7 100.1 262.3 -81.4 -484.2 95.4
2716.9 47.1 52.4 -34.9 -63.5 -97.5
92.3 169.3 103
577.7 4.3 111.8 -32 136.8 -31.4
2011.2 82 280.5 -100.5 -469.6 77.7
2740.9 11.9 92.8 -73.9 -29.4 -136.1
90.3 161.9 99.6
566.6 18.5 91.3 -15.8 124.1 -18.2
2007.6 93.7 271 -104.6 -479 92.2
2741.4 22.8 83.3 -70.7 -37.2 -139.7
91.2 160.6 98.5
560.5 26.6 79.2 -6.4 115.4 -6.5
2005.4 100.6 259.6 -96.7 -488.8 89.1
2741.8 21.6 70.5 -65.7 -38.9 -136.3
94.6 165.5 102.7
557.9 28.1 73.8 -3.1 113.2 -2.6
2009.7 98.4 260.4 -105.2 -486.6 93.1
2747.4 11.6 62 -63.4 -28.4 -131.3
97.4 173.8 105.4
559 23.6 79 -8.2 115.4 -3.3
2016.7 93.6 260.8 -106.9 -487.5 93.7
2753.6 -1.8 50.8 -60.4 -16.1 -116.5
109.5 198 136.2
562.7 13.1 90.3 -19.1 123 -9.6
2044 70.8 256.1 -106.6 -464.4 58.6
2783.7 -31.4 56 -76.7 19.8 -143
111.5 224.1 192.1
573.5 6.6 77.1 -14.6 139.5 -23.8
2106.5 42.8 161.9 -68 -388.9 -7.1
2825.1 -78.1 -11.3 -59.6 80.7 -166.8
111.1 236.1 223.5
574.3 17.7 53.2 3.1 137.5 -20.2
2158.6 37.3 73.8 -24.8 -343.5 -47.2
2876 -83.1 -89.4 -31.4 93.8 -180.3
112.2 234.2 259.4
578.7 19.9 44.3 7.5 143.6 -22.6
2199.3 29.2 25.3 -9 -307.8 -69.9
2973.3 -67.3 -153.5 -37 69 -196.6
125.5 237.4 336.5
615 -34.5 77.9 -24.1 191.8 -74.7
2250.8 -10.6 28.6 -41 -241.3 -107
3110.9 -110.7 -156.4 -100.4 73 -254.8
137.3 229.2 411.7
652.1 -94.2 119 -56.5 241.9 -130
2312.6 -49.1 19.1 -80.7 -154 -135
3297.7 -132.3 -189.3 -185.3 92.2 -318.6
winner is: 9
