Regression analysis information for: cuban_mismatch_declarative-narrow-focus_El-bebe-comia-muy-bien
number of formants: 3
number of coefficients: 5
73.9 399 238
519.1 14.1 -34.6 -7.4 -4.3 -38.7
1485.4 -36.1 100.3 -209.9 147.7 -356.4
2148.2 -159.2 57 -127.6 -54.8 -58.8
72.7 403.7 242.9
521.4 13.8 -43.9 -19.2 -6.4 -30.4
1468.9 -115 35.4 -287.9 130.5 -351.7
2146.5 -218.4 8.2 -170.3 -73.1 -70.6
80.4 428.4 259.3
519.4 33.6 -45.3 -29.5 10 -26.5
1528.9 -79.1 65.2 -324.6 131.2 -363.6
2199.6 -208.9 -8.9 -175.8 -42 -51.9
75.4 358.5 251.2
530.5 22.9 -48.2 -18.4 -5 -9.2
1743 -167.3 127.3 -266.9 -120.4 -173.9
2353.1 -195 26.5 -122.5 -112.4 -10.7
72.3 289.8 165
539.8 27.9 -49.6 -11.7 -5.5 8.7
1838.6 -93.7 206.2 -196.3 -114.6 -132.2
2493.6 -68.5 85.4 -98.1 -97.8 -29.3
74 274.3 145.8
545 29.3 -58.2 -8.1 -8.1 14.9
1860.3 -96.8 186.5 -179.6 -111.8 -131.8
2534.5 -69.4 69.8 -109.1 -79.3 -34.1
77.3 245 123.4
551.2 29 -65.8 -2.2 -11.4 19.2
1895 -115.1 151 -147.4 -124.9 -127.1
2578.9 -69.5 37.5 -128.9 -53.6 -5.5
79.7 239.3 124.1
552.2 28.6 -69.6 -2.3 -12.8 21.3
1906.6 -115.1 131.5 -147.2 -128.4 -113.6
2594.9 -62.1 24.4 -129.8 -49.4 8.7
80 239.5 129.6
549.1 26.9 -68.7 -1.2 -15.1 18.1
1912 -112.4 127.8 -142.2 -132.5 -103
2608.7 -53.2 19.8 -126.6 -45.4 28.1
78.9 241.1 134.7
543.4 24.6 -65.8 -0.8 -17.3 11.4
1910 -121.1 142.8 -142.2 -133.6 -112.8
2610.1 -69.2 48 -124.8 -44.2 12.6
79.3 249.9 141.7
538.9 23.5 -66.8 -5.6 -18.4 7.5
1903.6 -127.9 157 -143.2 -142.8 -120
2608.9 -90 70.4 -132.6 -44.9 0.3
79.1 261.3 147.2
532.9 25.5 -66.2 -11.9 -16.4 3.9
1898.9 -135.1 161.7 -149 -147.4 -122.9
2599.7 -109.9 81.2 -140.8 -53.6 -10.1
77.8 278.8 151.8
528.2 29.3 -67.7 -20.9 -11.9 3.3
1889.7 -139 162.2 -174.4 -148.3 -120.9
2593.9 -130.1 72.3 -175.6 -49.6 -16.6
77.2 281.7 153.4
526.6 31.9 -68.7 -21.5 -9.9 1.4
1892.2 -143.9 166.9 -173.1 -147.8 -118.5
2602.1 -135.6 76.3 -187.9 -35.7 -27.3
77.8 288.8 158.9
526 34 -70.4 -23.5 -8.7 0.9
1884.9 -128.8 158.4 -189.6 -128.2 -134.3
2608.8 -132.7 77 -204.7 -29.1 -38.4
80.4 286.8 159.1
528 35.4 -73.5 -23.4 -8.3 1.9
1894.7 -123.9 145.6 -186.5 -118.1 -139.4
2630.2 -111.5 48.2 -205.7 -11.1 -48.1
86.6 285.7 174.2
540.4 38.1 -98.5 -27.5 14.2 7.9
1910.1 -108.2 107.4 -198.3 -90.7 -132.1
2664.2 -49.7 -69.5 -203.6 44.6 -41.4
86.5 263.1 225.4
552.4 39 -119.3 -26.9 33.4 9.5
1958.5 -105.1 44.4 -203.3 -38.7 -112.1
2800.5 -11 -264.6 -248.7 226.3 -26.9
85.5 251.2 255.5
558.9 40.3 -128.2 -27.1 38.6 11.2
1980.6 -100.5 23.7 -201 -32.7 -104.9
2885.6 48.5 -320.2 -260.8 263.7 -54.4
86.8 244.7 292.5
562.3 40.5 -130.4 -24.1 39.3 10.2
2003.7 -100.1 15.6 -192 -41.8 -92.5
2973 85.7 -321 -248.3 234.5 -101.9
winner is: 8
