Regression analysis information for: cuban_match_interrogative-total-yn_Ana-lleva-el-abrigo
number of formants: 3
number of coefficients: 5
60.7 191 240.4
539.6 159 6.1 31.9 40.2 63.5
1702.7 269.8 -177.4 172.3 -354.2 -5.3
2160.9 43.2 -60 124.6 -372.1 56
61.6 179.1 233.2
537.2 157.1 7.5 33.9 49.6 69
1750.5 248.9 -192 173.5 -371.5 -10.4
2238.5 -28.5 -23.9 137.1 -328.3 81.9
61.9 174.6 204.3
538.6 160.2 8.7 38.4 58.5 73
1767.5 225.2 -224.1 194 -353.8 -5.7
2352.5 -49.7 -102.4 151 -214.2 117.4
63.2 169.8 150.8
543.9 164.2 15.7 41.4 67.3 75.8
1782.9 214.8 -226.8 213.9 -353.1 -7.7
2498.2 58.5 -66.6 199 -146.2 147.2
62.6 165.2 111.5
549.7 172.8 23.6 46.5 73.3 77.3
1799.6 215.3 -218 208.6 -360.1 -21.5
2560.1 109.3 -37 241 -112.4 128
62.1 165.5 110.9
554.1 181.7 30 52.1 77.1 78.6
1813.9 225.8 -215.1 197.6 -374.8 -36.6
2586.2 124.1 -32.9 240.8 -123.2 105.8
62 168.2 122.5
556.2 188.2 33.9 56.3 79.6 79.4
1819.7 230.5 -215.1 195.1 -376.4 -45.1
2605.6 146 -37.7 234.2 -153.4 90
62.2 172.4 126.3
556.2 192.2 34.9 59.1 80.1 80.6
1822.7 237.7 -218.2 193.7 -376.5 -55.3
2621.9 155.4 -37.2 231.6 -164.9 75.2
62.3 175.4 132.3
555 192.4 34.4 59.4 80.7 81.8
1826.7 240.4 -217.1 191.7 -377 -61.8
2633.9 171.3 -40.2 233.1 -180 62.1
62.2 174.6 135.5
553.3 192.7 32.5 59.3 80 82.5
1826.4 246 -223.5 196 -377.1 -66.6
2645.6 187.9 -43.5 232.5 -194.8 44.7
68.3 172.3 139.6
559.2 185.1 20 73.2 76.4 70.2
1823.8 253.4 -233.8 203.4 -380.9 -66.2
2663.4 190.8 -50.9 241.3 -211.1 21.7
68.7 173.5 139.8
558.1 183.7 17.1 72.2 74.7 69.6
1826.2 251.1 -236.3 203.7 -381.5 -65.7
2673.1 187.4 -55.5 244.7 -219.9 13.4
75.1 179.6 135.8
560.5 179.4 8.7 79.3 71.7 63.5
1831.3 244.7 -241.4 205.8 -381.3 -68.1
2673.8 168 -66.1 261 -214.5 17.2
75.9 198.6 162.8
566.5 164.2 22.6 62.4 83.2 55.1
1851.7 210.4 -216 184.6 -363.6 -83.2
2701 108.5 -31.5 231.9 -177.2 -14.1
81.5 202.8 184.2
570.8 158.7 24.7 59.5 87.3 49.7
1858.6 198.1 -202.5 170.2 -358 -79.1
2724.4 87.7 -8.4 197.7 -170.2 -27.9
82.3 217.1 243.8
576.6 152.6 32.1 53.3 93.6 49.4
1891.1 155.5 -183.5 160.2 -354.3 -83.6
2790.1 48.1 32.8 148.3 -163.9 -86.8
89.8 231.9 310.7
592.7 165.1 50.4 56.7 101.9 44.8
1918 160.6 -169.4 165.5 -350 -91
2868.8 97.1 37.7 130.3 -215.5 -147.9
94.9 250.1 392.9
615.6 203.2 85.6 64.1 116.7 42.4
1957.1 165.8 -127.6 153.8 -331.8 -105
3014.2 85.4 123.6 56.2 -236.1 -213.8
125.1 261.7 434.9
649.5 225.5 94.4 84.9 150.1 46.9
2008.4 136.9 -104 153.8 -315.7 -99.8
3181.5 1.5 185.1 0.3 -249.2 -207.5
162.1 263.4 465.7
704.5 293.1 121.3 129.1 222.7 81.4
2061.2 139.7 -71.1 166.1 -277.7 -73.7
3337.1 -70.8 221.2 -19.7 -221 -207.6
winner is: 6
