Regression analysis information for: cuban_mismatch_declarative-narrow-focus_La-maestra-vive-en-Paris
number of formants: 3
number of coefficients: 5
99.3 249.3 236.5
511.5 93.2 37.3 -45.5 -47.6 3.8
1724 -178.5 51.7 -246.6 -16.2 -16
2247.8 -174.7 -30.2 -179.8 19.5 -43.6
100.8 247.8 261
507.9 93.7 36.1 -44 -45.7 2.6
1711.9 -239.3 44.3 -267.6 1.2 6
2216.6 -158.8 22.9 -217.1 10.3 -57.9
100.6 220.7 273.8
510.5 102.9 35.4 -42.9 -48.9 0.6
1784.8 -185.9 68.8 -247.9 -14.2 -10.4
2309.8 -65 82.7 -197.4 -6.8 -97.6
103.2 197.6 246.7
511.8 109.1 35.8 -42.6 -46.1 0.9
1834.5 -150.2 98.5 -280.4 -33.6 -68.4
2403.8 -48.1 52.1 -223.7 18.7 -74
103.1 170.8 198
516 113.7 35.9 -39 -49.3 1.5
1881.2 -123.7 125.1 -273 -47.5 -99.7
2494.6 -24.1 71.3 -185.9 55.3 -30.3
109.2 157.4 161.4
525.6 101.7 50 -51 -36.7 -9
1920.6 -136.1 135.5 -261.4 -66.7 -106.7
2569.5 -34.9 100.5 -153.7 62.4 -8.2
107.4 156.6 140.9
524.5 104.6 47.8 -46.6 -35 -4.6
1938.5 -145 134.2 -242.5 -70 -104.3
2607.8 -51.4 111.4 -174.5 67.3 -32.6
116.2 167.7 137.8
529.2 91.5 59.8 -60.3 -19.6 -14.1
1945.5 -146.8 132.9 -253.7 -58.1 -102.2
2632.4 -78.3 120.3 -178.9 89.3 -61.3
118.6 159.7 119.4
530.5 86.5 61.9 -63.6 -15.6 -15.9
1969.4 -157.7 115.4 -240.1 -76.2 -111.4
2683.7 -139.3 108.5 -130.4 63.4 -100.4
123.8 175.1 127.4
528.7 79.2 64.1 -70.5 -5.6 -22.1
1969.2 -157.3 117.1 -261.3 -51.7 -114.9
2686.6 -142.5 140.8 -193.7 104.8 -117.7
131.4 183.1 132
529.6 67.2 68.1 -74.2 -1.8 -18.2
1978.5 -171.3 112.8 -258.3 -52.5 -114.5
2716.9 -174.9 148 -205.2 87.5 -131
164.6 191.8 159.7
551.8 20.9 106.6 -104.8 18.6 -22.3
1995.7 -189.7 118.7 -275.8 -44.9 -124.4
2742.5 -212 185.7 -263.5 114.4 -147.1
185.2 204.7 175
562.4 -4.3 127.6 -122.5 35.2 -31.1
2004.8 -217.6 135 -281.6 -25.9 -123.7
2777.9 -273.8 216.9 -276.3 123.5 -167.4
225.8 215.4 196.7
597.1 -74.4 191.8 -180.1 84.4 -69.1
2033.5 -261.7 179.1 -326.8 7.3 -156.4
2814.5 -343.7 283.2 -346.6 181.9 -221.4
242.5 208.4 197.4
655.9 -190.1 299.4 -278.2 167.9 -137.3
2073.5 -320.2 238.7 -387.3 46.6 -200.6
2868.6 -441.6 374.2 -441.1 248.8 -289.1
234.1 213.6 198.6
675.1 -230.1 338 -319.6 210.9 -179.9
2095.8 -351.8 269.8 -420.5 84.8 -235.3
2891.6 -441.3 406.1 -450.6 274.8 -318.8
230.7 212.2 201.4
686.6 -241.5 356.6 -332.7 226.9 -191.5
2102.4 -345.1 257.5 -411.6 80.1 -224.5
2920 -436.5 431.5 -449.7 281.9 -327.6
223.9 224.1 200.9
710.6 -278.6 396.9 -358.1 245.7 -200.4
2137.3 -393.7 298.1 -444.5 109.3 -242.7
2969.7 -493.8 486.5 -484.3 292.5 -327.8
221.3 216.4 222.7
730.7 -283.1 429.5 -362.9 263 -201.2
2181.1 -432 353.3 -485.5 169.3 -290.8
3032.6 -506.8 559.1 -493.6 319.6 -333
222.1 211.6 250.9
748.9 -273.4 458.4 -351.2 277.5 -191.3
2245 -493.9 435.6 -533.2 238.8 -329.8
3115.8 -537.4 643 -497.7 337.9 -327.7
winner is: 9
