Regression analysis information for: cuban_mismatch_declarative-broad-focus_El-nino-oye-el-rio
number of formants: 3
number of coefficients: 5
62.5 434.7 229.3
454.3 28.1 -80.7 53.3 25.5 32.9
1570.3 -187.9 -7.5 263.4 -365 -28
2271.7 22.5 126.8 116.4 -299.5 15.1
62.1 442.3 234.4
454.9 24.1 -82.5 44.2 25 26.9
1646.4 -120.6 87.3 287.8 -333.6 20.9
2325.4 58.7 151.7 107.3 -291.1 -5.9
58 437 242.6
458.7 31.8 -79.7 45.6 29.7 28.9
1691.9 -86.8 157.9 341.3 -295.7 78.9
2363.7 97.9 177.5 124.3 -270.9 5.9
60.3 433.5 263
460.2 25.5 -82.4 39.8 38.5 29.3
1737.1 -107.8 178.6 328.6 -292.9 65
2437.5 85.8 154 91.6 -232.3 9.8
62 411.6 283.9
463.8 29.2 -85.2 39.9 44.5 31.8
1779.9 -72.5 204.6 337.8 -301.7 32.7
2520.2 101.5 85.7 35.1 -212.4 41.5
62.1 387.4 306.8
467.2 30.2 -90.1 36.9 49.2 36.4
1833.3 -15.2 187.8 255.8 -351.4 13.1
2652.1 135.2 21.4 -86.3 -186.3 -13.4
63.3 352.9 291
471.3 27.6 -93.6 30 52.1 37.3
1873 -13.4 193 243 -334.5 18.3
2779.6 154.1 -57.6 -167.9 -109.6 -17.5
60.9 294.9 268.9
472.1 35.1 -98.7 34 48.3 42.9
1939.8 46.2 215.7 260.8 -340.6 31.1
2852.7 159.6 -52.9 -143.2 -92 -6.3
61.6 303.4 273.4
476.4 28.9 -92.9 26.4 51.8 37
1962.6 44 200 230.6 -376.8 18.1
2912.8 112.6 -86.7 -123.1 -92.8 -20.2
59.7 275.4 286.7
472.7 33.2 -99.4 31.9 44.9 40.1
1996.1 105.6 218.6 234 -416.4 2.1
2990.4 141.8 -113 -71.6 -172.5 -70.3
58 264.4 302.3
472.9 35.4 -95.5 35.5 43.1 36.5
2028.5 149.8 247.8 232.1 -437.4 -14
3059.4 190.3 -78 -56.1 -203.1 -97
58.3 293.6 316.1
468.1 31.6 -97.5 37.5 40.4 34.6
2016.7 125.2 222.7 210.2 -465.4 -27.4
3092.1 193.6 -71.3 -47.9 -229.6 -102.4
58.9 299.1 319.5
470.9 25.4 -90.2 32 44.1 26.3
2009 78.9 185.7 145.6 -512.7 -75.6
3127.8 188.7 -46.7 -52.4 -269.9 -135.5
55.9 287.4 330.1
466 30 -96.2 43 40.6 32.3
2019.3 110.5 203.3 170.8 -508.3 -55.7
3154.6 227.9 -31.9 -15.7 -289.9 -132.5
57.2 268.1 336.8
465.8 29.6 -97.7 44.5 42.8 33.7
2051.1 156.6 209.3 154.8 -519.2 -40
3188.4 250.2 -41.2 -24.1 -293.4 -127.8
59.7 255.8 356.4
468.7 27.8 -97.1 40.9 48.9 33.9
2089.8 204.2 246.8 175.2 -497.3 -29.7
3208.2 215.1 -39.5 4.3 -220.4 -116.9
60 254.3 357.5
471.7 29.3 -101.7 39.3 49.9 36.3
2107.4 203.1 250.2 153.6 -507 -32.4
3255.1 215.3 -60 5.5 -201.1 -103.1
61.5 257.9 361.1
473.9 32.1 -108 37.6 50.7 40.7
2116.2 188.8 251.4 150.7 -502.7 -38.5
3309.7 216.6 -83.6 -1.1 -171.8 -94.1
67.2 264 354.7
482.1 23.6 -104 25 62.1 35.9
2135.6 171.6 271.7 136.6 -482.7 -49.9
3395.8 216.8 -99.4 -44.3 -144.5 -75.9
76.3 268.8 354.7
494 7 -93.2 5.7 78.9 28.1
2161.6 136.4 303.8 110.5 -457.4 -72
3490.7 192.3 -90.9 -89.1 -112.3 -84.2
winner is: 10
