Regression analysis information for: cuban_mismatch_declarative-broad-focus_Mi-madre-come-la-fruta
number of formants: 3
number of coefficients: 5
96.6 300 234.7
507.2 70.1 -64.3 -26.5 -36.1 -96.9
1516.4 85.6 26.2 -128.1 -30 -192.6
2093.3 42.9 50 11.7 9.7 26.3
99 290 245.2
510.6 62.1 -61.7 -25.9 -31.9 -99.7
1522.1 87.8 18.8 -78.4 -32.3 -223.8
2128.5 6.3 42.5 46.7 51 1.4
106.3 285.2 250.8
517.8 48.7 -48.7 -42.3 -18.9 -107.4
1551 74.1 49 -94 -19.7 -189.1
2187.3 -23.3 30.8 50.6 68 20.2
111 281.6 256.4
522.7 40.8 -42.9 -51.8 -9.1 -114.9
1582.9 74.5 61.6 -81 -21.3 -144
2249.2 -54.1 9.6 24.6 79.3 37.9
118.9 276.2 259.5
531.9 23.3 -32.8 -65.7 -3.4 -116.8
1614.7 31.5 48.3 -103.5 -25.9 -85.8
2315.5 -66.2 -40 -10.1 30.4 57.4
116.8 261 251.7
524.6 40.3 -50 -57.9 -14.8 -106.9
1573.1 -81.1 -62 -182.6 -101 -111.8
2360.7 -56.7 -78.3 -68.2 -26.8 18.2
131 237.1 252.1
542.5 25.5 -64.6 -38 -22.1 -126.3
1598.2 -125.8 -75.9 -181 -134.8 -101.3
2433.4 -73.4 -59.4 -72.1 -43.1 9.7
170.8 247.4 268.2
584.2 -35.1 -45.9 -41.1 -15.1 -155.4
1648.5 -126.1 -35.5 -139.9 -130.5 -82.3
2526.5 -121.3 -10.4 -47.4 -36 -8.5
187.8 254.1 273
604.8 -62 -26.2 -50.7 -6 -171
1710.4 -63.9 47.9 -68 -87.9 -49.6
2598.5 -155.9 47.3 -31.1 -25.5 -29
209.9 260.5 319.5
632.8 -109.5 6.2 -65.1 6.6 -197.1
1742 -84.2 76.4 -57.8 -90.1 -54.2
2681.9 -250.4 107.1 -50 -13.1 -106.9
224.3 264.9 314.9
646 -136.9 28.5 -75.4 9.7 -208
1778.8 -96 122.9 -33.7 -82.3 -31.5
2745 -315.2 173 -63.4 -20.8 -106.2
234.9 278.9 329.8
661.5 -161.2 40.1 -85.7 33.2 -238.2
1782.9 -114 128.2 -48 -56.3 -59.9
2789.4 -356.8 201.9 -74.6 -7 -153.9
242.4 283.3 331.6
677 -189.3 58.3 -98.3 47.9 -255.1
1797.5 -114.9 151.9 -54.9 -41.1 -77
2837.9 -394.6 240.7 -78.7 -2.6 -193.3
250.7 292.4 347.5
690 -212.9 71.6 -104.2 51.4 -263.7
1815.8 -125.1 182.6 -61.3 -19.6 -76.7
2870.7 -436.3 261.6 -77.3 3 -205.7
263 293 374.7
689.8 -210.5 60.7 -91 39.7 -252.5
1809.2 -120.1 164.3 -56.4 -31.3 -71.3
2886.8 -458.1 244.4 -52.8 -24.3 -175.4
263.5 295 383.9
696.2 -218.7 61.1 -95.5 48.4 -265.8
1818.6 -125.9 165.7 -60.6 -18.7 -72
2909.6 -464.8 242.9 -58.8 -4.2 -189.7
262.3 303.9 384.7
709.8 -236.3 69.9 -110.5 64.2 -273.6
1837.8 -153 175.6 -80.2 -2.9 -75.4
2941.8 -485.3 248.2 -88.4 19.9 -201.3
264.4 316 386.7
724.4 -257.9 82.9 -119.7 66.6 -273.9
1852.6 -169 182.5 -87.8 -1.4 -65.1
2970.6 -499.8 256.2 -105.7 25.1 -210.8
261.5 322.4 391.6
726.8 -255.3 78.5 -127.3 78.2 -280.4
1864.7 -165.4 176.5 -87.4 14.8 -63.1
3004.9 -494 256.6 -121.3 63.7 -215.3
258.1 330.2 405
739.8 -264.5 73.3 -134.1 90.6 -278.1
1891.4 -172.8 145.8 -87 34.9 -43.9
3053.7 -517.8 200.8 -146.1 94.5 -221.4
winner is: 7
