Regression analysis information for: cuban_match_declarative-broad-focus_Ana-lleva-el-abrigo
number of formants: 3
number of coefficients: 5
61.9 245.5 224.8
547 160.6 -8.1 81.9 37.9 -52.9
1658.8 260.2 -188.3 -40.2 -354.1 231.7
2126.6 -25.9 -90 -130.7 -263.8 203.6
61.1 236.3 243.3
547.3 153.2 -5.4 80.3 42.1 -51.2
1682.5 253.3 -173.1 -47.5 -353.4 224.3
2139.5 -54.2 -68.6 -149.4 -262.1 214.1
61.2 208.1 257.6
548.5 148.8 -0.7 82.2 51.3 -50.7
1768.8 205.9 -138 -51.2 -322.9 267.1
2213.9 -152.8 -15.7 -173.5 -187.8 220.1
58.6 217.5 257.7
553.7 142.6 9.2 81.3 60.1 -52.9
1806.5 186 -134.5 -43.4 -279.2 265.2
2305.4 -197.4 -19.1 -133.4 -116 203.9
54 191.8 176.9
565.9 129.4 25 75 75.1 -69.5
1837.4 112 -125.1 33.8 -241.9 213.1
2470 -233.1 49.6 -32.9 -8.6 155.5
52.4 178.3 152.7
570.3 133.6 27.4 79 75.1 -72.1
1852.4 109.6 -125.4 48.3 -262.1 199
2561.1 -101.2 103.5 49.3 -1.6 165.2
50.4 172 152
576.9 132.7 37.1 74.3 81.8 -81.8
1876.3 113 -124.1 13.8 -276.5 198.2
2641.8 -17.5 160 12.8 -56.7 78.5
50.8 168.1 167.3
577 143.2 35.9 78.9 77.1 -81.1
1897.8 129 -135.9 -15.7 -304.3 211.8
2700.3 39.1 154.4 -45.5 -128 62.5
49.6 167.8 178.3
578.7 148.4 39.6 76.9 77.7 -85.9
1908.2 132.4 -136.6 -24.7 -318.8 217.2
2742.8 52 162 -94 -161.6 54.9
50.9 172.7 212.9
576.9 155.4 37.6 78.3 74.6 -85.7
1912.9 133.4 -137.5 -26.3 -327.1 225.6
2771.6 90.2 153.5 -120.3 -216.6 60.4
52.1 178.4 230.4
573.8 161 34.7 78.9 72.4 -84.6
1912.8 138.6 -141.8 -21.7 -338 235.5
2798.1 94 166.7 -151.1 -232.7 61.2
54.9 184.7 259.6
566.9 164.7 25.8 81.5 68.3 -77.6
1906.1 151.4 -154.7 -8.9 -352.3 249
2806.7 104 158.9 -164.7 -254.1 75.3
55.6 192.5 286.8
564 161.9 23.1 80.7 69.4 -76.1
1905.3 150.5 -154.9 -11.8 -349.6 249.9
2825.5 106.7 160.6 -213.7 -251.8 71.9
56.3 192.9 309.6
562.3 157.3 22.4 76.9 72.8 -76.3
1898.7 158.9 -163.5 -9.9 -347 241.3
2810.7 131.2 125.3 -231.9 -248.2 67.6
56.5 186.1 320.9
561.9 156.2 21.1 76.3 73 -76.7
1889.9 173.4 -176.6 -7.6 -340 230.3
2803.1 150.9 91.1 -240.2 -247.2 75
58.1 194.5 326.3
564 153.4 23.5 73.4 75.6 -80.2
1899.1 159.4 -167 -22.7 -321.8 211.4
2860 71.2 156.2 -334.9 -179.9 9.7
58.2 195.6 312.9
567.7 151.7 27.2 70.9 78.5 -84.5
1911.7 148.2 -163.3 -25.2 -321.7 213.8
2909 39.2 193.7 -373.8 -156 -23.3
58.2 198.7 291.7
571.5 152 29.7 70 80.4 -88.1
1926.4 135.2 -159.2 -28.6 -319.8 214.2
2966.6 16.8 222.9 -408 -144.8 -50.3
59.3 201.4 276.1
575.3 155.2 30.7 72.2 80.9 -90.1
1939.5 127.4 -159.3 -27.2 -318.1 214.8
3036.4 0.6 248.7 -419.3 -152.4 -50.5
61 200.9 284.2
579.7 163.1 31.2 79.9 81.6 -87.8
1950.3 127.1 -165.3 -16.3 -319.4 219.4
3130.7 2.9 298.3 -385.8 -135.9 -10.3
winner is: 7
