Regression analysis information for: cuban_match_interrogative-total-yn_Mariano-habla-del-tiempo
number of formants: 3
number of coefficients: 5
99.7 261.2 219
527.1 137.3 -72.6 12.5 -34.3 15.2
1610.5 195.2 -332.2 229.3 -240.9 -215.4
2088.5 7.9 -165.6 191.4 -148.5 -206.2
95.9 236.8 252.3
526.5 139.3 -77.3 12.1 -40 20.7
1636.3 199.5 -358.4 229.2 -242.9 -222.6
2159.4 32.2 -155.4 158.3 -171.8 -200
98.3 231.3 277.6
526.3 143 -78.5 7.7 -41.7 22.9
1636.2 175.8 -369.7 218.1 -253.3 -166.1
2237.4 59.5 -168.6 87.2 -201.1 -132
101.5 242.9 277.1
535.3 138 -71.9 5.1 -43.6 29.5
1677 191.7 -322 243.7 -263 -119.2
2340.5 133.8 -110.5 107.7 -161.2 -64.9
103.7 221.3 235
544.3 138.1 -63.3 7.6 -43.6 37
1737.4 234.5 -267.1 271.3 -284.1 -124.7
2439.4 178.9 -82.2 122.1 -115.3 -3.1
106.5 208.1 197.7
545.2 142.2 -63.3 6.8 -38.4 32.7
1759.4 251.1 -265.2 293.5 -269.8 -124.1
2499.4 208.9 -113.6 142.9 -51.6 11.1
109.3 189.7 170
548.6 139.2 -60 3.7 -33.7 29.7
1778.8 237.3 -285.2 308 -252.9 -149.5
2566 157.2 -142.7 142.5 12.1 -35.2
109.1 191.1 167.6
547.5 143 -63.5 5.5 -34.1 29.6
1791.2 227.5 -283.7 316.4 -257.5 -138.3
2582.1 146.3 -128.8 140.2 5.4 -16.1
112.1 194.6 177.9
548.9 140.3 -64.4 7 -40.1 35.8
1795.8 224.9 -288.1 321.1 -261.9 -136.5
2596.6 128.2 -109.9 124.6 5 -14
115.8 206.8 187.1
549.6 135.3 -60.2 -1.7 -29.8 23.9
1804.6 211.4 -275.2 304.3 -244.1 -154.3
2622.5 102.3 -94.5 107.9 39.6 -54.2
116.2 217.2 189.1
546.6 135.6 -61.1 -5.9 -23.7 13.3
1816.6 191.9 -257.8 287.8 -230.3 -170.6
2629.3 106.1 -93 111.4 44.4 -65.1
121.2 234.5 219.4
552.7 119.3 -50.7 -19.4 -12.9 0.3
1838.4 147.7 -223.8 249 -192.7 -207.8
2668.7 34.5 -49 60.2 110.4 -130.8
121 225.3 207.4
553 114.4 -53.6 -21.7 -14.2 -2.5
1831.2 158.8 -238.1 258.5 -209.6 -204.7
2653.1 59.2 -95.7 96.2 81.1 -128.4
125.5 244.6 240.9
561.5 94.2 -38.1 -39 -5.2 -10.2
1854.1 110.9 -198.3 207.4 -156.8 -252.9
2702.6 -36.3 -20.5 18 145.1 -185.3
127 245.3 243.5
564.9 88.4 -31.7 -45.2 0.1 -12.3
1867 96.1 -185.6 199.1 -147.6 -256.6
2732.1 -52.9 -0.2 25.8 165.4 -185.8
129 242 259.2
575 74.9 -26.2 -48.4 0.8 -12.4
1888.3 65.7 -167.4 183.7 -128.2 -278.3
2825.9 -197.1 98.1 -42.1 239.3 -248.4
133.5 243.1 265
576.4 77.4 -31.7 -49.2 -1.1 -13.1
1891.4 72.1 -182.2 190.4 -140.4 -266.5
2845.2 -216.1 68 -24.9 221.3 -247.9
138.3 249 296.4
585.1 75.4 -31.9 -54.4 -5.6 -6.6
1908.9 65.5 -183.4 189.2 -135.8 -265.4
2908.3 -273 84.5 -7.1 246.8 -272.5
148.1 252.3 314.9
597 78.5 -35.8 -68.1 -13.7 -4.8
1947.9 27.6 -157.9 158 -129.3 -264.9
3027 -365.2 118.3 -66.3 252.7 -297
183 267.8 402.5
640.5 42.8 -35.2 -56 -69.4 33.1
1980.1 14.8 -174.1 178.8 -160.7 -240.9
3157.7 -446.3 71.7 6.5 137.7 -208.2
winner is: 8
