Regression analysis information for: cuban_mismatch_interrogative-partial-wh_Por-que-oia-el-rio
number of formants: 3
number of coefficients: 5
63.9 263.2 269.1
484 46.1 -93.3 13.2 2.8 36.1
1651.6 -226.4 -274.2 23 -266.6 83.4
2170.6 -205.4 -218.7 84.7 -183.2 79.7
64.3 275.4 284.2
483.1 48.2 -92.1 16 1.5 35.9
1673.8 -222.4 -245.4 23 -300 87.1
2183.8 -227.1 -214.3 55.8 -203.2 91.9
67 261.2 304.5
484.4 49.7 -90 18.5 1.9 35.7
1698.5 -228.3 -227.7 49.8 -314.9 73.5
2237 -131.1 -95.9 146.2 -148 165.7
68.1 251.6 313.1
485.8 49.7 -87.9 25 -1.2 34.4
1726 -213.3 -200.1 76.8 -330.7 35.6
2318.9 -27 9.5 245 -151.6 63.6
74.6 251 311.4
492.7 40.5 -76.9 13.9 11.6 24.2
1757.5 -212.6 -200.6 59 -301.5 43.2
2383.7 -8.2 21 238.1 -82.5 51.8
93.6 243.4 316.4
513.3 18.5 -78.3 25.8 -4.4 32
1795.1 -228.9 -198.9 39.5 -291.6 49.6
2492.3 -11.2 0.7 157.1 -79.6 49.9
101.4 235.7 236.9
522.6 7.1 -66.9 9 9.3 24.2
1826 -247.4 -200.7 21.2 -275.5 61
2630.4 -23.2 -1 16.4 -12.5 58.6
117.9 229.9 200.2
538.8 -14.4 -64 16 1.1 19.8
1852.1 -279.1 -207 11.6 -284.9 70.8
2698.2 -48.2 -6.4 -9 -5.6 50.8
139 230.5 197.9
553.6 -34 -67 31.4 -12.4 14.5
1861.1 -289.1 -220.1 20.1 -302.5 72.1
2750.3 -85.7 -5.6 3.9 -43 60
146.7 227.5 194.8
558.6 -40.9 -68.7 38.3 -20.9 16
1865.9 -299.4 -228.4 11.8 -312.8 61
2788.7 -93.2 -13.5 6.4 -90.7 63.7
160 232.6 200.7
566.4 -50.8 -74.2 55.2 -36.7 17.5
1873.2 -293.8 -226.8 18.5 -310.7 65
2826.9 -111.6 -18 23.7 -128 82.5
162.5 238.3 210.6
568.8 -55.5 -72.9 58.5 -40.7 17
1878 -297.7 -226.9 17.8 -314.4 61.3
2852.9 -138.8 -21.3 27.4 -150.5 87
156.9 242.2 223.1
556.7 -30.2 -104.4 96.5 -76.2 44.3
1876.3 -292.2 -230.4 19 -318.3 61.9
2867.3 -156 -22 51.6 -178.5 93.2
157.2 247.2 233
555.5 -26.6 -107.5 101.8 -78 40.8
1880.1 -279.5 -227.7 27.7 -316.1 60.2
2883.2 -162.1 1.1 76.4 -195.8 73.6
149.3 249 230.9
549.4 -14.7 -116 110 -84.7 49.8
1882.7 -266 -236.2 48.6 -323.7 73.4
2886.9 -149.9 -5.7 132.6 -226.2 87.6
151 255.2 229.5
550.8 -15.6 -116.6 113.8 -86.5 51.1
1895.1 -260.7 -233.3 61.9 -327.1 73.9
2919.8 -131.7 -6.4 154.1 -242.7 84.8
153.6 259.7 229.4
553.8 -17.2 -117.5 116.4 -87.3 54.9
1909.7 -254.8 -235.5 71.2 -321.9 82.8
2972.8 -108.4 -35.4 164.8 -217.7 118.8
163.9 277.4 248
567.5 -29.1 -104.1 99.9 -74.7 40
1940.3 -256.8 -215.4 61 -292.4 70.7
3055.2 -89.2 -30.7 155.2 -176.4 119.3
178.8 304 288.4
579.6 -23.2 -100.7 90.6 -78 31.9
1981.4 -232.5 -196.1 59 -280.6 60.4
3160.9 -63 -38.2 134.3 -140.8 108.1
208.2 340.6 333.1
601.1 -10.8 -94.8 65 -92.9 9.1
2045.1 -169.7 -135.3 89.8 -234.4 80.7
3297.8 -8 -76.3 107.1 -81.3 98.2
winner is: 8
