Regression analysis information for: cuban_match_interrogative-partial-wh_Por-que-ama-la-navidad
number of formants: 3
number of coefficients: 5
94.3 196.5 231.5
581 -41.4 -33.3 -99.9 40.2 -75.9
1602.6 -205.6 -28.8 -83.4 -152.2 -86.2
2067.3 -73.6 23 -35 -181.5 -51.5
94.4 227 260.4
580.5 -36.6 -34.8 -103.8 43.6 -77.5
1627.4 -180.8 -15.2 -136.9 -119.5 -115.8
2106 37.6 68.7 -11 -83.7 14.1
91.5 211.6 260.9
580.5 -35.9 -30.5 -103.6 45.3 -75.3
1687.5 -176.2 10.1 -152.9 -151.7 -145.6
2186.6 75.2 96.4 -16.2 -59.1 -29
95.3 212.6 278.3
590.5 -27.4 -41.1 -126.8 45.2 -57.4
1722.3 -156.4 18.6 -184.3 -162.2 -140.5
2269.3 78.4 89.6 -82.1 -6.6 8.1
101.1 215.2 250.5
601.9 -17.3 -50.8 -149.8 43.4 -42.1
1727.3 -134.4 25.4 -191.4 -156.1 -141.3
2350.2 55.6 150.8 -133.2 51.9 -5.2
102.6 208.5 221.5
613.7 -5.9 -58.7 -168.9 42.5 -27.7
1703.4 -68 6.6 -201.5 -107.6 -210
2396.9 113.9 143 -121.5 114.1 -19
107.8 203.7 205.9
620.4 -2.6 -71.3 -185.6 42.6 -13.2
1694.7 -36.8 -3.9 -233.8 -67 -243.6
2423.3 126.9 100.8 -141.1 155.9 -13.7
114.9 189.7 204.4
626 7.1 -65.9 -185.8 35.5 -21.5
1709 -29.5 -13.5 -228 -86.2 -251.8
2451.8 141.9 91.9 -138.9 135 -23.3
124.9 200.1 216.4
633.2 19.7 -63.1 -190.4 26.9 -28.6
1746.2 -71.7 -2.4 -209.7 -144.2 -198.5
2491.9 133.3 89.6 -118 93.4 -14.5
141.8 204.4 237.1
647.4 43.4 -50.2 -187.4 15.4 -48.5
1794 -106.9 -6.2 -194.5 -202.6 -135.3
2581.9 147.7 47 -131.8 31.6 35.9
140.4 202.2 221.3
643.2 38.5 -47.5 -180.6 18.4 -51.2
1812 -134.5 -1.1 -176.8 -236.5 -105.5
2613 109.4 35.2 -116 13.6 54.2
139.9 203.1 202.5
639 34.5 -41.8 -171.2 19.7 -59.2
1814 -136.7 9 -170.4 -238.9 -107.9
2633.2 79.3 37.8 -85.7 5.2 46.9
140.8 206.2 195.9
644.4 37.4 -48.7 -178.9 20.4 -52.1
1817.4 -129.9 5.7 -180.4 -236.1 -106.4
2651.5 73.6 29.8 -83 9.3 42.3
144.2 205 196.9
647.6 37.4 -54.3 -186.4 21.2 -45.5
1817.7 -121.4 1.7 -197.4 -228.3 -108.5
2679.2 75.1 21.6 -101.4 22.1 53.2
147.6 209.4 198.8
661.1 49.9 -61.3 -203.4 16.4 -42
1827.5 -105.7 0.9 -214.5 -227.1 -111.3
2724.4 81.1 -14.8 -137.7 53.7 69.6
150.2 199.3 201.1
672.6 56.8 -70.7 -220.5 18 -25.9
1841.6 -97.9 -3.5 -226.3 -227.3 -101.9
2792.8 127.5 -44.1 -191.5 98.2 108.2
155.4 195.7 197.7
682 64.6 -68.6 -229.1 14.4 -31.4
1853.5 -89.4 3.8 -227.7 -229.3 -107
2836.2 164.1 -37.3 -218.9 138.4 104.1
158.1 188 197.9
690.7 67.4 -71.9 -244 12 -26.2
1865 -81.3 8.2 -231 -228.6 -108
2880.8 190.8 -19.3 -244.5 165.1 97.5
175.8 191.9 219.8
707.1 78.2 -78.7 -273.1 -1.3 -21.9
1877.8 -62.1 23.1 -228.2 -215.4 -106.4
2952.7 224.8 -35.6 -352.3 123.6 75.1
177 191.4 246.4
716.5 78.6 -83.8 -296.2 -9.6 -18.7
1905.6 -57.2 32.5 -219.5 -233.3 -84.7
3111.2 344.7 4.5 -444.2 59.7 124.7
winner is: 8
