Regression analysis information for: cuban_match_declarative-narrow-focus_Emilio-ama-la-marcha
number of formants: 3
number of coefficients: 5
117.1 268.2 216.9
537.4 -42.5 -73.7 -26.7 86.7 -12.9
1662.7 136.3 153.1 -281.3 -117.2 -207.4
2179.4 166.7 295.6 -264.2 -106.7 -111.1
121.3 267.2 219.1
541.4 -45.9 -66.2 -29.2 93.1 -11.5
1684.6 168.4 177.1 -253.3 -109 -229.2
2192.9 168.7 310.6 -263.4 -92.6 -141.6
124.4 264.5 230.5
539 -40.4 -69.8 -20.3 96.4 -14.2
1715.7 185 207.8 -230.4 -103.6 -222.5
2229.4 151.9 277.5 -226.3 -70.1 -172
129.8 207.9 238.3
561.8 -78.9 -50.7 -31.7 98.9 3.8
1816.6 160 265.7 -224.6 -142.3 -139.7
2427.3 21.7 186 -170.8 -90.7 -60.3
136.1 193.2 232.1
569.7 -88.2 -52.2 -24.6 91.8 15.7
1861.3 175 280 -216.7 -149.4 -128.8
2564.1 -18.3 47.9 -144.1 -27.2 -16
132.9 188.8 212.7
570.8 -89.3 -58.6 -20.5 93.3 12.8
1883.5 177.7 283.4 -215.1 -152.3 -134.6
2605.3 -32.4 4.1 -118.9 -18 -36.1
135.6 169.2 186.1
572.8 -90.1 -60.3 -20.3 97.7 8.4
1913.5 204 310 -205.6 -146.8 -135.8
2637.5 -13.9 -4.1 -98.6 -2.4 -51.7
133.9 168.9 184.4
570.2 -85.6 -67 -16.2 99 7
1925 217.1 304.7 -212.2 -152.8 -134.8
2659.7 -20.6 -14.2 -97.9 6.1 -54.8
147.3 189.7 197.7
570.5 -89.7 -64.2 -27.9 112.1 -3.4
1926.3 196.8 293.6 -233.3 -161.6 -146.1
2675.9 -40 -30.7 -114.9 27.7 -64.3
178.9 197.2 225.1
592.5 -130.9 -26.8 -60.9 133 -7.7
1958.2 192.2 341.3 -235.2 -140.2 -147.7
2721.9 -91.6 5.5 -147.3 67.8 -58
191.4 221.3 254.8
608.5 -161.8 -3.2 -76.3 138.1 -0.7
1975 160.8 360.7 -258.5 -134.8 -143.3
2758.6 -146.1 29.8 -173.7 91.3 -47
181.9 221.6 259
596 -137.2 -25.6 -64.8 135.7 -4.5
1959.5 165.3 333.2 -261.7 -137.7 -152.8
2765.8 -136.1 11.7 -182.3 103.3 -61.9
196.4 254.8 274
614.3 -172.5 0 -89 153.2 -11.6
1944.7 86.9 304.6 -317.4 -147.5 -167.9
2784.7 -170 9.5 -208.6 125.7 -77.6
204 254.7 296.4
619.1 -181.9 10.7 -98.3 159.7 -15.8
1950.9 99.3 322.3 -313.5 -140.1 -167.1
2785.8 -143.9 23.4 -221.1 98.2 -76
210 256.6 314.3
625 -189.7 14.6 -102.3 163.1 -14.9
1964.3 103.6 322.6 -318.3 -145.6 -166.3
2824.9 -107.4 15.6 -228.2 76.7 -113.3
217.3 270.6 357.5
638.7 -212.8 35.1 -121 178.3 -25.5
1988.5 88.9 355.8 -338.2 -137.5 -173
2876.2 -38.1 59.3 -278.3 -9.4 -174.6
220.5 260.8 385.7
644.4 -216.7 34.9 -123.1 182.7 -25.7
2001.3 109.4 362.1 -323.9 -139.1 -165.4
2947.8 7.8 47.5 -360.8 -74.2 -198.4
232.3 272.2 406.6
668.2 -256.1 61.7 -131 168.9 6.2
2037.6 103.5 407.5 -318.7 -136.9 -143.2
3026 16.2 75.9 -402.9 -106.3 -189.7
242.2 277.2 411.8
698.8 -308.7 100.6 -150.5 164.7 33.5
2060.8 85.8 430.6 -321.8 -139.4 -124.9
3120.2 18.4 119.7 -438.2 -111.8 -167.3
260.3 283.3 428.5
729.6 -355.6 122.3 -146.4 139 74
2085.7 66 440.5 -319.2 -145.2 -108.3
3223.9 14.9 139.2 -454.6 -123 -117.5
winner is: 8
