Regression analysis information for: cuban_match_declarative-broad-focus_Emilio-ama-la-marcha
number of formants: 3
number of coefficients: 5
117.4 303 246.8
584 -78.1 -82.1 22.2 -25.8 102.8
1599.5 68.7 151.4 -2.2 -197 -53.4
2080.9 146.1 317.3 -58 -234.6 -130.7
125.8 308.7 252.8
581.1 -78 -82.3 1.8 10 70.8
1622 95.9 182.5 14.2 -98.5 -127.7
2145.5 142.3 350.6 -40.1 -153.1 -210
125.9 337.1 349.7
591.8 -86.4 -92.4 3.1 15.6 76.9
1619.9 18.4 99.5 -50.8 -111.6 -131.4
2224.5 108.1 228.3 -95.3 -97.6 -159.8
105.5 247.5 355.5
638 -97.5 -150.6 3.1 47.2 126.9
1756.8 98.5 185.3 -24 -109.1 -94.1
2492.6 145.5 -0.2 -77.1 76.8 11.7
96.5 247 277.3
643.7 -105.8 -151.1 8.1 39.7 127.7
1806.3 99.8 184.7 -80.2 -176.2 -106.7
2631.7 111 -116 -49.8 66.4 11.9
90.1 224.9 182.7
652.4 -112.7 -150.7 9.8 40.8 122.8
1862 149 200.5 -112.2 -235.3 -127.4
2745.1 107.3 -167.7 -89 16.1 37.3
89 199.4 155.2
662.1 -125.8 -144.2 6.5 43.6 116.6
1899.9 181.3 240.7 -106.4 -244.4 -149.9
2800.2 66.6 -141.7 -80.9 14 5
91.9 199.8 166.2
673 -144.9 -126.6 -6.6 55.7 104.7
1915.1 188.6 257.3 -112 -245.8 -158.9
2854.3 15.9 -94.3 -77.2 23.5 32.7
94.5 202.8 177.4
661.1 -127.6 -142.8 9 36.3 123.5
1917.5 194.4 258 -112.9 -258 -161.1
2861 6.3 -118.3 -62.2 -7.4 57.7
103.3 212.1 185.1
648.8 -108.1 -156.1 16.9 29.2 139.2
1924.3 204.6 244.2 -110.4 -254.5 -148.7
2879.6 12.7 -127.5 -54 -4.4 78.7
113.5 235.2 209.1
642.4 -112.6 -142.6 2 38.9 123.6
1933.9 197.1 217.7 -122.4 -225 -149.3
2906.6 -15.3 -130.5 -81.4 28.1 65.3
106.6 243.9 227.1
606.2 -77.2 -143.5 11.9 23.4 102.9
1888 176.5 201.2 -138.2 -249.8 -162.2
2861.9 37.2 -152.8 -46.4 -5.4 69.9
112.6 244.5 228.7
609.6 -97.7 -119.7 9 14 98.6
1888.2 153.9 205.7 -141.1 -251.9 -152.5
2881.1 -5.9 -122.9 -63.1 3.2 73.4
113.5 246.8 234.4
608 -97.8 -118 -0.3 26.6 81.8
1884.2 149.2 204.1 -151.4 -243.5 -168.8
2881.9 -18.4 -114.6 -71.8 18.5 53.9
115.6 243.4 235.7
612.2 -103.8 -109.8 -7.9 37.1 70.8
1896.8 161.9 220.7 -149.1 -236.5 -175.1
2896.4 -38.3 -96.9 -74 24.3 43.1
121.6 267 268
629.5 -115.7 -117.5 -21 62.8 67.6
1922.5 156.9 208.9 -162.9 -214.6 -176.5
2935.6 -27.7 -123.5 -58.6 4.7 41.2
141.7 303.5 302.6
660.3 -150.7 -107.3 -44.5 92.1 73.4
1962.9 125.8 210.5 -192 -193.8 -166.3
3009.8 -75.1 -102.4 -78.8 7 14
159.5 320.1 344.8
690.1 -192.5 -86.6 -64.5 115.4 53
1997.5 99.3 216.4 -208.3 -184.5 -189.7
3090.7 -136.2 -88.6 -72.1 -18.4 -31.4
167.6 325.3 364.1
703.1 -202.5 -95.7 -57.5 114.2 50.8
2011.2 118.3 231.2 -222.2 -189.3 -183.2
3146 -144 -77.7 -65.9 -55.1 -30.4
182.2 337.6 373.7
731.3 -232.7 -97.2 -51.6 105.7 77.3
2049.9 102 248.5 -230.9 -196.2 -173.1
3226.2 -203.5 -42.9 -56.7 -90.7 -15.2
winner is: 7
