Regression analysis information for: cuban_mismatch_declarative-narrow-focus_El-hombre-mira-la-luna
number of formants: 3
number of coefficients: 5
107.4 237.2 245.6
471.8 34.4 -49.9 127.1 7.9 -42.5
1604.1 20.4 35.8 38.1 255.7 111.1
2086.8 -15.5 35.1 111.4 228.3 139.2
116.6 259.9 270.6
477.6 18 -35.9 114.7 23.1 -58.1
1600.6 -68.7 18.1 7.5 168.3 24.5
2137.6 -33.3 64.2 164.6 183.8 93.8
116.1 213.4 260.5
476.5 23.7 -36.1 119.5 20.5 -53.1
1663.6 -19.2 53.2 97 229.2 49.6
2209.4 -45.9 61.8 249.3 192.2 88.1
118.9 159.2 208.7
480.9 24.8 -32.2 120.3 20.6 -61.1
1732.1 53.6 105.3 156.1 245.1 58.1
2346.9 8.4 75.3 274.4 64.6 -26.4
121.2 144.5 170.2
484.6 26.8 -31.1 116 20.6 -67.1
1758.3 58.2 80.3 139.6 261.9 66.6
2404.6 8.1 50.2 245.2 48 -30.8
131 133.4 137.1
496.7 14.4 -14.7 97.1 28.4 -83.1
1783 64.4 64.8 118.3 270.1 72.1
2467.3 27.6 23.7 193.7 48.5 -56.5
138.2 133.8 134.5
503.5 3.9 -2.6 82.7 38.4 -97.5
1793.4 63.1 64.5 112.6 279.7 71.2
2505 17.5 27.1 168 70.6 -67.8
150.2 138 133.3
513.6 -17.5 17.5 62.8 52.9 -110.7
1800.5 59.4 72.3 106.7 287 67.9
2529.9 10.9 27.3 158.7 86.1 -67.6
159.6 150.7 140.1
527.9 -51.2 47.5 33.9 79.2 -131.7
1807 47 94 97.7 297 54.5
2546.3 -8.8 44.1 142.9 97.3 -85.5
166.4 159.9 143.1
536.2 -74.5 67.3 17.6 96 -140.2
1816.4 33.4 104.2 84.1 316.8 47.8
2548.8 -38.3 57.8 122.6 98.8 -108.6
172.8 174.6 163.9
545.1 -100 86.8 4.6 109.7 -140.3
1823.8 12.8 121.4 72 329.8 42.8
2556.1 -79 70.2 91.5 132.5 -127.5
175.8 182.6 177.4
553.1 -120.9 104.1 -8.6 123.7 -145.3
1827.7 0.7 128.5 64.4 337.4 41.6
2563.1 -99.8 92.2 67.4 163 -144.8
179 189.6 171.2
559.7 -134.6 114.7 -13.7 124 -137.6
1831.6 -10.5 135.2 59.9 339 47
2561.7 -104.3 101.9 80 165.6 -113
180.8 189.8 197.7
585.4 -185.1 163.1 -58.5 165.7 -176.2
1848.9 -32.4 150.6 45.4 351.2 41.9
2612.8 -177.8 175.4 30.7 223.1 -137.6
171.5 184.7 223.2
581.1 -175.4 157.3 -56.7 171.2 -194
1858.6 -26.1 144.8 49.8 352.7 39.1
2667.8 -230.5 239.6 -11.9 277.2 -177.1
166.2 187.6 236.2
602.7 -214.4 192.8 -89.3 200.9 -214.9
1881.8 -43.6 163.1 37.6 361.4 34
2733.2 -287.3 304.7 -53.1 339 -203.4
162.2 189.4 253
611.8 -227.9 206.4 -102.2 215.4 -233.1
1901.3 -37.4 160.8 42.2 361.8 28.9
2786.4 -264.1 291.1 -50.5 376.3 -189.4
160.8 197.5 275.8
620.5 -239.4 216.4 -109.8 223.1 -241.2
1922.5 -41.6 166.1 45.7 370.8 21.1
2858.8 -261.7 301.8 -53.3 438.3 -192.3
157.8 199.8 310.4
631.9 -252.5 229.5 -122.9 234.8 -257
1949.3 -48.1 175.8 41.1 363.3 3.5
2979.3 -192.2 316.9 -84.7 440.8 -241
160.5 199.5 335.4
640.3 -263.2 238 -129 239.2 -266.9
1975 -63.3 184.3 36.2 368.5 -14.4
3103.3 -148.8 378 -91.5 479.7 -304
winner is: 6
