Regression analysis information for: cuban_mismatch_declarative-broad-focus_El-hombre-mira-la-luna
number of formants: 3
number of coefficients: 5
94 182.7 235.1
486.9 57.2 -97.1 126.9 -6 -44.1
1654.4 96.4 -64.5 2.4 273.4 185.6
2126.3 91.7 -116.7 208.3 164.8 175.1
85.4 163 242.1
477.3 70 -103.7 139.5 -7.2 -49.5
1675.9 84 -72.3 51.3 277.9 159.1
2161.6 85.7 -150.3 233.6 181.3 169.5
83.8 169.9 238
473.3 69 -102.6 144 -4.4 -52.5
1670.6 80.2 -64.7 92 269.3 132
2192.9 49.5 -192.5 320.6 177.9 76.1
84.1 161.6 212.4
472.3 70.2 -103.9 144 -4.2 -55.4
1696.7 108.7 -71.4 68.5 256.9 131.8
2249.3 57.2 -206.9 323.1 149.1 37.7
83.4 158.5 175
472.4 74.5 -104.9 144.7 -4.6 -58.9
1716.6 127.3 -69.3 65.6 256.3 130.2
2318 84.2 -210.2 313 126.5 24.4
83.9 155.7 158.9
472.4 77.2 -106.3 144.3 -5.4 -61
1728.8 133.4 -76.6 50.1 259.1 143.2
2372.5 105.5 -227.4 281.6 150 14.6
83.9 152.2 150
471.8 79.6 -107.7 144.2 -6.2 -62.8
1738.4 138.4 -77.9 42.7 261 146.7
2409.9 107.1 -241.3 259.4 167.1 4.3
105.4 149.2 157.8
486.3 52.3 -84.8 127.3 0 -60.7
1746.8 140 -76.3 36.4 263.3 152.4
2453.2 81.1 -216.6 220.4 176.1 -6.5
105.4 147.5 162.2
485.2 51 -84.3 125.9 1.3 -61.2
1751.9 142.1 -72.7 30.1 262 153.8
2486.3 60.6 -201.5 186.9 192.8 -14.7
98.4 150.7 164.5
480.8 53.9 -87.6 131.6 -5.3 -62.9
1751.4 136.8 -76.9 32.3 267 154.6
2509 35.7 -194.4 161.2 214.2 -11.4
98.6 154.5 178.8
478.7 56.3 -90.5 128.9 -1.4 -61.3
1748.1 128.5 -75.8 16.2 265.2 158.1
2524.6 8.2 -170.1 115.4 246.7 -17.2
114 165.1 202.7
490.9 30.5 -68.8 109.8 12.5 -66.8
1755.4 98.2 -62.9 -3.1 269.2 158.6
2557.4 -56.9 -121 67.5 280 -23.3
123.2 171.3 209.6
497.8 15.8 -57.3 101.5 16.6 -66.8
1763 78 -54.6 -10.1 269 161.7
2583.4 -109.7 -89.7 46.7 285.2 -20.9
140.4 188.7 221.1
510.3 -8.4 -36.6 84.9 28.2 -73.5
1777.9 51.6 -36.4 -25.9 278.1 155.4
2615.7 -176 -58.5 15.1 291.5 -39.2
157.4 200.9 225
526.9 -40 -8.3 60.7 48.8 -90.2
1799.5 19.1 -10 -38.7 288.2 147.5
2655 -247.9 -23.7 -8.2 306.7 -62.1
161.6 189.8 201.1
524.5 -32.5 -18.1 72.6 38.1 -83.9
1809 26.9 -10.8 -22.8 282.8 148.2
2677.9 -274.8 -28.9 10.7 294.5 -70.3
162 191 198.3
523.2 -26.1 -26.5 83.8 27.2 -75.8
1823.2 44.8 -4.5 -4.8 286.3 143.2
2704.4 -286.9 -37.9 31.4 293.3 -88
164.1 204.2 211.7
528 -32.2 -21 80.9 31.7 -84.8
1851.5 49.4 19.5 6.6 299.2 134.3
2761.1 -331.3 -25.5 38.1 293.5 -93.3
183.9 225.3 268.8
548.9 -68.2 8.6 62.2 42.8 -85.4
1883.5 29.6 49.2 2.5 311.7 136
2864.6 -308.9 59 81.4 348.2 -71.4
201.1 239.4 305.7
567.3 -81.7 17.2 41.8 44.5 -79.9
1911.6 13 61.3 -10.7 313.3 131.4
2994.4 -220.8 119.5 76.8 301.6 -152.9
winner is: 7
