Regression analysis information for: cuban_mismatch_declarative-broad-focus_Mi-tia-odia-la-lluvia
number of formants: 3
number of coefficients: 5
81.3 354.2 180.1
473.9 34.9 -117.2 -24.1 27.6 54.4
1683.8 -68.2 -44.4 -31.3 -89.8 -163
2266.5 123.7 45.7 40.5 -274.8 -95.5
80.6 358.5 169.9
472.4 34.2 -119.5 -25.1 30.1 57.9
1692.8 -73.3 -32.7 -94.9 -138.5 -160.9
2316.1 84.2 3.9 14.4 -269.9 -61
80.6 301.3 181.9
475.1 43 -119.3 -24.1 27.7 55.2
1747.6 17.2 66.5 -81.1 -175.2 -189.7
2397.7 81.4 -31.9 -14.4 -217.2 2.8
77.5 311.6 206.9
473.9 51 -125.7 -20.9 23.8 55.8
1757.4 37 47.4 -72.7 -185.6 -204.7
2450.2 83.8 -106.7 -48.1 -168.1 50.4
79.5 341.7 244.8
472.8 48.8 -130.3 -24.3 22.9 52.9
1728.3 8.6 -56.2 -118.1 -233.4 -295
2471.1 47 -178.6 -72.5 -198.6 16.9
79.6 355.7 233.6
473.1 49.2 -131.3 -22.8 24.3 55
1777.5 16.1 -58.2 -49.8 -150.3 -262.9
2539.9 75.3 -196.7 -24.6 -134.7 21.9
79.9 333.3 230.1
473.3 50.3 -131.9 -22.4 23.9 52.8
1811.5 27 -25.3 -4.7 -127.3 -281.7
2591.3 67.5 -205.7 5 -98.4 -13.2
87.3 272.7 214.2
483.7 36.4 -110.9 -34.6 41.2 39.2
1891.7 88.4 55.3 5.6 -157.8 -309.8
2660.6 47.1 -147.4 17.8 -69.4 -56.1
98.9 252.3 207.9
496.8 10.5 -83.7 -59.2 66.6 14
1935.7 127.2 76.8 -43.8 -194.9 -358.8
2696.6 33.7 -113.4 -12.3 -64.2 -106.8
87.2 240.9 192.8
485.3 32.9 -107.2 -36.9 45.3 32.4
1954.9 167.6 74.5 -61.5 -231.3 -376.5
2718.7 58.8 -120.3 -24.8 -105.1 -127.4
84.8 244.4 187
482.5 37.9 -113.5 -34.5 42.2 34
1957 174.6 79.4 -67 -220.6 -390.3
2746.1 59.1 -115.9 -60.2 -110.7 -149.9
94.8 249 185.1
489.9 24.3 -100.7 -50.2 55.3 22.8
1963.6 164 88.3 -76.8 -207.1 -399.1
2776.6 42.5 -101.5 -93.5 -89.7 -171.2
101.2 250.2 192.2
494.7 12.6 -95.1 -62 65.9 12.9
1965.1 155.2 83.8 -90.6 -208.1 -411.1
2801 41.3 -105.6 -118 -78.6 -185.4
114.9 251.6 216.9
502.5 -3.2 -82.9 -80 80.4 1.1
1975.6 139 93.7 -106.3 -196.2 -427.5
2832.6 24.7 -100.4 -160.5 -61.3 -218.3
121 251.2 238.8
504.5 -6.6 -83.7 -84.6 86 -3
1980.8 129.1 91 -116.7 -196.3 -439.6
2847.8 20.9 -116.8 -173.5 -44.7 -244.4
128.9 248.2 247.1
510.1 -14.2 -81 -94.7 95 -9
1985.1 123.2 83.2 -120.1 -198.9 -451.8
2873.9 25.3 -158.7 -177.9 -45.4 -247.6
144.7 245.2 267.8
524.5 -36.8 -64.5 -119.8 119 -26.7
1998.8 105.1 87.8 -129.7 -197.2 -467.5
2929.3 19.7 -181.1 -207.4 -36.7 -268.6
152.7 245.3 288.9
532.9 -45.3 -62.5 -131.7 130.2 -28.8
2014.7 94 96.6 -127.8 -200.6 -469.9
2989.1 28.8 -196.3 -222.7 -39 -293.4
163.3 247.8 317.3
544.7 -39.6 -61 -143.5 125 -40.8
2030.9 88.3 104 -129.1 -214 -480.6
3050.2 37.1 -195 -237.9 -45.1 -331.3
164.5 255.9 335
546.8 -39.6 -64.7 -145.3 126.8 -37.9
2036.7 77.7 102.6 -123.9 -213.6 -478
3099.7 64.4 -208.1 -233.7 -55.3 -357.5
winner is: 11
