Regression analysis information for: cuban_match_declarative-broad-focus_Manuela-vende-el-carro
number of formants: 3
number of coefficients: 5
95.7 256.1 182.5
558.1 4.5 -21.3 -59.7 -83.9 70.5
1588.8 -85 -154 -60 -5.6 -24.8
2074.2 -144.4 -95.3 -0.8 -59.8 -103.2
92.1 222.3 192.1
560.2 -0.4 -22.7 -62.1 -83.7 66.5
1639 -96 -172.1 -36.1 -45.2 -63.5
2110.1 -186.1 -118.2 -30.9 -79.8 -98.2
93.7 206.1 235.6
556.4 6.3 -26.8 -57.3 -87.5 69.7
1685.6 -95.4 -238.9 35 -27.5 -109.2
2149.3 -132.2 -149.2 -31.6 -32.2 -138
95.4 185.4 215.3
555.6 12.2 -27.9 -55.1 -86 68.7
1712.7 -90.3 -253.7 56.7 -45.4 -117.7
2244 -70.9 -209.8 -42.6 -26.4 -113.4
98.7 155.5 214
557.5 18.7 -29 -50.2 -89.3 72.5
1744.3 -99.9 -277.1 87.2 -26.3 -142.6
2338.9 -11.1 -191.3 1.1 -11.9 -87.5
106 139.5 216.7
556.2 29.5 -32.5 -43.3 -93 76.9
1766.5 -128.8 -256.5 85.6 -44.6 -115.4
2400.4 -18.7 -147.4 36.4 -35.4 -67.6
110.6 130.4 203.4
555.8 36.3 -31.7 -38.3 -96.6 83
1779.8 -142.5 -230.5 88.5 -58.7 -89.1
2435.9 -34.9 -121.7 62.6 -39.5 -33.5
112.4 156.6 217
554.1 42.4 -34.7 -34.7 -97.7 85.4
1764.7 -131.4 -200.1 68 -81.3 -55.7
2442.6 -14.5 -106.4 56.9 -47.3 -29.1
113.7 129 213.3
552.9 45.8 -37.2 -32.4 -98.3 87
1787.9 -139.3 -233.5 90.6 -56.7 -89.3
2462.5 0.9 -115.6 68.9 -44.9 -47.5
115.4 129.7 211.6
552.7 45.5 -36.4 -32.4 -99 90.7
1791.7 -139.9 -230.1 91.1 -59.4 -89.2
2485.1 9.5 -117.3 76.7 -32.4 -61.8
113.9 122.9 217.5
549.8 49.3 -39.9 -31.3 -99.4 90.9
1796.9 -139 -236.9 93.8 -55.3 -100.7
2498 19.8 -112.5 73.2 -27 -76
114.9 122.6 225.3
552.7 43 -45.9 -20.5 -111.8 97.1
1800.8 -142.1 -241.8 97.7 -62.2 -102.5
2514 -1.5 -121 81.9 -42 -87.7
111.7 120.5 223.5
546.9 52.6 -53.6 -18 -111.6 93.8
1802 -135.5 -244.6 98.7 -63.1 -104.3
2527 6.4 -122.5 91.1 -36.8 -99.1
113.4 123.5 216.9
544.4 54.7 -58.2 -15.4 -113.4 94.7
1803.3 -134.6 -252.3 103.9 -68 -99.5
2525.8 0 -147.8 115.8 -39.2 -82.7
121 127 231.2
552.4 46.2 -60.7 -3.5 -130.1 101.2
1811.5 -137.4 -256.6 112.9 -76.4 -92.3
2559.3 12.6 -168.1 152.4 -103.6 -87.4
126.8 128.1 246.1
561.5 35.5 -64 10.8 -147.1 109.4
1821.3 -147.3 -253.2 107.6 -71.6 -94
2589.8 -23.8 -166 169.4 -107.3 -83.7
127.7 131.2 240.4
564 36 -65.6 11.1 -150.8 111.1
1831.6 -144.4 -255.2 101 -78 -91.2
2628.4 2.6 -164.7 145.7 -157.2 -102.1
129 135 248.5
565.3 39.5 -68.1 9.8 -151.1 112
1843.9 -142 -259.4 96.4 -77.3 -84.9
2673.5 -1.3 -157.3 120.3 -148 -119.7
136.2 141 274.6
574.4 29.6 -59 -2.7 -142 105.6
1858.9 -146.4 -256.1 86 -69.1 -82.4
2734 -25.8 -152.4 80.8 -142 -151.2
144.5 144.4 320.7
582.9 26.3 -60.5 -10.8 -138.4 111.2
1874.7 -145.9 -250 83.9 -63.2 -68
2809.9 -8.5 -199.2 42.8 -126.4 -133.4
winner is: 7
