Regression analysis information for: cuban_mismatch_declarative-broad-focus_El-bebe-comia-muy-bien
number of formants: 3
number of coefficients: 5
68.9 338.5 179.7
429.8 128.1 -101 62.1 -38.5 6.8
1590.6 72.3 -62.5 295.7 -82.3 96.1
2150.3 -32.6 17.9 112.5 -32.2 122.6
67.7 333.5 190.1
431.2 127.3 -102 59.9 -39 8.9
1656.7 110.6 -56.7 281.2 -114.6 128.6
2212.8 3.9 29.4 100.6 -52.8 105.1
67.7 338 218.7
431 127.7 -98.8 58.9 -44.5 5.3
1715.4 99.3 -11 247.2 -115.5 101.9
2290.2 -4 92 74.3 -41.5 46.5
66.1 325.8 236.1
432.4 131.8 -97.8 53.6 -48.7 6.2
1744 134.9 21.4 244.9 -97.4 126.9
2360.4 9.8 68.1 47 -63.7 94.5
67.7 333.9 235.9
433 136.5 -97.2 48.3 -52.7 4.4
1748.4 175.3 10.3 226.6 -87.1 127.6
2409 29 9.3 20.7 -95.1 116.3
68.3 319.3 234.4
435.2 140.4 -100.2 44.1 -53.7 1.8
1783 153.4 23.3 218.5 -83.9 140.1
2463.9 1.6 7.1 -7.2 -111.1 144.1
69.9 274.9 242.7
434.7 143.1 -100.3 40.5 -54.2 -0.2
1845.1 56 118.8 160.4 -76.3 169.1
2558.9 -114.1 86 -67.6 -110.4 176
70.3 256.5 215.1
433.7 144.2 -104.2 37.6 -52.6 -5
1865.9 -50.3 131.8 86.6 -77.9 148.1
2623.4 -208.1 138.8 -115.4 -87.2 171.9
68.8 239.2 201.7
431.3 145.1 -104 39.4 -47.8 -7.5
1883.1 -45 143.9 104.1 -75 142.3
2659.7 -248.4 142.1 -119.5 -87.9 173.3
68.9 244.3 197.7
429.4 145.2 -104.3 38.6 -47.1 -9.3
1881.4 -63.8 139.5 93.5 -74.1 139.9
2691.4 -283.2 151.9 -138.3 -79.4 181
68.6 234.3 205
428 146.9 -102.8 38.8 -46.1 -11.1
1893.9 -41.4 169.8 121.1 -50.4 149.2
2707.8 -305.7 172.8 -134.7 -69.8 173.8
68.9 227.6 210
426.2 148.1 -101.1 37.5 -46.6 -11.3
1905.6 -43 173.7 137.2 -34.2 139.6
2734.2 -313.2 174.2 -134.1 -58.3 175.6
67.6 236.3 226.9
424.6 148.5 -102.1 39.4 -44.2 -15.2
1898.8 -62.8 137 138.4 -41.6 115.6
2730.5 -298.1 124.8 -115.3 -71.3 169.6
67 228.7 217
424.1 148.8 -101.9 40.3 -43.1 -17
1910 -67 150.9 143.3 -30 105.5
2784.9 -362.6 158.9 -128.4 -19.9 109.1
68.3 223.8 222.8
424.6 151.4 -102.4 38.5 -43.6 -18.1
1918.8 -65.5 163.8 142.4 -22.6 102
2805.1 -371.6 180.3 -136.8 0.6 96.4
69.7 228.5 238.4
424.1 152.5 -102.3 37.7 -43.7 -17.9
1923.5 -41 160.2 148 -3.6 87.1
2841.6 -367.1 130.3 -119.1 43.4 42.5
73.8 217.8 241.7
434.2 154.4 -116.7 38.8 -37.5 -26.9
1959.3 -36 168.5 136 4.5 92.5
2927.2 -400.1 154.2 -148.6 62.5 52.8
72.7 212.5 262.1
433.4 157.7 -114.8 33.5 -42.1 -24.4
1976.9 -37.8 172.9 114 -6.1 95.1
2974 -384.5 134.6 -150.6 63.3 57.4
90 220.2 292.6
451.5 169 -131.3 22.1 -50.4 -38.7
2005.6 -22.9 157.9 83.6 -9.1 90.1
3056.6 -350.4 101.4 -194.8 66.3 45.5
91.9 219.8 300.8
451.2 169.6 -131.3 20.7 -50.2 -35
2019 -20.4 160.5 73.1 -5 90.2
3116.1 -340.2 100 -222.6 69.4 50.4
winner is: 12
