Regression analysis information for: cuban_mismatch_declarative-narrow-focus_Mi-madre-come-la-fruta
number of formants: 3
number of coefficients: 5
123.9 298.6 233.1
541.2 -47.5 -30.5 -59.2 -73.4 -70.9
1508.1 -108.1 25.1 -110 -84.9 154.1
2195.9 -138.6 172.3 17.8 34.6 214.2
123.4 306.3 239.4
543.9 -40 -26.1 -42.9 -67.3 -57.7
1539.7 -71.1 58.4 -25.2 -44.3 178.7
2231.3 -116.6 191.7 103.8 72 240.4
123.3 291.1 219.5
546.8 -41.7 -28.4 -38.6 -66.7 -64.6
1553 -94.4 62 29 -56 126.4
2259.1 -166 184.2 197.8 68.6 133.2
123.6 284.9 215.5
551 -39.5 -39 -39.9 -57.3 -70.3
1610.7 -103.2 29.2 -6.5 -27.9 124
2349.9 -173.4 130.8 144.5 109 67.1
123.4 268.1 220
557.6 -38.7 -44.1 -47.4 -46.2 -74.9
1647.7 -105.5 25.9 -32.5 -26.7 117.6
2429.3 -135 102 53.1 67.5 48.5
124.4 262.6 203.2
561.9 -39.5 -49.9 -51.8 -43.5 -77
1674.8 -100.9 10.3 -60.1 -18.2 122.6
2540 -34.5 32.6 -89.3 -6.3 83.5
131 253.2 177.9
564.6 -43.8 -47 -53.5 -48.2 -74.3
1699.6 -64.4 -0.8 -64 -9.2 116.5
2584.3 4.9 22.6 -102.1 7.4 85.1
132.8 242.8 175.5
566.5 -40.3 -53 -43.3 -61.6 -68.3
1746.5 -20.2 46 -45.2 -39.9 85.5
2620.9 14.9 32.9 -80.6 -17.4 79.7
136.9 244.9 193.9
569.9 -47.5 -48.8 -45.3 -66.5 -64.8
1762.2 -13.4 54.5 -36.6 -38.6 85
2650.3 34.8 43.7 -54.8 14.8 102.5
135.1 244.6 199.1
564 -38.4 -57.5 -30.7 -85 -51.4
1781.1 5.6 63.9 -30.9 -57.6 66.8
2677.4 49.9 54.3 -36.8 19.5 108
138.9 258.9 215.4
563.3 -38.8 -62.5 -21 -95.7 -43.7
1782.7 7.4 66.6 -22.1 -57.5 71.8
2695.8 49.1 68.5 -9.5 14.3 125.2
142 261.4 260.8
565.7 -42.5 -69.5 -14.5 -99.2 -39.9
1783.2 37.9 51.1 10.4 -50.7 78.5
2748.6 25 78.7 69.7 -9.1 174.5
145.1 261.9 264
569.6 -49.6 -64.2 -17.2 -94.4 -40.2
1779.4 69 41.7 33.5 -41.2 78.8
2759.5 33.2 85 87.7 14.9 174.8
144.9 258.7 284.6
569.1 -50.9 -64.5 -19.4 -92.3 -41.6
1790.8 56.1 46.4 31.5 -37.9 83.8
2788.5 -1.8 91.5 100.3 9 182.9
147.5 256.2 311.7
572.6 -53.6 -70 -18.6 -88.3 -42.1
1803.7 43.3 42.3 29 -24.4 86.7
2819.4 -34.6 83.1 99.5 26.7 183.6
153.4 245.7 362.4
584.4 -63.3 -80.5 -16.2 -77.3 -48.2
1819.4 21.5 18.1 31.5 -10.5 89.4
2878.3 -82.2 47.5 130.9 40.4 180.7
156.2 231.1 410
588.7 -67.2 -86.9 -7.5 -84.2 -49.9
1824.6 -10.9 1.9 25.4 -12.5 95.6
2935.7 -145.5 46.6 193.2 -14 188
161.7 216.8 460.8
600.3 -81.9 -82.4 -16.5 -73.3 -55.6
1870 -66.4 9.2 5.9 9.1 99.6
3025.7 -238 60.3 190.5 18.9 169.2
160.6 215.8 462.5
602.7 -81.6 -89.1 -13.5 -74.8 -56.5
1882.9 -78.2 -1.4 4.6 8 103.5
3101.4 -290.1 39.3 218.7 42.4 157.2
167.2 223.2 484.8
616.2 -100.5 -80 -25.8 -58.5 -78.3
1909.7 -112.6 6.7 -9.7 21.9 94.6
3165.1 -336.5 25.4 230.5 75.2 102.4
winner is: 8
