Regression analysis information for: cuban_match_declarative-narrow-focus_Daniel-iba-a-Bolivia
number of formants: 3
number of coefficients: 5
100.6 213.1 138.9
469.3 106.9 -12.7 35.6 40.3 54.3
1813.6 22.4 154.3 -71.1 -498.8 139.1
2258.6 54 93.5 -4.6 -467.9 62.9
101.8 269.3 161
470.2 107.4 -12.1 34.7 45.5 50.5
1766.1 -13.3 73.5 -176.1 -519.1 21.9
2286.4 74.3 111.4 -23.8 -469.3 58.7
98.3 230.8 174.8
468.6 111.6 -22.9 40.6 45.3 52.3
1823.1 -120.4 47.9 -111.8 -597.7 64.4
2341.8 17 65.1 21.3 -463.7 7.3
103.5 229.8 220.8
468.7 111.7 -31.6 41.8 46.2 49.6
1868.7 -73.6 72.1 -85 -581.2 73.8
2470 24.8 -109.2 60.4 -296.6 -28.5
100.9 196 169.5
473.6 119.2 -31.1 48.5 54.2 51.9
1945.5 44.4 161.6 -5.5 -495.2 134.7
2603.3 126.5 -170.3 80.4 -131.4 76.3
98.2 182.4 149.2
474.8 124.5 -32.4 50.6 58.6 48.1
1972.3 58.2 171.9 21.5 -490.8 129.3
2656.1 147.7 -170.4 99.5 -102.2 110
108.3 155.3 150.6
485.7 107.6 -15.1 38.4 70.2 40.8
2005.3 78.1 210.5 19 -487.2 111.1
2695.9 126.1 -145.4 93 -95.5 90.3
119.9 153.8 179.7
502.4 76.1 17.9 10.7 92.5 25
2024.7 65.1 235.6 17.1 -476.8 90.6
2753.8 57.6 -95.9 62.5 -66.4 59.1
126 157.6 185.1
523.1 34 60.5 -27.5 125.1 -3.2
2033.7 46.2 255.6 -1.3 -463.5 79.5
2792.9 0.6 -50.1 18.3 -28.2 30.4
133 168.2 196.8
539.6 -1.4 95.3 -59.1 151 -25.8
2048 23.3 278.5 -17.8 -454.2 66.5
2824.3 -54.7 8.7 -32.5 17.8 1.2
140.4 178.4 201
552.3 -30.3 122.7 -85.6 172.1 -44.7
2062.5 3.5 295.6 -26.2 -450.4 51.4
2852.8 -101.6 57.6 -76.5 58.5 -31.3
139.9 183.5 216.3
542.5 -15.6 108 -75.7 163.4 -42.3
2068.3 2.7 296.7 -24.4 -457.4 46.6
2876.2 -137.5 75 -85.1 71.7 -60.7
141.2 186.3 238.1
537.6 -12 101.1 -74.9 165 -49.1
2068.6 4.9 297.9 -38.2 -453.5 42.4
2895.6 -161.2 63.7 -81.6 65.5 -85
137.2 188 241.3
528.3 3.9 84.7 -64.2 159.6 -51.8
2065.4 12.1 289.5 -51.8 -457.1 46.6
2887.9 -146 17.3 -71.3 48.6 -104.2
148.2 202.1 246.2
546.6 -35 118.4 -97 183.6 -66.2
2078.1 -16.6 300.9 -65.9 -444.6 25.5
2922.8 -179.4 35.9 -127.2 71.5 -131.3
151.5 203.8 262
559.6 -60.9 142.1 -118.6 199.8 -77
2091.8 -31.3 312.8 -79.1 -444.1 18.3
2977.6 -226.5 54.6 -164.3 62 -147.2
154.8 204.3 286
566.1 -66.6 137.3 -112 203.8 -93.7
2102.5 -34 310.4 -94.3 -450.2 33.7
3038.3 -254.4 43 -175.7 33.2 -141.9
166.9 217.5 297.7
594.6 -104.6 145.8 -115.7 223.7 -120.9
2122.6 -55.3 316.1 -86.7 -444.1 -2.9
3123.7 -293.7 45.6 -195.3 46.5 -193.6
166.7 228.6 303
608.3 -120.5 149.2 -120 239.4 -140
2138.3 -71.6 331.3 -101.8 -432.5 -14.1
3199 -317.4 65.8 -227.6 59.3 -229.5
163.1 231.1 303.4
618.6 -129.7 150.6 -125 252.6 -145.3
2145.1 -66.4 352.4 -119 -430.5 -2.3
3263.9 -311.5 86.1 -254.2 56.2 -235.5
winner is: 7
