Regression analysis information for: cuban_mismatch_interrogative-total-yn_Mi-madre-come-la-fruta
number of formants: 3
number of coefficients: 5
98.6 236.4 244.3
559.5 -49.9 -55.9 -7.2 -106.9 -32
1591 -29 27.9 -109.2 -162.6 -1.3
2094.7 -55.9 85.4 -73.4 -67.2 73.9
102.4 226.8 261.7
561.1 -50 -56.8 -4.1 -111.9 -28.1
1628.2 0.7 40.2 -58 -167.2 42.5
2161.6 -47.2 109.2 -12.8 -65.4 66.5
106.5 231.2 297.1
564.7 -53.9 -61.1 -3.7 -116.4 -29.9
1633 -25.7 17.4 -83 -187.3 28.4
2223.1 -72.7 67.7 -71.8 -70.4 -2.2
110.3 218.6 277.4
571.6 -55.1 -65.7 -1.5 -118 -28.4
1661.5 -16.2 5.3 -61.9 -173.2 41
2306.8 -19.2 48.4 -71.3 -114.7 -63.8
115.9 206.4 230.4
581.2 -61.2 -68.3 0.5 -122.2 -26.1
1689.5 -21.1 1.9 -60.7 -157.6 44.5
2407.5 -25.5 50.2 -76.2 -142.3 -99.9
122 187.6 191.1
588.7 -63 -74.8 7.3 -130.1 -20
1722.5 -25.9 21.8 -68.4 -116.7 47.4
2479.2 -43.7 96.4 -72.2 -111.2 -86.2
129.1 173.7 175.6
597.2 -68.8 -78.2 8.8 -132.8 -16.7
1737.6 -34.2 31.8 -68.1 -102.8 51.1
2529.3 -83.1 107.1 -66.5 -119.3 -61.4
139.8 174.5 176.4
602.5 -77.6 -72.2 15.6 -152 -2.1
1743 -35.9 36.3 -63.6 -106.7 59.6
2560.3 -82 126.7 -56.1 -133.6 -37.1
145.7 177.1 179.7
608.3 -82.3 -75.8 20.6 -158.2 5.7
1750 -40.9 36.3 -59.2 -113.1 66.2
2597.9 -108 131.1 -44.1 -155.4 -20.3
148.4 182.2 188.7
608.1 -83.7 -73.9 23.4 -166.4 8.4
1752.3 -38.4 45.7 -55.4 -126.6 61.1
2618.9 -109.7 146.9 -34.1 -179.3 -24.9
153.5 188.7 201.7
610.9 -87.8 -74.3 28.3 -174.3 15.2
1754.8 -40.1 51 -51.8 -139 64.5
2635.9 -123.6 163.5 -22.4 -198.6 -20.1
155.9 197.6 219.4
614.6 -94.4 -70.5 26.8 -175.6 15.5
1757.9 -46.6 57.3 -55 -149.1 61.6
2648.2 -130.9 169.4 -17.5 -214 -20.3
159 196.5 233.7
618 -96.9 -72.8 27.5 -175.2 17.2
1766.5 -44.8 41.7 -49.3 -149.4 71.2
2675.9 -155 160.2 11.5 -248.4 2
162.1 198.8 241.9
624.2 -105.9 -68.2 25.4 -175.4 17
1774.3 -49.1 38.8 -52.9 -146.8 69.7
2693.7 -165.6 153.2 16.2 -258.7 1.3
165.5 198.6 247.8
628.8 -109.5 -69.4 28.7 -180.1 19.3
1783.8 -48.9 41.3 -47.6 -151.3 68.5
2722.8 -180.5 149.7 24.6 -277.9 9
169 198.2 256.5
633.8 -110.8 -72.8 32.3 -183.6 19
1803.1 -48.7 37.3 -41.2 -151.3 75.1
2769 -203.6 147.3 42.8 -314.8 32
173.5 198 266.6
643.4 -120.3 -71.3 36.4 -193.1 26
1816.7 -50.9 40.5 -35.3 -152 76.7
2815.9 -224.7 142.7 55.7 -338.1 28.3
180.5 196.8 274.4
653.8 -129.2 -73.5 46.8 -209.7 36.8
1829.4 -46.9 37.1 -27 -151 84.7
2861.7 -248.2 148.3 61.9 -362.7 17.7
185.8 201.6 318.3
661.6 -129.2 -84.4 51.6 -206.4 30.6
1849.2 -50.3 37 -24.4 -133.1 83.9
2947.6 -276.1 81.9 64.3 -313.4 3.5
192.1 197.7 341.9
667.1 -129 -90.1 58.2 -212.5 27
1870.9 -49 23 -20.1 -107.9 93.2
3010.6 -307.7 69.8 66.2 -292.2 -19.2
winner is: 7
