Regression analysis information for: cuban_match_interrogative-partial-wh_Por-que-abre-el-regalo
number of formants: 3
number of coefficients: 5
60.9 212.7 199.6
547.4 0.3 -80.4 -4.4 -87.5 153.4
1612.3 -48.2 -301 -4.5 -193.8 -12.5
2129.5 -18.8 -217.8 -52.5 -191.7 -134.5
60.1 195.3 204.1
546.4 3.4 -81.9 -3.6 -85.4 153.5
1654.2 -7.2 -277.3 -52.9 -209.9 -57.3
2182.6 14.9 -221.9 -81.5 -128.7 -92.1
59.9 187.9 206
545.8 6.5 -82 -1.2 -85.1 154.8
1678.9 7.5 -279.7 -23.1 -215.9 -74
2225.4 90.9 -204.6 -24.4 -44.2 -83.7
59.2 156.9 198.6
547.5 5.9 -80.8 1.8 -84.4 153.8
1724.2 0.1 -260.7 -0.4 -217.3 -109.5
2296.1 74.4 -193.6 78.9 -60 -47.6
60.1 152.5 182.8
549 7.2 -80.3 4.5 -85.3 154.3
1741.3 11.9 -252.7 2.7 -215.2 -137.5
2329.3 75.8 -168.2 105.7 -54.8 -47
63.6 126.5 151.8
553 12.5 -76.1 8.8 -84.5 155.3
1776.2 7.8 -222.7 7 -217.3 -152.5
2389.8 70.5 -113.4 127.4 -72.7 -38.7
65.7 121.6 149.8
554.8 15.3 -74.9 11.5 -83.5 158.4
1786.2 -2.7 -217.1 1.6 -214.2 -156.5
2415.6 40 -92.1 110.7 -51.4 -51.9
66.3 118.9 141.9
555.9 19.5 -75.2 13.4 -84.5 159.7
1789.9 3.1 -218.1 3.7 -218 -158.2
2439.1 43 -79.7 107.4 -47.1 -67.4
66.1 118.6 140.8
554.7 16.6 -78.3 10.5 -84.9 160.7
1792.9 1.4 -220.3 -2 -222 -162.5
2456.2 27.6 -74.2 96.2 -43.1 -75.2
65.3 121.7 143
553.6 18.7 -81.9 9.9 -86.3 161.9
1797.1 10.1 -222.5 -8.5 -230.8 -173.8
2463 21.4 -83.5 82.6 -47.7 -89.5
68.1 123.1 152.7
558 27 -80.1 6.2 -92.7 153.4
1805.4 30 -224.5 -6 -248 -181.9
2481.3 47 -89 82.4 -73.7 -99.3
66.6 125.9 165.9
557 27.1 -85.5 -0.9 -98.6 149.7
1808.8 39.6 -232.5 -10.9 -258.6 -191.7
2499.3 73.5 -99 64.4 -99.2 -124.9
74.8 124.6 185.5
564.5 34.6 -87.5 -0.1 -102.9 140
1828.4 57.4 -229.2 -15.1 -273.7 -217.4
2533.4 93.9 -87.5 47.1 -105.1 -156.2
87.8 128.4 204.2
576 41.3 -96.1 4.2 -108.3 124.3
1848.6 61.2 -228 -20.1 -276.4 -244.2
2578.2 79.7 -58.7 11 -82.5 -192
100.3 121.1 232.4
586.7 40.7 -105.6 7.3 -106.2 116.1
1868.6 64.6 -219.1 -29.1 -280.3 -262.8
2645.6 55.8 -6.2 -56.9 -55 -245.7
108.3 118.1 248.2
593.2 31.8 -119.5 6 -94 125.9
1880.3 58.8 -220.2 -30.2 -272.5 -261.4
2706.1 28.1 21.5 -115.6 -17.6 -251.3
127.5 121.2 300.5
606.7 24.6 -139 -2.9 -85 130.6
1896.4 52.4 -219.4 -38.8 -260.2 -261.8
2787.7 81.2 -38.9 -207.9 -5.7 -157.3
163.7 143 351.4
639.7 38.3 -111.7 -17.6 -59.9 132.1
1931.1 38.1 -181.9 -62.6 -229 -283
2882.9 140.9 -8.1 -261.9 30.8 -117.4
176.6 145.7 387.5
654.2 52.3 -117.7 -20.7 -51.3 151.9
1950.9 41.3 -187.9 -61 -219.8 -275.9
2962.9 196 2.2 -289.3 83.4 -55.1
168.8 117.8 387
653.4 82.3 -155.1 -9.8 -74.6 182.1
1944.3 81.8 -225.5 -14 -262.9 -245.9
3008.6 276.9 -61.5 -292.4 83.3 33.6
winner is: 9
