Regression analysis information for: cuban_mismatch_interrogative-total-yn_Mi-tia-odia-la-lluvia
number of formants: 3
number of coefficients: 5
71.1 262.1 173.8
476.4 -3.8 -102.2 -38.9 26.2 23.6
1655 133.9 -122.3 30.4 -128.8 -309.2
2313.9 120.9 106.7 18.1 -212.3 -60.4
71.9 247.1 176
479.1 -12.5 -97.9 -43.3 27.5 28.8
1697 52.5 -69 -21.1 -130.1 -274.4
2369.4 91.7 71.9 13.3 -193.9 -84.8
72.1 305.2 243.1
474.7 -4.8 -106.4 -41.1 25.3 28.4
1682.9 131.1 -130.2 -30.3 -93 -311.2
2368.4 160.9 1.7 -31.3 -122.9 -134.4
72.1 297.4 243.9
475.7 -1.8 -107.2 -39.2 26 32.9
1748.2 159.4 -89.3 -26.3 -37.8 -293.4
2413.4 169.9 -15.9 -66 -70.9 -108.9
75.8 313.6 237.7
476.4 -5.5 -107.3 -45.5 30.5 26.8
1779.2 180.2 -78.5 4.3 -23.2 -268.1
2479 157.6 -78.3 -67.3 -18.3 -101.7
71.7 337.9 212.8
475.4 -3.6 -113.2 -41.5 24.2 34.5
1733.6 41.8 -183.9 -49.4 -78.5 -229.5
2532.9 105.2 -143.4 -20.8 -77.2 -70.4
84.3 313.4 193
483.8 -21.5 -98.1 -60 41.1 15.9
1713.5 -5.6 -243.9 -84.7 -121.5 -255.8
2572.8 67.6 -136.9 -12.1 -90.8 -73.4
95.2 293.2 177.8
503.4 -57 -62.5 -92.8 71.7 -12.4
1817 -52.6 -112.9 -130.8 -126.3 -290.9
2641.5 17.9 -81.3 -26.1 -91.2 -89.4
98.1 282.7 177
506.5 -63 -57.2 -99 75.7 -18.2
1850.1 -61.4 -79.7 -154.1 -144.8 -317.5
2686.4 14.5 -61.5 -34.8 -128.1 -130.8
113 273.1 202.6
520.9 -88.4 -29.3 -125.2 101.1 -44
1945.2 67.6 69.2 -85.1 -86.1 -333.5
2758.9 42.2 33.9 -45.2 -94.5 -190.9
113.9 274.2 214.8
521.2 -87.1 -29.5 -125.7 101.5 -45.2
1975.8 128.9 111.3 -58.8 -71.8 -343.5
2785.1 54.3 60.8 -48 -94.9 -209.2
114.3 275.5 211.4
522.5 -87.4 -27.4 -128.4 104.5 -47.8
1987.7 176 125.8 -50.3 -67.5 -357.6
2803 76.3 77 -61.1 -85.3 -218.3
113.8 284.1 219.7
519.5 -81.2 -35 -123.9 101.9 -45.1
1992.2 187 130.2 -67.1 -54.5 -377.5
2814.3 83.4 84 -104.3 -50.4 -249.5
114.1 284.5 216.8
521.2 -82.4 -35.6 -126.4 103 -44.9
2006.1 195.6 136.2 -66.5 -51.6 -370.7
2831.5 98.6 47.7 -89.9 -74.9 -237.1
123.8 281.3 228
528.7 -93.7 -26.8 -141.1 114.5 -54.5
2025.1 213.9 147.8 -66.4 -34 -366.6
2878.5 71.1 50.2 -121.7 -30.7 -283.8
129.2 272.8 240.4
533 -96.6 -27.9 -149.6 118.2 -55.8
2024.1 214.4 115.2 -91.9 -37.1 -387
2921.5 24.9 8.6 -147.1 -14.3 -340.7
136 259.9 253.4
539.7 -99.9 -28.6 -158.8 123.5 -55.8
2055.7 238.1 107.8 -101.7 -28.7 -353.6
2972.5 3.1 -26.3 -123.8 -23 -377.2
143.2 262 298.3
546 -103.5 -29.4 -167.4 128.5 -55.8
2094.5 261.3 65 -145.2 -24.5 -310.3
3091.9 19 -134 -206 -17.4 -330.1
160.6 248.2 328.6
564.1 -100.5 -18.7 -185.7 126.7 -75.9
2123.8 287.8 19.4 -176 -26.8 -283.3
3228.2 27.2 -226.5 -296.2 -16.1 -316.3
167.1 248.3 335
571 -103.9 -15.9 -192.9 130.7 -80
2143 295.4 18.7 -174.2 -38.1 -278.8
3306 45.8 -267 -322.5 -45.7 -335.4
winner is: 2
