Regression analysis information for: cuban_match_declarative-broad-focus_David-leia-el-libro
number of formants: 3
number of coefficients: 5
67.2 234.2 205.6
444 110.6 14.9 52.8 45.8 56.2
1877.7 128.4 -512.9 74.4 -72.2 149.6
2388.6 -64.1 -457.5 30.6 -144.9 37.1
68.7 207.7 190.7
448.6 110.2 25.4 49.7 49.3 51
1913.7 145.6 -465.1 48.4 -61.1 102.1
2445.2 -77.9 -378.8 -24.8 -100 -32.7
68.3 198.3 171.1
449.7 111.7 31 48.5 49.3 49.6
1939.2 154.1 -461.4 55.6 -64 109.3
2496.6 -38.3 -323 -5 -69.8 -31.4
68.8 171.6 111.5
450.3 115.4 36.7 48 49.3 49.2
1989.6 156.2 -434.5 31.8 -53.6 78.4
2596.9 35.8 -190.6 13.5 -18.7 -77.2
70.4 182.5 112.8
449.1 120 39.6 47.5 49.9 48.8
2006.4 177.4 -454.9 37.4 -64.6 66.8
2612.8 44.3 -197.9 29.9 -35.8 -83
71.5 189.5 116.8
447.6 121.7 41.9 46 51.8 48.8
2025.2 169.1 -474.2 37.4 -60.7 69.3
2627.5 25.6 -198.8 37.9 -39.3 -73.1
71.9 196 122.3
446.4 123.8 44.1 43.9 53.5 47.4
2043.5 157.5 -480.6 34.3 -65.4 71.4
2656.3 -10.2 -181.6 28.6 -36.7 -78.3
71.9 204.1 135.5
444.9 125.3 44.7 42.2 55.1 46.8
2038.6 168 -455.9 7.1 -79.1 75.4
2684 -46 -166.4 39.4 -59 -79.2
71 209.2 144.2
442.1 125.9 43 40.5 56.7 47.1
2048.3 170.9 -443.3 -6.3 -100.8 72.5
2706.3 -64.5 -148.2 43.3 -93.9 -81.5
69.2 216.7 154.3
438.6 126.5 38.8 40.4 56.7 49
2050.4 184.4 -436.3 -41.5 -88.2 75
2730.7 -74.2 -129.1 25.5 -105.5 -98.4
67.2 221.5 188.8
435.6 130 34.1 42.5 54.9 50.5
2077.9 173 -462.9 -19.2 -106.9 67.1
2758.7 -76.3 -141.2 23.3 -115.8 -117.4
66.6 227 221.2
434 131.8 31.4 43.4 54.2 51.3
2093.3 170.3 -484.4 -3.6 -113.8 49.8
2775 -44.3 -197 43.4 -129 -118.3
66.4 229.9 239.1
432.9 131.6 29.7 42.8 54.8 51.6
2098.8 169.7 -490.9 -9.1 -110 43
2792.5 -49.4 -212.4 20.1 -102.3 -110.2
66.9 230.2 251.3
433 132.6 30 42.1 55.7 50.8
2110 169 -496.2 -9.9 -108.1 30.3
2833.6 -63.6 -207.3 -11.8 -75.6 -111.4
67.6 231.8 267
432.9 132.8 29.6 41.4 56.7 50.2
2125.7 157.3 -514.2 10.9 -107.6 10.6
2884.3 -79.2 -220.4 -34 -73.8 -120.6
68.3 229.1 284.1
433.7 133.7 29.4 41.2 57 49.5
2139.5 155.7 -524.1 18.3 -104.6 -5.1
2949 -78 -257.2 -33.1 -74.8 -139.4
69.2 225.8 295.8
437.7 141.1 35.6 47.8 63.8 55.8
2154.3 155.7 -530.2 24 -95.2 -15.6
3008.7 -65.8 -286 -47.5 -56.7 -138
69.5 223.3 303.3
438.5 143.3 35.4 48.9 64 56.4
2167.4 155.3 -536.5 28.7 -91 -25.2
3067.1 -48.3 -315.3 -64.5 -47 -133.3
70.1 222.2 309.9
439.3 145.3 35.4 49.8 64.3 57.2
2178.2 153.5 -535.8 29 -89.7 -29.7
3121.7 -28 -331.2 -85.6 -32.4 -126.1
69.7 220.1 316.2
437.7 142.4 31 45.9 59.5 53.4
2184.5 149 -534.1 22.7 -92.5 -32.8
3166.8 -5.8 -328.2 -115.5 -16.2 -109
winner is: 4
