Regression analysis information for: cuban_match_declarative-broad-focus_Marta-abre-el-regalo
number of formants: 3
number of coefficients: 5
91.1 221.6 214
603.4 29.2 10.3 -85.9 -69.1 71.7
1644.1 -66.8 -241.7 113.4 -134.5 11.5
2074.5 -166.2 -116.1 160.9 -148.8 -177
91.8 231.1 224.2
602.7 33.4 11.4 -83.5 -69.4 74.5
1595.1 -49.9 -215.7 96.2 -114.4 102.7
2037.4 -103.7 -81.7 156.9 -149.2 -116.1
91 208 235.8
605.3 33.2 14.3 -85.1 -67.1 74.3
1611.6 -35.2 -176.8 75.2 -58.9 84.5
2097.7 -66.4 -32 134.6 -47.8 -89
90.3 148.9 213.8
611.3 28.1 19.6 -91.9 -60.9 67.9
1711.4 -103.4 -205.6 117.9 -81.6 4.3
2256.2 -104.9 -46.9 84.7 21.6 -76.4
90.5 114.5 181.4
614.9 32.5 19.5 -91.4 -61 68.4
1771.8 -74.3 -183.6 133.6 -123.9 -57.7
2415.3 -39 -85.1 35.4 -7.3 -21
90.2 99.7 143.9
618 33.8 20.4 -93.7 -60.9 67.7
1795.3 -58.5 -164.2 132.5 -129.1 -86.9
2492.7 -16.1 -84.1 26.8 -26.5 -25
90.3 85.6 126.8
618.7 36.7 19.3 -94.3 -62.8 68.7
1811.5 -40.5 -158.8 131.6 -145.8 -112.6
2534.1 20.3 -70 24.4 -50.6 -80.5
90.3 83.6 119.7
618 39.8 17.4 -93.4 -65.2 71
1815.1 -37.4 -158.9 130.7 -149.7 -116
2557.9 37.4 -61.9 17.5 -58.3 -102.9
91.6 84.2 126
614.8 45.8 12 -89 -70.8 76.6
1816.3 -35.3 -160.9 131 -153.7 -116.7
2575.8 55.5 -55.3 16.2 -66.7 -118.8
91.9 85.5 132.4
613.6 47.7 11 -88 -72.4 77.7
1816.4 -33.4 -162.4 131.6 -157 -116.7
2580.4 68.3 -58.5 19.8 -74 -119.5
91.9 87.4 136.2
612.3 48.3 10.3 -87.4 -72.7 78.6
1814.3 -33.9 -165.7 132.9 -158.6 -114.7
2575.4 69.7 -65.6 26.6 -79 -111.1
91.9 88.7 141.2
611.4 48.6 10.2 -86.9 -72.6 79.2
1812.3 -35.2 -168.5 134.9 -158 -112.6
2569.4 71.6 -72.8 38.5 -79.8 -104.8
91.2 86.7 147
611 49 10.8 -87.4 -72.9 79.4
1813.3 -34.3 -168.4 136.1 -157.4 -114.4
2572.9 77.8 -69.4 44.3 -79 -114.7
90.8 84.8 149.8
611.1 49.6 11.6 -87.9 -73.3 79.5
1815.9 -32.8 -168.1 136.5 -157.8 -117.4
2581.8 85.3 -67 45.4 -80.2 -129.5
96.9 84.7 159.2
616.8 47.5 4.6 -80.8 -69 70.1
1823.4 -32.1 -169.1 141.3 -154.3 -124.4
2607.5 95.4 -64 53.8 -68.3 -155.1
100.5 85.7 163.4
620.2 45.1 -0.1 -77.5 -66.7 65.5
1831.2 -32 -171.1 144 -152.3 -130
2635.9 101.3 -68.7 48.4 -59.2 -177.3
110.5 85.4 178.5
632.9 50.6 -7.2 -74.9 -69.9 46.7
1844.9 -23.1 -168 143.3 -156.7 -138.3
2685.3 128 -62.9 41 -53.5 -204.9
117.4 86.5 182.1
639.5 52.9 -10.4 -75.4 -72.8 39.9
1857.1 -19.1 -167.6 143.8 -159.4 -142.8
2733.2 142.5 -74.8 24.1 -42.7 -228.8
125.5 88.4 197
647.2 51.9 -17.9 -72.8 -71.4 32.5
1871.2 -19.9 -169.4 150.2 -155.8 -146.5
2791.4 143.4 -86 -0.6 -12.4 -246.8
127.7 91.4 224.8
652.4 57.2 -15.3 -68.7 -67.9 42.6
1884.9 -18.8 -165.2 154.7 -156.9 -141.7
2867.2 173 -71.4 -18.8 33.4 -236.7
winner is: 8
