Regression analysis information for: cuban_mismatch_interrogative-total-yn_El-bebe-comia-muy-bien
number of formants: 3
number of coefficients: 5
82.7 279.3 179.8
455.5 83.7 -39.8 51.9 -45.3 30.2
1639.9 65.2 36.6 276.3 -131.2 107.3
2200.1 16.4 86 166.6 46.9 123.4
85.5 308.5 179.4
454.9 88.1 -37.8 44.8 -43.5 33.2
1653.7 101.1 77.7 214.2 -108.6 92.8
2248.7 -6.6 83.2 160.9 28.5 131.9
85.1 349.6 220.2
451.4 94.4 -37.2 37.9 -40.4 34.1
1645.5 154.9 105.7 148 -96.5 80.9
2263.3 28.8 111 111.4 -10.8 140.1
86 375 230
450.5 94.9 -34.6 33 -46.2 36.6
1652.2 182.5 140.9 86.1 -55 68.6
2291.3 83.6 134.8 38.2 -47.1 114.4
85.2 342.5 212.5
451.2 95.7 -32.6 28.6 -48.6 39.3
1725 102.2 181.8 99.3 -98.4 78.4
2374.2 68 156.2 -13.4 -67.7 76.2
86.5 312.3 193.8
453.4 93.9 -34.8 28.2 -52.9 38.7
1766.2 71.9 173.6 146 -109.1 61.4
2450.4 22.3 96 21.2 -50.2 34.9
88.4 280.6 178
457.4 91.5 -38.7 27.6 -56.9 38.7
1823 28.4 147.5 173.7 -128.8 76.6
2507.9 -19.4 67.7 29.6 -49.6 30.6
90.3 278.8 170
462.3 84.9 -48.8 36.3 -56.4 27.6
1851.6 -19.7 89.6 204.9 -138.7 35.9
2548.6 -50.5 35.1 52.1 -30.1 -9.8
88.1 269.4 158.5
460.1 87.8 -44.4 31 -58 34.7
1862.1 -35.2 73.5 194.2 -138.1 22.4
2569.8 -65.6 9.2 44.4 -17.9 -17.3
85.9 265.6 153.1
459.6 88.5 -46.3 31.4 -56.9 32.7
1868.2 -44.7 75.2 195.8 -132.5 16.4
2585.8 -75.6 -9.5 55.5 -5.3 -20.2
88.5 272.9 145.7
459.6 90.5 -49.6 30.6 -57.1 29.9
1871.5 -49.7 61.3 198.4 -135.2 24.3
2607 -83.3 -22.5 58.6 4.5 -23.8
87.1 274.6 156.7
453.4 98.1 -44.3 18.9 -57.8 40.1
1884.1 -41.4 92.3 190.7 -111.9 43.4
2615.4 -81.8 14.2 28.4 21.8 -0.8
86 258.3 160.7
449.8 102.1 -41.6 17 -57.7 39.3
1914.9 -0.5 138.5 213 -83.5 48.3
2633 -90.2 58.3 7.4 51.6 -16.3
84.6 262.5 163.7
448.8 103.3 -43.3 16.4 -54.4 38.6
1910.3 -6.2 133 203.2 -75.1 49.8
2642.8 -81.5 70.5 -4.9 75.2 -8
86.5 262.3 156.8
445.7 104.6 -39.6 14.8 -56 38.7
1902.4 -10.5 137.7 189.6 -76.5 35.9
2640.4 -71.2 109.1 -21.4 72.5 -10.2
90.3 260.5 177.5
450 111.5 -41.8 4.7 -62.3 38.2
1912.3 4.4 145.6 174.2 -70 38.9
2660.9 -54.9 128.6 -42 81.3 -19.3
98.4 258.6 183.8
456 117.4 -47.1 -5.6 -68.4 39.4
1924.9 -1.1 123.3 155.8 -74.1 41.2
2685.1 -51.4 94.4 -59.9 76.4 -33.7
109.3 263.4 207.3
464.1 116.1 -56.2 2.4 -70 23
1944.9 -12 116 161.3 -72.8 22.5
2731.3 -69.9 58.1 -54.4 87.7 -89.5
154 270.7 300.5
498.3 154.1 -80.9 -63.3 -117.6 33.8
1983.7 8.3 113.1 128 -87.7 40.5
2834.5 -13.9 7.4 -136.9 62.8 -91.9
162.5 261.5 340.6
507.7 170.3 -86.6 -94.3 -129 53
2008.5 33.3 136.1 91.7 -85.7 95.4
2901.9 35.6 -2.1 -173.3 76.2 -68.7
winner is: 10
