Regression analysis information for: cuban_match_declarative-narrow-focus_Marta-abre-el-regalo
number of formants: 3
number of coefficients: 5
81.9 177.2 219.6
535.6 118.2 -98.9 115.5 -129.5 -7.4
1615.9 148.7 -374.5 129 19.5 -56.4
2155.4 8.6 -229.5 98 -74.3 -79.2
82.2 162.9 238.8
535.9 120.5 -95.6 110.4 -133.2 -8.7
1648.1 134.4 -341 97.2 -14.1 -44
2174.7 25.5 -180.9 73.1 -70.5 -44.9
82.3 162.1 246.5
537.6 127.4 -92.2 112 -132.5 -11.4
1643 190.6 -319.7 37.8 16.2 -35.9
2201.5 158.5 -82 9.6 -28.5 33.4
81.8 129.3 221.6
542.6 133.6 -88 110.6 -136.4 -14.2
1706.2 175 -337.8 58.8 -25.1 -68.7
2306.7 229.1 -75 11.6 -30 27.9
83.4 110.1 172.4
543.9 134.8 -89.5 112.8 -136 -15.9
1740.3 134.3 -318.9 60.4 -43.1 -69.7
2412.9 174.5 -135.7 69.4 -48.1 -14
83.2 105.1 167.6
545.7 134.2 -90.4 115.3 -137.1 -15.2
1749.9 129.5 -313 56.1 -48.5 -71.3
2444.4 177.3 -151.1 66.6 -54.1 -32.6
84 101.6 160.7
545.3 134.6 -92.9 117.1 -136.6 -15.4
1760.9 116.3 -302.3 43.8 -43.7 -79.7
2468.1 179.1 -146.4 48.2 -57.1 -48.7
86.8 102.1 161.5
548.6 126 -88.5 114 -134.5 -11.8
1773 94.2 -288.9 30.9 -36.8 -86.3
2495 144.5 -131.2 27.3 -48.3 -44.3
99.7 109 176.8
561 94.1 -68.4 100.3 -125 -2
1789.5 66.1 -268.1 15 -29 -86.1
2535.9 89.2 -93.2 -5.2 -33.2 -35.8
111.5 106.8 181.9
567.2 75.5 -56.2 89.8 -112.7 -1.8
1803.2 42.5 -247.2 -5.9 -11.5 -97.8
2580.3 18.7 -27.7 -67.5 12.6 -66.6
106.8 103.5 179.6
563.1 81.7 -61.5 91.1 -110.2 -5
1805.5 41.1 -245.8 -10.4 -4.8 -104.3
2596.2 -1.1 -9.1 -91.6 35 -82.6
103.6 99.7 175.4
558.6 85.3 -66.7 93 -107.1 -3.5
1806.8 42.7 -244.3 -14.5 3.6 -109.2
2594.3 14.1 -17.5 -98.4 45.6 -93.7
111.5 99.7 186.7
562.9 73.8 -59.8 87.7 -104 1.4
1811.9 37.3 -236.6 -19.6 14.3 -108.6
2612.4 -16.1 7 -131 71.1 -107.6
103.8 93.9 183.3
556.5 86.3 -69.8 92.1 -105.3 -2.8
1809 39.7 -242.5 -26.5 17 -121.4
2625.4 -33.6 25.3 -161.3 98.2 -134.6
109 97.6 192.2
558.4 79.8 -68.4 86.3 -107 -4.3
1819.2 31.7 -228.6 -35.4 26.6 -123.9
2656.6 -49.7 68.6 -178.4 131.2 -134
108.8 100.6 195.7
564.1 99 -58.5 102.2 -96.6 8.3
1831.5 45.7 -210.5 -25.3 43.4 -114
2686.2 -11.8 108.3 -150.6 170.9 -104.2
121.7 114.7 217.5
582.4 99.3 -27 101.4 -71.3 10.2
1859.1 35.7 -169.6 -37.3 71.2 -118.3
2754.3 -48.1 208 -190.3 247 -122.6
121.1 108.6 219.8
584.3 99.4 -29.4 102.4 -80.6 17.2
1869 37.5 -166.9 -34.1 59.7 -103.4
2789.2 -67.7 236.5 -208.1 251.6 -111.5
130.4 118.9 240.1
602.1 98.8 -2.5 102.3 -64 26.7
1896.4 29.9 -134 -40.3 76.7 -99.7
2847.9 -80.3 302.4 -219.6 293.6 -92.3
138.9 130.7 267
617.5 95.8 13.8 98.5 -62.5 38.8
1915.4 12.3 -113.4 -46.8 80.1 -100.3
2901.5 -105.1 349.7 -239.7 314 -75.3
winner is: 7
