Regression analysis information for: cuban_mismatch_interrogative-total-yn_La-nina-lava-el-plato
number of formants: 3
number of coefficients: 5
91.2 176 223.9
577.8 -19.9 -22 2.7 9.5 -11.6
1693.8 257.7 -207.7 -111.2 -201.2 115
2167.2 285.1 -23.6 -83.7 -7.2 162.2
92 133.5 236.5
586.8 -26.1 -13.8 2.5 12.1 -8.6
1750.3 287.5 -154.6 -100.3 -208.8 112
2264.9 304.8 -44.9 -39.2 56.4 135.2
93.1 136.1 241.3
589 -30.7 -15.3 4.6 15.6 -10.7
1773.9 291.9 -144.6 -96.1 -194.1 119.7
2372.7 318.7 -69.3 46.2 76 92.6
94.7 128.8 222.6
589.1 -27 -20.3 7.7 17.1 -16.2
1798.7 310.8 -118.6 -98.9 -181.4 98.8
2442.9 345.6 -68.6 125.1 73.1 91.9
95.3 124.2 226
596.3 -38.4 -12.9 3.1 20.9 -18.5
1829.3 299 -91.9 -131.6 -176.7 71.3
2513.8 296.1 -24.8 91.1 73.5 49.4
97 121.7 207.1
600.6 -44.9 -8.2 0.4 22.9 -20.7
1847.6 287.1 -81.1 -153.4 -171.7 68.8
2578 289 25.7 35.4 74.2 14.1
96.7 116.3 188.1
606.2 -53.9 -0.8 -4.7 25.1 -22.1
1866 269.8 -65.3 -177.2 -166.1 62.3
2647.2 274 74.5 -20.2 66 9.9
97.2 117 193.9
607.8 -56.1 0.5 -4.8 24.3 -21.8
1878.4 263.6 -58.8 -194.1 -166.3 56.3
2687.4 273 84 -54.8 64.5 27.7
98.5 120.6 201.9
608.1 -57.2 0.5 -4.2 23.8 -20.9
1875.3 262.2 -57.7 -183.7 -167.4 57.8
2731.2 264 105.9 -92.8 56.1 42.7
99.5 124.4 209.3
607.9 -58.7 -0.1 -3.1 24.2 -19.6
1868.7 264.6 -61.8 -167 -170.9 63.5
2759 282.3 105.1 -114.2 33.7 54
100.3 122.8 206.3
607.7 -61 -0.7 -2.4 25.8 -18.2
1868 260.6 -59.3 -162.2 -170.5 63.3
2785.6 288.1 110.1 -126.7 10.4 77.3
100.6 121.2 215.8
607 -62.5 -2.1 -2.1 28.4 -16.5
1869.8 261.9 -63.1 -162.1 -176.6 68.3
2804.3 291.3 106.9 -141.2 -13.1 93.9
102.3 127.5 222.7
605.2 -61.4 -3.4 -4.1 33.2 -17.3
1868.8 264.1 -67.1 -159.3 -180.4 68.7
2808.1 277.1 108.8 -150.8 -9.1 89.7
110.9 131.3 248.7
614.6 -72.3 -8.8 11.8 16.2 -9
1881.9 248.2 -64.8 -165.3 -183.9 64.8
2858.9 243.5 114 -189.6 -49.3 84.8
113.2 128.4 269.9
618.4 -74.6 -10.9 13.9 15.2 -9.4
1894.8 245 -66.4 -179.2 -181.2 65.7
2900.1 247.6 113 -251.6 -42.8 84.7
115.8 130.9 277.4
623.5 -77.4 -13.3 17 13.1 -8.6
1902.7 233.8 -55.8 -180.3 -171.1 52.2
2939.4 241.2 125 -267.2 -44.7 81.1
117.1 123.1 289.5
626 -75.7 -16.4 16.4 15.9 -10.2
1929 230.1 -54.7 -218.3 -159.7 51.2
3017.4 248 131.8 -382.4 -10.2 67.2
121.4 126.8 279
628.6 -74 -18.5 14.4 19.6 -10.5
1937.2 228.6 -51.4 -219.1 -155.6 49.1
3067.6 235.9 155.3 -420.1 16 62.8
135.6 135 280.9
629.8 -72.7 -15.4 10.7 16.6 -0.8
1944.3 226.1 -41.5 -221.7 -156.9 52.5
3113.4 230.7 183.9 -454.3 36.5 56
200.5 166.1 360.1
704 -91.6 -145.2 66.1 105.3 -73.6
2024.2 205.9 -172 -159.4 -57.4 -27.4
3289.2 194.4 -36.7 -368.1 232.9 -100.1
winner is: 7
