Regression analysis information for: cuban_match_declarative-narrow-focus_Manuela-vende-el-carro
number of formants: 3
number of coefficients: 5
89.1 244.6 211.1
502.7 70.1 -107.4 83.8 -160.5 16.6
1574.5 65.2 -327.4 33.1 81.9 -42.7
2035.3 -82.1 -269 64.2 46.9 -24.8
87.7 240.7 234.1
503.2 72 -102.9 83.3 -160.1 15.1
1587.3 81.4 -288.2 -20.5 125.9 -56.1
2092.1 -43.7 -203.4 38.5 103.8 -4.6
86.5 213.1 234
507.5 63 -97.3 83.1 -170.6 24.2
1661.7 15.9 -303.8 5.9 65.5 -31.7
2199.1 -31.4 -244.8 -12.2 13.7 -10.7
88 172.6 184.9
508.3 68.9 -93.8 80.5 -169.1 20.2
1704.8 -10.1 -335.5 56.2 60.4 -69.9
2283.8 -15 -283.2 10.5 -5.4 -19.1
85.9 141.1 150.7
515.4 62.9 -90.5 85.1 -179 26.7
1748.1 -45.7 -315.3 64.7 27.3 -65.7
2355.6 -30.1 -245.7 -16.5 6.9 -37.2
87.7 137.7 152.4
515 67.1 -90.9 84.5 -179.4 25.2
1758.2 -47.1 -313.8 67.2 7.8 -63.9
2391.6 7.4 -221 1.4 -4.4 -44.8
88.6 131.7 152.6
516.6 66.6 -89.1 83.3 -180 25.4
1772 -54.8 -310.6 65 -8.7 -72.6
2426.8 0.1 -195.5 -3.9 -3.5 -72.6
89.9 132.7 156
514.4 75.5 -89.7 84.8 -177.3 21.7
1778.7 -50.2 -299.4 66.1 -11.5 -72.6
2442.2 32.7 -166.2 5.6 -7.9 -76.7
90.5 129.1 159.6
513.7 77.8 -89.3 84.3 -176 19.7
1786.5 -54.3 -301.8 59.7 -0.9 -77.1
2470.3 14.3 -148.5 -12.7 22.8 -96.1
91.3 131 164.8
512 80.9 -89.7 84.1 -173.9 17.3
1791 -58 -295.4 54.7 3.9 -80.2
2484.6 -2.5 -135.8 -32.6 49 -113.6
91.5 134.2 170.8
510.1 83.6 -90.7 83.2 -172.1 15.3
1791.9 -57.5 -290.5 48.4 10.8 -84.8
2487.9 -3 -119.2 -48.1 62.9 -128.3
90.9 136.3 171.5
508.9 84.8 -92.5 82.9 -171.2 14.5
1795.1 -59.9 -288 44.1 17.6 -90.8
2500.4 -10.7 -115.3 -62.4 88.2 -145
90.5 139.4 173.3
507.9 86.7 -94.4 83 -170.6 13.8
1794.3 -51.9 -290.2 43.4 25.6 -98
2505.5 -11.5 -109.2 -73.9 107.3 -159.7
94.5 141.3 180.8
511.8 78.7 -89.3 77.6 -166.8 12.1
1800 -60.5 -287.2 38.8 35.5 -103.2
2528.1 -59.8 -67.6 -109.5 134.9 -180.3
96.9 142.7 187.7
514.6 75.4 -87.6 75.9 -165.8 10.9
1808.1 -60.6 -289.6 45.7 39.7 -108.2
2550.4 -75.5 -67.3 -114.6 150.1 -180.9
112.7 149.2 198.2
527.7 52.5 -69.9 62 -159.1 9.4
1824.9 -77.9 -282.8 43.5 47.4 -117.1
2575.8 -105.3 -53 -131.8 167.3 -200.8
127.1 154.7 210
538.3 34.9 -57 51.9 -155.1 7.5
1850.8 -107.5 -268.8 38.3 51.7 -122.9
2610.8 -135.1 -55 -148.7 193.7 -217.6
143.3 153.2 226.8
553.9 8.3 -37.5 37.9 -153.5 12.1
1879.7 -135.8 -262.6 50.5 36.5 -124.1
2659.4 -188.4 -29.1 -181.4 214.5 -221.1
153.5 160.9 263
558.5 2.2 -35.2 36.9 -151.4 -0.2
1912.6 -166.3 -241.4 30.7 49.4 -136.3
2749.7 -284.7 -1.6 -214.7 230.6 -219
164.3 175.1 358
570.2 3.8 -53.6 25.2 -145.8 8.5
1937.7 -168.6 -246.5 11.2 62.3 -137.9
2892.4 -396.2 -67.2 -161.7 155.4 -169.4
winner is: 7
