Regression analysis information for: cuban_match_interrogative-partial-wh_Cuando-vendia-el-carro
number of formants: 3
number of coefficients: 5
94.4 234.8 189.8
518.2 2.7 -9.2 136.2 -105.6 71.2
1622.9 -86.4 -324.8 65.8 -30.3 45
2154.7 -58.5 -314.7 7.2 -24.7 125.3
100.6 218.7 203.8
516.1 -7.3 -5.1 130.1 -98.2 70.5
1632.9 -118.6 -316.3 17.5 -19.8 76.4
2206.2 -62.8 -296.9 -70.3 -55.5 132.5
110.6 211 229.8
527.1 -24.9 13.8 119.7 -97.4 79.1
1664.1 -136.1 -313.4 9.8 7.1 57.3
2247.1 -62.7 -274.3 -155.5 -41.4 130.3
118.4 207.9 255.4
533.7 -25.4 22.5 116.4 -96.4 82.5
1695.9 -115 -317.1 -10.9 2 51.4
2318 7.3 -231.8 -165.9 -45 75.5
131.9 180.5 246.2
549.6 -30.8 30.6 110.4 -78.5 58.2
1744 -89.9 -332.4 -41.2 0.9 62.6
2429.6 74.7 -159.4 -214.2 -61.1 6.5
149.6 168.5 244.2
567.2 -45.8 37.8 104.1 -60 33.3
1780.5 -87.8 -355.5 -79.4 17.3 85.5
2517.7 115.5 -106.5 -229.6 -70.9 -29.5
179.9 184.8 263.8
597.9 -88.3 59.3 105.3 -69.5 54.8
1793.1 -114.9 -341.3 -50.5 1.9 57.6
2590 83 -77.1 -212.7 -84.7 -14.1
180.1 195.8 257.8
594 -81.4 62.3 107.6 -77.4 67.2
1762.7 -121.6 -279 -18 -55.9 23
2614.7 89.6 -41.1 -179.3 -109.5 -12.7
184.8 178.6 270.1
594.8 -85 63.9 108.4 -73.9 65
1798.9 -115.5 -334.9 -42.5 -5.5 63.3
2648.2 104.3 -31.6 -171.4 -92.6 -0.9
211.3 179.5 299
615.7 -122.3 78.3 112.1 -83.9 86.9
1826.2 -111.3 -375 -61.4 20.8 98
2698 89.8 -23.9 -164.7 -100.6 38
225.2 174.6 307.6
628.7 -151.9 93.9 114.8 -93.3 107.1
1836.7 -109.7 -383.8 -73.8 27.9 113.4
2731.1 100.8 -19.1 -181.1 -91.6 70.3
226.7 171.2 300.7
626.6 -152.2 86.8 121.4 -97 112.5
1836 -107.5 -383.3 -78.8 40.9 98.7
2739.5 107.7 -5.3 -207.2 -58.3 41.8
219.4 168.3 278
619.9 -144.3 80.2 127.8 -95.9 105.8
1840.4 -106.6 -393.3 -75 44.4 98.8
2742.1 102.6 -17.6 -211.8 -54.8 53
222.9 181.5 286.8
636.6 -178.2 113.4 98.4 -63.1 72.9
1855.9 -141.2 -366.6 -87.8 77.3 59.7
2782 -9.4 77.9 -240.4 -20.7 2.2
235 178.8 286.5
644.7 -191.4 120.6 102.7 -70.6 81.4
1867.4 -148.8 -366.3 -87.6 74.4 65.9
2824 22.8 102.7 -191.9 9.1 20.6
223.5 181.4 293.1
643.2 -188.8 124.9 94 -52.6 56.7
1885.6 -164.9 -355.5 -98.6 84.1 65
2915 12.9 142 -189.3 62.7 45.6
225.2 189.4 292.2
665 -224.7 153 70.6 -23 25.4
1915.6 -212.3 -320.1 -129 113.2 35.3
3033 -65 203 -239.6 186.5 1.9
229 196.5 304.6
683.8 -253.6 171.6 57.9 -6.8 9.4
1944.7 -251.2 -287.8 -145.9 134.9 16.8
3125.7 -97.3 229.2 -268.5 278.8 -8.9
231.8 201.8 327.6
685.7 -255 175.6 52.9 3.5 -4.5
1963.5 -276.3 -262.8 -158.6 155.7 -10.1
3200.2 -76.6 231.3 -276.7 366.3 -0.1
241.9 222.3 345.9
697.7 -267.6 176.3 61.6 -3.1 -0.7
1986.3 -312.2 -243.2 -157.8 149.3 -11.3
3242 -89.9 201.8 -302.9 383.1 -26.4
winner is: 1
