Regression analysis information for: cuban_match_interrogative-total-yn_Manuela-vende-el-carro
number of formants: 3
number of coefficients: 5
72.4 202.3 222.6
588.3 37 -1.3 88.5 -119.1 60.8
1658.4 116.1 -368.1 160.7 -6.2 55.7
2068 -7 -316.9 143 46.2 -33.3
67 185.1 260.5
595.9 37.5 4.2 93.3 -124.6 67.8
1704.5 150.9 -339.7 157.5 -42.6 34.5
2176.7 139.8 -234 152.5 26.2 -55.7
68.6 171 235.8
599.5 41.6 10.8 94.6 -123.3 66.9
1737 114.6 -319.9 141.9 -43.2 24.2
2267.8 206.2 -155 131.4 38.7 -26.9
71.7 142.2 172.2
604.1 40.5 17.9 94.5 -120.4 64
1773.4 65.1 -301.3 134.8 -17 -8.3
2366.7 215 -117.4 118.5 68.3 13.5
75.1 130.9 139.9
606.5 39.9 21.3 95 -119.9 63
1793.4 48 -306 138.5 -4 -26.1
2442.2 176.6 -137.2 138.5 32.9 3.9
76.8 129.3 130.6
607.7 39.7 22.4 95.4 -120.1 64.4
1802.8 45.3 -314.4 141.9 5.7 -33.9
2474.6 163.3 -143.4 163.8 36.4 -6.4
77.3 126.3 124.8
607.6 40.4 21.8 97.9 -122.3 65.9
1811.8 40.8 -317.3 143.7 3.7 -29.8
2496.6 161.7 -145.2 179.1 37.3 -5
76.7 125 127.8
606.7 42.8 19.9 101.6 -125.3 68.2
1818.1 40.9 -322.2 144.2 4.3 -24.5
2511.6 174.7 -165 204.3 29 12.3
77 130 127.6
605 45.4 20 104 -128.4 70.9
1818.2 50 -335.9 159.4 -7.3 -13.3
2518.3 203.3 -193.3 228 19.7 41.8
77.4 131.2 126.7
603.4 49 20 105.5 -129.9 72.6
1819.4 53.9 -340.4 166.8 -12 -10.3
2526.8 213.8 -197.3 246.7 10.2 58.9
82.1 131.9 128.6
603.7 51.4 17.3 108.6 -127.1 66.2
1813.7 67.6 -345.5 162.6 3.5 -29.1
2537.9 219.8 -198.4 258.2 14.7 61.7
88.5 133.1 137.9
607 47.6 20.4 107.2 -123.3 59.5
1816.5 65.2 -340.2 153.7 14.6 -41
2548.9 217.7 -193.3 254.5 28.5 54.3
106.1 131.2 149.4
618.6 44.3 -5.5 137.1 -122.2 31.2
1812 78.3 -349 157.1 19.3 -51.1
2567.3 218.5 -206.7 277.1 51.6 14.7
98.2 133.3 170
614.2 43.3 16.3 115.4 -120.7 44.9
1818.2 67.3 -335.7 145.6 23.3 -52.8
2591.8 166 -131.2 205 101 -14.9
102.4 132.2 216
620.2 38.5 13.7 121.1 -120.4 38
1828.8 54.2 -328.4 144.5 20 -52.2
2651.1 66.3 -36.6 134.5 168.7 -86.7
109.2 129 232.8
627.1 31.2 13.5 121.9 -116.7 27.3
1849.2 24.7 -308.2 130.8 24.7 -59.1
2696.4 -6 24.5 78.2 217.6 -152.1
120 131.5 244.8
637.1 23.4 6.3 131.2 -114.1 12.8
1862.5 12.5 -305.3 129 18.9 -59.4
2736.4 -47.1 39 70.7 224.7 -179.9
125.9 135.2 259.1
641.4 21.7 0.9 139.8 -115 10.7
1871.7 14.4 -312 134.2 7.7 -54.8
2776.1 -65.9 45.4 79.2 209.4 -181.7
136.5 142.7 277.9
657.2 40.6 1.9 121.3 -142.4 -6.3
1888.8 14.7 -311.9 122.4 -2.5 -63
2832 -78 67.3 49.8 178.5 -196.3
150.4 153.3 310.8
669.8 49.4 6.3 104.8 -154.4 -16
1911.2 1.7 -302.8 101.3 1.4 -75
2903.3 -93.3 101.6 17.8 161.5 -211.2
winner is: 7
