Regression analysis information for: cuban_match_interrogative-partial-wh_Cuando-bebia-el-vino
number of formants: 3
number of coefficients: 5
70.7 221.9 197.6
468.5 96.2 57.1 45.4 4.9 -0.1
1670.3 -325.2 -188.6 130.6 -247.5 20.6
2180.7 -218.6 -84.7 202 -21 94.1
71.9 195.9 200.5
470 93 60.2 45.4 10.2 -2.4
1716.7 -369.5 -206 145.9 -207.4 -30.9
2236.1 -204.2 -84.6 206.2 -28.7 96.1
74.2 203.4 198.3
469.5 96.7 60.4 47.9 13 -1.8
1721.1 -367.6 -216.2 160.4 -197.7 -20.4
2268.7 -186.8 -80.8 210.2 -52.6 118.6
73.4 184.5 205.1
471.3 94.2 64.7 42.4 17.9 -7.8
1745.4 -417 -190.3 120 -137.3 -53.5
2318.6 -199.4 -44.9 160.5 -41 97.1
73.6 188.2 204.3
470.8 99.1 64.9 42.4 18.3 -9
1754.2 -412.4 -199.3 117.7 -131.6 -57.9
2349.1 -172.3 -55.5 148.6 -49.3 106.2
74.2 206.4 216.7
468.5 107.7 61.6 45.6 15.2 -8.6
1751.7 -393.2 -204.8 103.6 -111 -84.5
2381.3 -146.7 -40.3 147.7 -56.2 92.7
72.9 201.8 233.1
466.2 115.8 58.4 47.8 12.5 -9
1783.4 -408.1 -235.2 112.6 -106.2 -58.2
2416.2 -132.6 -29.6 151.9 -64.6 73.5
71.8 210 244.1
464.4 123.3 56 50.1 11.4 -8.1
1796.7 -390.4 -251.2 125.6 -113.7 -50.5
2481.4 -52.7 -16.3 152.6 -118.4 24.9
69.4 210.1 228.7
464.7 132.4 54.8 52.1 8.2 -9.4
1809.3 -374.8 -252.2 133.3 -122.3 -50
2537.3 29.6 -17 167.4 -145.7 12.1
67.9 208.4 234.3
465.6 136.2 55.2 51.3 7.7 -12
1822.6 -383.8 -246.9 137 -119.8 -50.4
2593.3 74.1 -2.5 155.1 -206.9 -47.3
68.1 206.2 229.9
465.6 139.4 54.6 52.3 7.3 -12.3
1829.1 -387.2 -247.4 142.1 -124.6 -46
2623.7 109.9 7.4 180.9 -205.8 -40.4
68.2 204.3 229.1
465.7 139.1 55.8 52.3 10.2 -12.2
1830.1 -372.6 -240 147.9 -116.7 -38.9
2657.3 181.5 64.8 214.6 -148.8 -9.7
69.4 197.2 226.3
464.7 139.8 55.1 54.2 11.6 -9.5
1830.5 -375.8 -236.3 141.3 -112.7 -46.2
2713.7 250.6 128.6 245 -98.6 -6.2
70.5 191.7 222.7
465.1 140.7 56.2 55.1 13 -8.7
1841.9 -386.7 -226.8 127.8 -125.9 -53.1
2763.9 239.3 179.5 221.7 -81 -34.9
72.1 191.7 201.5
465.8 143.9 57.4 56.7 12.9 -8.2
1844.2 -381 -229.2 130 -135.5 -55.3
2820.2 293.2 215.1 242.6 -110.4 -62.3
73.9 187.6 191.7
466.9 147.5 59.1 57.9 12.9 -7.5
1854.1 -393.7 -221.8 120.9 -126.6 -65.6
2869.4 308.5 268 240.2 -97.4 -77.4
80.9 194.2 188.2
471.4 148.8 55.8 66 10.8 -12.9
1860.4 -396.8 -235.5 127.1 -128 -74.4
2898.6 277.4 254.9 227.7 -94.1 -112.2
86.7 196.5 187
476.8 149.3 52.9 74.5 10.2 -19
1872.8 -402.8 -235.5 130 -118.7 -83.9
2944.2 256.2 263.8 224.9 -69.8 -142.4
84 194.7 182.3
475.6 154.4 59.9 69 12.8 -13.4
1876 -400.6 -230 127.1 -116.2 -79.4
2994 258.5 284.7 222.3 -21.6 -155.9
101.5 203.3 191.7
488.9 147.7 63.2 78.8 20.9 -28.5
1891.6 -418.2 -227.4 122.3 -102.5 -93.2
3057.1 218.4 301.9 212.1 50.9 -204.6
winner is: 16
