Regression analysis information for: cuban_mismatch_declarative-narrow-focus_Mi-novio-viene-del-lago
number of formants: 3
number of coefficients: 5
71.8 254.1 265.6
512.4 -61.5 13.8 -24.2 -62.2 -28.2
1651.6 173 -233.3 304.4 -145.2 -179
2228.8 10.7 -194.2 211 -143.7 -13.7
72.5 247 247
514.3 -65.7 25.4 -32.3 -59.3 -20
1678.6 191.8 -174.5 303.5 -109.5 -134.4
2334.4 -39.1 -175 182.9 -116.6 -61.8
71.9 258.2 221.8
513.4 -65.6 25.2 -35.4 -55.8 -23
1693.2 192 -171.1 281.5 -82.8 -125.1
2430.3 -40 -151.9 30.6 -77.5 -53.8
71.7 246.1 194.3
513.9 -65.8 26.8 -37.1 -53.4 -22.4
1731.5 176.1 -169.3 300.5 -70.3 -115.5
2491.1 -75.5 -109.9 -1.1 -53.9 -61.8
73 228.9 135.1
516.6 -70.9 28.6 -37.2 -55.9 -17.6
1761.2 160.3 -154 317.7 -80.4 -83.1
2558.1 -97.5 -79.1 42.9 -64.9 -46.2
74.3 221.6 91.6
517.3 -73 28.7 -36.9 -57.2 -15.2
1776.4 157.8 -153.8 329 -81.6 -76.7
2610.5 -98.6 -83.2 104.2 -88.1 -66.6
74.8 221.4 91.3
516.7 -73.8 28.3 -37.6 -58 -14
1781 158.1 -157.7 328.4 -83.4 -75.3
2630.1 -85.8 -81.4 104.2 -97.2 -88
75.2 223.5 97.6
515.2 -74.1 28.3 -39.3 -59.4 -12.2
1783.8 154.5 -165.3 327.5 -90.2 -74.1
2646.5 -69.8 -81.7 106.3 -111.3 -104.3
75.5 225.3 104.9
513.8 -74 28.7 -41 -60 -10.3
1786.5 149.6 -171.7 326.7 -98.2 -73.6
2664.9 -57.8 -77.3 104.4 -124.6 -126.3
75.7 229.6 113.5
512.3 -73.5 29.9 -43.6 -60.4 -8.3
1786.8 143.6 -180.5 324.1 -109.1 -74.3
2679.1 -47.7 -76.4 104.3 -135.9 -143.1
75.6 232.8 124.7
511.4 -73 30 -44.8 -60.5 -7.7
1786.1 140.7 -187.3 323.5 -118.8 -73.2
2683.1 -36.1 -74.5 100 -141.1 -148.3
75.3 234.5 130.1
511.4 -73.1 31 -46.4 -60 -8.1
1787.1 138.4 -187.8 324 -124.8 -71.3
2687.5 -33.3 -66.4 85.9 -137.6 -153.3
74.8 232.6 127.8
511.6 -73.2 31.5 -47.5 -59.3 -9.1
1787.8 140 -186.5 324.8 -128.2 -70.1
2690.8 -38.8 -65.1 77.3 -139.7 -156.9
74.7 233.7 116.2
512.7 -74.6 32.1 -49 -58 -10.5
1794.5 135.6 -190.4 325.7 -130.9 -64.9
2696.8 -76.9 -76.5 61.9 -124.9 -162
74.7 232.4 114.2
513.7 -74.8 32.2 -49.5 -57.3 -11.1
1802.6 135.8 -188.5 328.8 -130.3 -58.4
2711.4 -86 -80.4 66.1 -117.2 -167.1
75 234.6 135.2
515.5 -75.7 33.2 -50.7 -56.2 -12.5
1815.4 129.9 -180 323.2 -121.5 -61.1
2750.5 -78.9 -59.3 62.3 -106.6 -206.7
74.4 231.3 156.3
517.4 -76.1 34 -51.5 -55.7 -13.7
1824.2 139.6 -189.7 333.2 -125.7 -48.1
2794.8 -37.3 -51.1 89.5 -108.6 -235.2
74.9 235.9 200.3
519.8 -77.9 36.7 -52.9 -54.6 -16.6
1840.2 139.2 -195 332.6 -121.9 -40.2
2858.1 18.9 -26.7 114.4 -107.5 -282.7
76.5 242.8 233.9
521.1 -79.4 40.7 -52.4 -55.5 -20.6
1859.6 134.4 -204.8 331.6 -131.2 -23.4
2914 42.2 -44.2 120.5 -99.6 -320.6
93.8 262.7 300.5
535.5 -73.4 22.9 -70.8 -46.7 1.5
1896.1 122.9 -226.8 314.4 -142.6 18.7
2998.7 53 -92.9 103.6 -44.7 -332.1
winner is: 6
