Regression analysis information for: cuban_match_declarative-broad-focus_Daniel-iba-a-Bolivia
number of formants: 3
number of coefficients: 5
97.5 359.2 225.1
454.9 143.3 -14.6 39.3 17.9 77.9
1615.6 286 184.5 -197.8 -370.9 -70.9
2261.4 96.6 83.6 13.4 -410.9 -78.9
94.5 313.9 221.9
460.1 142.3 -17 44.1 19.7 85.3
1721.8 214.3 124.4 -96.3 -460.3 -76.4
2351.7 93.9 -21.4 16 -353 -86.2
96.1 282.2 195.8
459.8 139.2 -21.9 44.1 20.1 85.9
1790.8 158.6 96.6 -1.2 -511.9 -76.2
2433.2 83.2 -138.7 -4.8 -256.7 -67
93.6 228.2 151.3
462.6 139.2 -26.2 50.8 20.9 88.9
1861.5 128.1 96.8 97.1 -560.6 -46.3
2517.5 94.8 -188 21.1 -174.9 -44.9
103.3 189.7 128.5
473 117.6 -10.2 40 29.6 89.1
1917.1 135.5 155.9 131.3 -546.7 -17.4
2582.5 81.2 -117.9 31.3 -126.3 -22.9
104.4 187 120
474.7 109.8 -6.4 37.8 32.8 91.2
1932.3 134.6 176.5 118.9 -541.5 -12.4
2612.3 75.3 -86.7 33.4 -111.1 -21
111.1 191.4 132.4
480.7 92.5 8 26.6 41.9 88.9
1949.9 126.9 203.1 110.4 -535.5 -21.2
2648.4 51.6 -47 27 -99.5 -26.2
113.5 190.1 141.5
480.4 86.6 12.1 23.4 43.3 91.4
1957.7 126.9 214.9 114.3 -535.7 -32.9
2673.4 42.4 -25.6 38.3 -101.4 -25.6
111.3 188.7 153.3
476.6 88.6 9.8 24.1 43.9 90.5
1966.9 122.2 229.6 112.3 -537 -38
2694.4 41.1 -6 54.4 -106.4 -23
109.3 192 169.4
470.8 94.9 5.2 23.5 48.5 82.6
1977 112 242.6 106 -538.2 -45.8
2713.2 27.1 5.5 69.1 -112.6 -17.1
116.3 195.4 191.4
471.4 89.9 10.1 14.9 57.6 73.7
1990.1 97 257.7 95.2 -534.3 -56.4
2736.9 2.9 14.7 79.2 -118.7 -15.7
121 203.5 217.1
474 81.7 17.1 4.2 68.2 64.7
2003.1 82.8 272.4 80.4 -523.7 -73.9
2758.3 -22.3 13.5 89.5 -120.4 -20
122.2 212.6 233.1
472.9 81.1 18.4 -3 77.6 55
2007.2 82.6 274.9 69.7 -510.3 -95.9
2774.6 -40.9 -1.2 88.3 -113.4 -50
130.3 233.6 258.9
481 62.6 36.7 -27.9 105.8 25.9
2010.1 65.5 281 35.6 -481.4 -134.8
2800.6 -94.7 0.8 45.2 -84.1 -111.7
136.5 238.1 285.4
487.6 49 49 -43.5 121.4 12.3
2010 49 298.7 -3.8 -459.1 -132.1
2817.2 -118.8 5.9 6.9 -54.8 -121
140.8 249.1 308.6
494.3 38.3 57 -52.5 129.7 7.9
2012.5 50.8 300.9 -33.2 -439.7 -143.6
2855 -140.8 9.9 -43.9 -11.5 -148.6
150.6 258.4 366.2
512.2 6.6 83.3 -75.4 145 2.1
2038.5 29.7 319.7 -54.6 -429.7 -148.9
2945.2 -210.1 39.7 -62.6 -30.7 -139.3
151 252.2 414
515.6 4.9 83.3 -76.6 146.5 3.4
2054.2 34 312.5 -48.5 -448.9 -135.4
3041.6 -218.7 63.3 -70.5 -74.4 -174.6
156 248.5 435.5
525.8 -10 95.5 -89.8 158.3 -3.6
2073.8 25 315.6 -46.5 -455.7 -137.7
3138.1 -221 101 -107.7 -116.4 -172.4
163 263.8 454
545.5 -42.9 123.5 -117.4 183.3 -19.7
2107.1 -14.5 345.8 -71.4 -445.5 -143
3238.6 -218.9 148.9 -173.1 -152.2 -179.1
winner is: 6
