Regression analysis information for: cuban_mismatch_declarative-broad-focus_La-maestra-vive-en-Paris
number of formants: 3
number of coefficients: 5
79.9 285.7 265.1
500 141.1 -52.5 8.2 -70.2 70.8
1711.2 28.6 -60.3 -95 126 65.3
2219.7 -89.1 72.5 -64.3 139.3 159.8
79.1 241.9 248.9
499.2 138.8 -52 8.2 -71.6 70.6
1726.9 -13.9 -64.2 -107.8 152.1 91.6
2238.4 -115.4 33.2 -88.3 173.5 203.5
77.6 222.3 214.2
500.7 136.7 -54.2 10.2 -76.5 73.3
1746 -25.1 -34.4 -145.4 119.6 133.4
2264.7 -113.6 22 -133.3 181.3 254.8
79.7 225.5 212.5
500.3 142.4 -55.8 7.2 -77.6 72.2
1785.9 2.5 -19.3 -194.1 109.7 106.8
2322.9 -83.3 1 -174.9 165.9 235.5
80.3 180 212.9
507.2 137.9 -54.5 9.4 -83.8 72.6
1856.2 -47.5 -16.9 -172.6 65.1 126.8
2413.8 -61.2 27 -130.5 122.5 217.8
101.9 181.1 206.4
517.8 121.6 -33.3 -8.3 -66.6 50.5
1887.2 -65.8 -3.6 -190.8 71.7 89.2
2478.2 -35.4 62 -131.3 123.2 165.8
165 195.7 208.1
564.3 36.4 55.6 -93.2 11.3 -22.9
1911.9 -84.6 26.4 -228.3 106.4 58.3
2545.4 -31.9 127.6 -155 164.2 72.9
171.9 195.3 197.1
576.3 19 76.4 -113.8 32.9 -45.5
1937.8 -108.7 37.3 -235.7 129.4 30.4
2612.1 -35.2 183.8 -176.8 189.1 -12.6
175.1 205.1 217.5
586.8 1.2 91.2 -126.3 44.5 -53.9
1943.4 -102.1 16.4 -212 115.7 39
2651.3 -77.3 217.5 -189.6 200.5 -48.2
218.7 217.4 252.3
651.1 -126.6 219 -240.8 152 -160.7
1995.6 -190.8 104.1 -281.9 154.3 -2.8
2726.4 -207.1 345.3 -311.6 300.6 -142.7
219.3 221.8 256.9
652.8 -134.4 227.4 -248.5 162.3 -168.1
2004.4 -200.2 113.5 -292 160.8 -3.6
2738.3 -208.4 345.1 -324.4 310.3 -137.2
223.1 223.5 262.9
655.2 -142.7 230.9 -248.6 163.3 -167.5
2016.4 -221.1 131.1 -309.6 176.2 -11.6
2753.1 -225 347.6 -337.1 319 -126.1
222.7 225.1 262
654.9 -149.4 240.7 -262.8 180.7 -179.4
2033.8 -259.5 162.9 -342.6 202.4 -25.6
2757.8 -237.9 345.6 -362.9 342.9 -115.1
223.6 236.2 271.3
658.4 -161.2 250.3 -269.6 188.6 -185.4
2045.2 -280.8 179.7 -364.8 220.9 -33.1
2772.3 -262.5 340.3 -383 354.9 -96.3
224 253 273.8
657.3 -160.5 248.8 -269 189.1 -184.3
2074.9 -333.7 225.4 -404.7 253.5 -49
2786.4 -278.5 334.9 -411.3 377.7 -78.9
216.4 246.4 292.7
649.4 -143.4 234.5 -256.7 177.9 -171.7
2065.3 -306 204.5 -378.7 235.6 -25.3
2822.7 -311.3 363.3 -455.2 411.5 -93.9
213.6 237.8 295.1
666.4 -169.2 256.3 -273.1 188.1 -179.3
2070.9 -290.9 194.7 -360.4 222.3 -3.3
2862.9 -316.1 369.5 -481.5 413 -86.4
222 236.8 306.7
670.1 -168.2 257.2 -275.3 189.2 -182.2
2083.6 -283.3 198.6 -353.1 226.2 1.9
2905.1 -301.7 367 -515.4 415.5 -86.9
225.5 256.9 312.9
682.4 -183.1 276.3 -298.2 210.1 -199.9
2120.9 -324.3 257.5 -384.5 286.3 -39.1
2946.6 -307.8 397.8 -555 433.8 -122.3
235.1 281.6 354
696.4 -192.7 277 -297.9 209 -197
2167.6 -338.7 300.1 -413.1 328.2 -41.5
3029.2 -308.4 371.1 -619.4 457 -111.4
winner is: 5
