Regression analysis information for: cuban_mismatch_interrogative-total-yn_Mi-novio-viene-del-lago
number of formants: 3
number of coefficients: 5
87.6 239.5 243.8
520.4 -38.4 -30.7 57.2 -76.1 5.8
1586.9 187 -325.8 254.5 64.9 36.5
2071.8 183 -198.4 218.1 58.3 -39.5
90 229.9 260
521.8 -40.3 -21.6 50.1 -69.9 2.6
1616.6 209.2 -263.9 262.4 89.9 45.3
2119.9 174.1 -144 212.8 93.5 -21.6
89.1 196.9 249.4
526 -47.6 -12.1 44.9 -68.3 -1.3
1635.2 191.5 -248.6 298.9 87.2 14.6
2182.8 124.9 -90.5 248.1 83.1 0.8
92.9 209.6 247.7
521.1 -39.1 -10.6 47.6 -82.7 13.5
1630.7 209.1 -215.2 268 60.9 73.4
2284.5 123.7 -51.7 216.7 40.5 50.2
92.3 238.9 245.6
526.9 -41.8 -7.5 46.3 -83.6 10.1
1648.3 222.1 -181.2 239.7 40.2 143.1
2402.7 120.5 -15.6 206.2 -12.3 95.2
93.3 222 232.1
530 -40 -6 45.9 -88.1 9
1686.5 220.1 -226.6 240 62.4 137.4
2487 139.2 -41.4 180 -14 120.2
94.6 227.4 233.3
533.4 -40.9 -1.1 41 -89.7 3.8
1697.1 219.9 -222.2 237.1 54.4 129.4
2523.8 140.2 -29.6 178.9 -26.3 118.4
95.7 215.1 232.8
534.7 -37.3 -5.3 43.4 -94.3 0.8
1709.5 225.5 -250.2 256.9 43.5 111.3
2558 152.7 -39 201.7 -36.4 95.8
97.8 193.1 217.3
537.5 -40.6 -1.7 37.5 -93.4 -6.9
1746.9 213.8 -309.2 273.8 87 60.3
2612.7 156.8 -59.6 219.4 -22 43.1
99.2 199.1 222.2
537.9 -41.4 -0.7 35.3 -94.4 -9.9
1754.3 211.4 -308.5 271.1 83.6 51.2
2638.4 176 -45.2 220.6 -44.9 20.2
100.8 211.6 241.6
539.8 -46.7 4.3 29.3 -90.3 -15.5
1762.7 200.6 -301.2 263.1 89.1 39.1
2661.2 176.2 -22.4 213.1 -45.6 -7.1
101.5 218.3 260.2
542 -54.2 10.8 23.2 -85.6 -18.4
1774.2 183.1 -286.2 248.8 99.1 26.8
2695.3 121.7 36.8 170.6 1.4 -40.6
100.6 222.2 240.2
541.3 -59.3 14.5 20.4 -82.4 -17.6
1771.9 176.9 -281.3 248.3 98.2 29.5
2683.4 86.5 55.9 195.1 61.5 17.6
100.3 221 226.8
543.2 -64.4 19.2 15.2 -76.6 -21.6
1781.6 158.5 -266.7 233.8 120.5 19
2706 5.4 84.7 123.3 102.8 -35.8
101.8 219.6 214.1
545.1 -67.2 23.1 11.9 -75.5 -23.7
1786.9 149.9 -259.9 226.3 122.3 12.1
2741.5 -52 129.2 64.6 123.8 -86
102.9 218.6 214.2
548.4 -70.7 28.8 6.8 -73.8 -27.9
1791 150.5 -249.4 222.9 122.5 12.5
2802.2 -57.4 207.2 38.1 153.9 -115.4
105 216.8 225.5
556.2 -79.3 40.8 -5 -67.2 -39.6
1809.9 143.2 -236.5 207.9 127.6 -3.1
2879.7 -74 289.5 -20.2 163.2 -183.6
105.8 214.6 236.6
561.8 -80.4 46.8 -11.3 -68.9 -46
1824.3 144.1 -229.7 198.6 118.5 -10.8
2961.4 -105.3 362.1 -92.2 165.3 -254.7
108.8 226.2 258.2
568.9 -82 52.7 -17.8 -71.2 -53.3
1844.7 132.6 -212.5 176.7 126.8 -31.4
3044 -81.9 421 -149.4 125.4 -332
113.8 218.5 271.3
574.4 -76.8 55.6 -23.4 -80.7 -57.5
1850 159.2 -232 204 89.8 -6.8
3089 -44.7 441.5 -161.5 90.4 -353.3
winner is: 9
