Regression analysis information for: cuban_mismatch_declarative-narrow-focus_Mi-tia-odia-la-lluvia
number of formants: 3
number of coefficients: 5
80 344.3 287.7
514.9 4.5 -86.7 -75.9 55.4 4.6
1630.4 169.5 19.4 -143.9 -44.3 -359.4
2205.2 190.1 98.1 -62 -62.2 -270.3
80.1 353 308
512.8 9.5 -89.4 -71.8 54.7 10.9
1645.1 203 -40 -79.6 -98.6 -328.7
2254.6 204.7 43 -38.9 -45.8 -228.6
78.5 321.9 255.1
515 10.2 -89.1 -69.4 54 15.4
1679.1 175.8 -1.5 -90.1 -141.2 -287.8
2403.5 94.4 34.5 -32.8 -145.2 -19.6
78.5 307 264.5
514.4 11.9 -93.2 -67.4 51.2 21.7
1754.3 105.5 49.8 -89.1 -174.2 -295.9
2496.9 90.2 -23.2 -66 -136.1 32.6
77 291.2 224.5
516.1 7.4 -93.9 -71.4 51.6 21.9
1817.9 74.2 102.9 -88.7 -168.1 -303.6
2573.8 52.5 -43.8 -109.9 -87.5 51.6
76.6 282 198.5
517.2 2.9 -95.1 -74.7 54.8 19.3
1847.8 50.9 72.8 -56.4 -155.9 -340.8
2604.1 -4.5 -62 -75.5 -16.5 38
75.2 262.7 188.7
518.3 1.7 -94.8 -76.7 58.6 17.9
1883.8 97.8 89.3 -53.2 -159.9 -371
2634.6 0.6 -65.7 -60 -0.5 33.8
74.4 253.8 183.8
518 3.1 -96.2 -77.5 59.5 16.3
1902.3 132.3 100.8 -61.5 -174.7 -401.1
2665.1 11.7 -82.3 -68.4 -1.4 13.3
74.5 253.6 175.4
515.9 5.9 -99.7 -76.7 59.6 16.5
1917.9 167.8 115.5 -46.1 -145.1 -408.5
2719.1 70.9 -76.8 -97.5 -37.4 -27
74.1 262.7 159.8
513.7 10.5 -103.5 -73.3 58 19.8
1928.9 180.7 111.8 -30 -114.2 -407.7
2754.9 107 -97.4 -105.4 -28.8 -65
76.9 259.9 157.1
514.4 10.2 -102.6 -75.7 59.9 16.8
1938.5 192.9 115.2 -33.5 -113.9 -430.8
2780.6 135.3 -107.9 -110 -24.8 -98
74.9 261 156.5
512 14.4 -108.6 -72.9 56 21.1
1944.2 202.7 114 -23.5 -113.9 -428.4
2787.1 172.4 -122.7 -110.7 -30.6 -97.2
75.7 270.4 164.5
511.2 12.3 -112 -75.7 54.7 21
1939.5 183 90.7 -36.1 -138.2 -444.1
2790.9 168.5 -148.3 -125.1 -39.1 -90.9
75.8 267.3 155.7
512.3 12.4 -112.9 -76.7 56.1 23.2
1945.8 183.2 88 -28.9 -142 -440.8
2803.4 191.5 -153.7 -138.2 -25.8 -83.6
76.3 261.8 155.8
513.7 12.6 -114.3 -77.5 56.4 25
1956.5 191.4 96.8 -16.3 -135.6 -429
2839.4 186.6 -169 -117.8 -39.8 -83.9
77.4 266.6 164.3
515.6 12.6 -116.8 -79.9 55.7 26.9
1961.9 182 93.3 -15.9 -144.7 -431.5
2881.1 158.5 -199.3 -94.2 -65.9 -90.7
78.9 270.8 202.6
516.9 12.6 -122 -80 55.3 30.9
1978.7 157.4 90.7 -10.4 -180.5 -412.3
2956.9 72.4 -227.9 -49.7 -150.3 -52.6
84.5 267.2 231.9
523.4 5.8 -117.6 -88.5 63.9 27.5
1997.3 163.8 112.5 2.1 -166.8 -396.8
3025.4 38.4 -212 -31.7 -148.9 -23.5
88.1 271.3 266.5
528.3 3.7 -117.2 -92.7 68.6 29.1
2010.6 170.8 127.6 8.1 -159.3 -391.4
3095.6 -15 -205.5 -40.7 -184 -9.6
110.1 269 305.9
548 -27.7 -89.5 -127 103.2 2.5
2033.6 156.8 158 -2.6 -146.3 -402.3
3174.8 -57.9 -170.1 -84.6 -181 -39.6
winner is: 12
