Regression analysis information for: cuban_match_interrogative-total-yn_David-leia-el-libro
number of formants: 3
number of coefficients: 5
75.5 267.6 225.7
466.1 66.3 -4.7 37.6 -12.6 39.8
1831.5 36.4 -531.6 6.1 -127.4 86.7
2358 -3 -458.3 97.7 -113.5 8.3
75.3 268.1 223.3
460.9 67.1 -0.6 34.2 -12.8 42.1
1818.9 -20.9 -558.5 -5.5 -158.3 55.9
2374.8 -14.8 -463.3 100.1 -144.3 28
76.9 264.4 239.5
457.8 70.7 3.4 28.9 -12.8 41
1836.9 10.6 -546.2 -20.4 -193.9 -32.4
2376.8 -14.8 -445.6 89.9 -129 -50.7
78.9 236.6 194.2
456.6 70.2 4.4 25.4 -11.9 42.8
1875.3 22.1 -541.4 -55.8 -227.1 -55.8
2460.8 -18.5 -378.2 69.4 -157.3 -77.7
81.1 197.6 139.6
458 73.4 6.1 22.9 -12.3 39.3
1948.3 97.5 -534 -88.7 -215.9 -25.1
2554.2 48.1 -322.8 55.6 -148.4 -75.8
81.2 196.1 98.7
461.1 76.4 10.9 23.8 -8.1 41.1
1988.4 144.5 -486 -50.1 -177.2 17.2
2638.7 44.6 -255.9 74 -83.3 -26.4
81.9 193.5 96.7
461.4 77.9 10.8 23.6 -7 41.2
2010.2 168.1 -473 -23.4 -159 29.8
2665.7 70.4 -227 99.2 -52.6 4.3
81.6 188.6 101.3
461.5 80 10.7 24.9 -5.5 42.6
2032.8 186.7 -462.8 2.8 -138.9 35.8
2692.1 99.2 -201.5 122.8 -19.4 30.8
81.6 190.3 105.7
460.3 81.8 8.6 26.1 -5.6 43.3
2046.9 195.2 -467.6 21.8 -131.3 33.3
2705.7 107.2 -200.4 129.1 -8.7 39.3
80.8 192.4 108.9
459.1 82.6 7 26.9 -5.3 43.7
2061.4 207.8 -467.2 44.2 -118.4 33.8
2718 120.7 -197.8 142.3 4.1 47.7
79.7 189.8 116.8
458.1 82.5 6.1 27.4 -4.9 44.4
2070.7 213.8 -465.2 55.6 -108.9 34.9
2728.3 125.8 -192.9 149.4 16.3 51.4
79.1 191.3 127.3
456.5 81.2 4 26.7 -5.4 44.3
2080.3 226.4 -454.4 71.8 -89.1 47
2734.7 128.8 -188.1 153.9 33.2 56.9
78.8 194.4 135.3
456.4 81.4 4 27.1 -5.6 44.5
2090.7 236.9 -437.9 81.5 -72.1 56.3
2745.5 129.6 -172.4 152.7 47.5 56.3
79.2 202.9 149.6
455.3 79.9 2.1 26.1 -7.2 43.9
2091.1 226.4 -440.5 76.8 -71.1 51.1
2750.8 118.4 -162.8 144.4 59.3 54.3
78.7 203.6 159.3
455.9 81.3 2.8 27.5 -6.8 45
2100.7 225.9 -435.2 78.7 -63.6 48.4
2764.2 109.2 -153 131 64.6 38.2
78.9 210.5 174.8
455.9 81.5 1.9 27.6 -7.9 45.2
2112.8 222.6 -437 76.4 -63.6 40.9
2780.2 102.3 -151.3 111.7 61.6 30.3
78.9 216.8 192.6
456.8 81.8 1.6 27.5 -8.2 45.1
2129.7 223.6 -445.9 78.1 -65.4 31.1
2808.1 130.2 -170.8 104.9 45.3 28.9
79.6 217.3 243.9
457.6 82.3 0.7 27.4 -9.1 45.6
2147.9 218.4 -463.2 89.1 -68.6 23.9
2872 137.9 -188.9 42.2 16.1 -6.4
80.3 217.2 307.8
458.6 82.8 -0.3 27.6 -9.6 46.1
2180.1 208.4 -483.1 108.6 -51.3 -2.7
2944.9 154.3 -209.1 7.8 15.4 3.9
93.4 236.3 398.5
475.8 50.5 31.9 -4.3 21.5 18
2223.1 168.7 -472 91.6 -10.3 -49.5
3067.9 83.2 -214.5 -48.9 70.9 -80.4
winner is: 8
