Regression analysis information for: cuban_mismatch_interrogative-partial-wh_Cuando-lavaba-el-plato
number of formants: 3
number of coefficients: 5
89 187.2 166
533.4 52.4 -18.7 9.2 -141.8 148.7
1357.7 47.2 -99.3 87.7 -221.3 9.9
1767.9 -41.3 13 35.6 -30.9 -102.5
85.2 178.5 199.4
543.5 34.1 -25.5 10.5 -141.4 145.5
1400.8 1.1 -155.7 99.9 -213.8 -44.2
1823.4 -99.1 -8.9 29.3 -47 -121.2
85.3 174.3 261.5
550.1 27 -23.9 11.9 -144.4 149.3
1429.8 -24.5 -160.4 107.6 -204.4 -46
1939.6 -124.3 -49.3 7.2 -80.7 -156
82.7 170.3 300.1
553.4 28.5 -34.3 15 -143.2 145.5
1445.3 -42.6 -197.2 116.9 -171.3 -73.4
2086.2 -115.9 -170.9 -21.7 -100.1 -165.8
88.2 151.1 314.3
567 16.5 -21.1 8.3 -138.7 150
1498.3 -86.8 -150.1 94.6 -142 -78
2379.3 -165.6 -170.7 -117.8 -142.3 -8.3
90.8 147.4 285.3
568.5 18.3 -14.2 3 -141 155.3
1512.1 -79.1 -138.1 92.3 -125.4 -79.7
2501.6 -85.5 -88.4 -80.8 -116.7 31.2
91.2 140.4 264.5
571.8 21.2 -5.1 2.6 -142.7 161.2
1529.8 -80.1 -122.4 91 -124.4 -84.2
2584 -40.1 -0.7 -41.1 -139.2 44.8
92.9 124.7 213.9
575.3 25.8 -4.6 7.4 -139.1 156.3
1551.2 -79 -98.7 90 -109.8 -103.4
2688.1 -26.1 126.6 -28.6 -107.1 16.3
93.9 114.6 185.6
571.8 31.9 0.8 5.3 -141.1 158.2
1564.4 -58.3 -80.3 97.9 -111.3 -115.3
2757.7 26.2 202.6 15.5 -139.5 29.4
92.1 110.2 179.3
568.6 35.4 7.8 1.2 -144 163.8
1565.3 -61.1 -70.2 91.2 -108.4 -118.3
2792.7 -6.1 256.2 -16.5 -138.3 20.4
92.8 110.9 175
569 35.5 8.7 1.8 -144.4 164.3
1565.1 -59.7 -69.8 93.1 -108.7 -121.6
2805.4 -8.6 275.4 -33.1 -140.5 8.4
91.7 114.2 171.5
566.6 37.9 5.4 3 -146.1 163.9
1561.2 -52.8 -74.5 97.9 -111.6 -123
2814.6 0.6 283.4 -36 -142.3 -2.2
92.8 127 173
569.6 34.5 -7 13.9 -148.6 154.8
1549.1 -28.4 -101.9 122.6 -129.2 -116.5
2816.7 16.6 273.6 -13.8 -168.7 15.8
91.8 122.9 183.4
566.5 34.3 -9.6 11.9 -150.6 154.3
1553.1 -38 -97.5 117 -124.5 -123.8
2861.7 -2.6 278.7 3.6 -135.5 -44
97 126.7 187.1
573.5 28.3 -27 26.8 -150.4 138.5
1555.3 -38.8 -111.3 126.7 -127.7 -129.2
2876.2 -14.2 265.3 13.2 -142.7 -61.3
95.1 126.1 181.4
572.5 30.3 -28.8 28.7 -153.1 138
1555.1 -37.2 -111.8 127.6 -132 -125.1
2887.2 -17.8 279.9 14.5 -149 -52.1
97.8 129.5 195
574.3 30.9 -31.9 32.3 -155 136.7
1555.8 -36.8 -123.4 131.2 -139.3 -125.9
2917.1 -32.4 255.4 37 -146.6 -82.5
101.6 132.5 179.5
577.7 29.4 -33.3 35.1 -157.1 136.2
1565.3 -40.5 -118.5 132 -133.5 -126.7
2971 2.6 306.1 91.2 -96.1 -50.6
105.6 138 190.3
581.9 27.3 -32.5 35.5 -158.6 136.5
1595.4 -88.4 -79.1 96.9 -107.3 -145.3
3022.2 -20.4 341.7 88.2 -72 -67.3
112.7 140.7 187.7
589.4 25.1 -39 40.6 -157 131.4
1607.6 -99.4 -76.3 90.7 -101.8 -152.2
3051.4 -13.5 329.9 102.5 -82.3 -80.9
winner is: 12
