Regression analysis information for: cuban_match_interrogative-partial-wh_Cuando-lleva-el-abrigo
number of formants: 3
number of coefficients: 5
69.8 149 155.7
488 99.7 -60.8 59.7 65.7 30.4
1545.9 -74.3 -279.3 -62.8 -259.4 160.7
2015.7 -242 -48.7 -49.6 -287.9 311.2
70.7 160.5 155.5
487.3 98.7 -62.1 60.2 67.3 29.9
1557 -95.9 -303.9 -39.2 -236.2 158.8
2038.9 -274.1 -68.9 -40.8 -280.7 295.8
70.5 166.4 182.3
487.8 101 -63 61.1 69.2 28.4
1553.7 -117.4 -294.2 -10 -216.1 146.5
2140.6 -352.9 -94.1 -48.1 -166.7 212.8
71.3 175.4 185.8
488.8 104.2 -64 61.5 70.5 26.3
1561.3 -120.1 -289.6 -3.4 -231.1 154.4
2202.5 -397.7 -151.1 -57.3 -123.9 176.8
72 194.5 225.5
489 110.2 -66.2 62.6 69.5 24.6
1576.1 -98.9 -289.5 -33.1 -255.4 158.2
2249.1 -384.7 -186.2 -61.6 -111.3 86.2
72.3 183.6 253.1
494.4 111.2 -60.7 59.9 73.9 15.8
1640.8 -106 -298.8 -27 -319.6 143
2364.5 -344.6 -111.7 -59.4 -143 -33.6
73.3 192 299.6
497.8 116 -56.2 57.8 76.9 7.7
1668.5 -79.3 -307 -45.6 -346 126.3
2456.8 -258.2 -69.4 -114.1 -229.3 -138.3
75.6 176.5 271.9
496.8 131.2 -61 67.5 66.6 13.1
1678.7 -59.2 -319.1 -69.7 -357.7 137.3
2534.6 -234.1 -8 -172.5 -258.8 -193.4
79.4 169.5 274.7
504.9 146.5 -50.5 69.2 61.9 2.9
1710.7 -69.3 -305.8 -43.5 -399.7 179
2622.8 -136.6 51.9 -161.7 -311.6 -190.4
79.2 167.6 269
504.5 148.9 -49.2 70.2 64.1 5
1722.1 -70.9 -295.3 -32 -404.2 191
2723.5 -5.1 169.8 -99.8 -272.4 -142.4
85.4 167.8 246.8
509.4 145.6 -51.3 81.3 55.1 8.9
1725.7 -73.5 -296.1 -25.1 -410.2 193.8
2788.9 68.7 255 -49.2 -213.2 -75.7
84 172.2 225.2
506.6 146.9 -53 80.2 58.1 10.8
1717 -78.6 -309.4 -34.5 -416.2 186.5
2836.7 121 318 -13.2 -172.2 -38.2
84.5 172.9 258.7
503.9 144.6 -59.1 82 56.1 13.6
1713.4 -75.5 -316.4 -34.3 -415.2 180.9
2841.2 59.7 312.6 -60.9 -161.8 -70.3
84.9 165.2 201.4
503.9 141.2 -61.8 86.9 57.4 19.3
1706.8 -49.8 -319 -30.2 -391.3 164.6
2885.5 172.4 406.5 -2.2 -18.2 -76.3
82.9 159.1 182.4
501.8 140.3 -65.1 84.4 60.5 20
1703.3 -42.4 -326.1 -32.9 -379.8 155.4
2922.7 223.2 421.3 28 17.3 -88.8
86.9 169.8 201.8
504.7 134.8 -69.6 90.5 58.2 24.6
1720.5 -60.9 -331.3 -13.6 -401.6 170.7
2933.6 202.7 355.3 16 5 -105.8
87.3 175.4 211.8
505.6 134.4 -73.2 90.7 60.5 26
1734.5 -74.5 -333.1 -5.1 -412.3 185.6
2976.7 181.7 316.9 5.4 11.1 -108.9
87.4 175.4 239.4
506.5 132.4 -79.7 91.3 62.6 28.2
1745.4 -83 -335.1 -3.1 -416.3 193
3055.7 140.1 277.1 8.6 13.5 -72.4
91.8 181.3 263.9
511.8 131 -83.7 89.9 70.3 27.6
1762 -100.3 -327.6 -7.3 -414.6 196.1
3177.7 138.6 297.8 45.6 49.6 4.8
94.9 190.9 272.7
518.7 130.8 -84.5 81.3 87.3 22.2
1777.4 -123.7 -312.2 -26.2 -402.4 191.9
3269.2 146.9 287 34.2 94.6 56.5
winner is: 1
