Regression analysis information for: cuban_match_declarative-broad-focus_Mariano-habla-del-tiempo
number of formants: 3
number of coefficients: 5
106.8 249.2 216
557.9 96.5 -99.7 -8.8 6.9 15.2
1658.4 171.7 -82.3 57.6 -340.6 -133
2137 -68.5 9.4 -6.3 -206.6 -99.8
109 235.6 217.7
559.4 97.6 -100.3 -7 9.8 19
1684.8 161.1 -81.2 87.5 -356.9 -133
2210.9 -30.4 5.6 37.1 -128.2 -61.9
111.5 215.5 224.4
562.8 95.4 -99.1 -6.7 13.2 19.3
1716.7 104.9 -61.3 100.9 -358.4 -118.3
2313.1 15.7 59.3 59 -65.3 -48.7
113.8 210.6 209.1
566 94.4 -97.5 -8.6 16.5 18.3
1739.7 87.3 -49.3 98 -370.4 -113.1
2401.3 28.9 31.5 29.8 -68.7 -42.6
116.1 185.1 190.9
567.2 97.9 -100.6 -8.8 15.7 19.3
1761.2 90.4 -73.8 147.6 -437.6 -94.9
2475.4 50 6.6 30.2 -114.3 -36.9
117.6 194.7 189.5
569.3 99.3 -101.2 -12 16.7 18.5
1780.5 81.8 -46.5 127.3 -440.9 -95.3
2530.8 48.8 10.6 -15.9 -113.4 -47
117.9 197.5 185.9
571 101.1 -103.2 -14 16.1 18.6
1789.2 78.2 -40.8 124.1 -442.4 -94.8
2574.3 58.9 5.6 -33.5 -123.5 -52.9
116.8 199.1 184.1
571.5 105 -108.2 -12.8 14.5 19.5
1793.1 77.2 -36.3 110 -427 -105.4
2604.7 52.8 6.2 -37.6 -113.8 -55.2
116.9 204.8 190.3
572.5 106.8 -110.7 -14 14.3 19.7
1792.5 84.4 -40.5 108 -422.3 -108.8
2624.1 49 11.8 -52.7 -93.5 -57.4
117.8 201 197.2
573.5 106.7 -110.4 -17.2 16.5 18.5
1797.8 83.8 -48.2 121.6 -429.2 -108.4
2641.5 46.2 3.8 -49.3 -96.2 -48.8
118.4 200.8 211.6
574.2 106.3 -111.1 -17.5 17.3 19.1
1820.1 52.4 -35.7 127.7 -442.3 -98.1
2680.9 -2.4 38.5 -77.8 -66.8 -66
119 204.4 236.1
574.6 105.4 -111.9 -17.2 17.8 19.3
1825.8 41.1 -19.6 107.7 -423.1 -105.2
2712.1 -45.5 66.1 -96.6 -42.7 -79.7
120.2 194.4 237.4
574.8 103.1 -112.8 -15.7 17.2 19.7
1822.5 54.7 -52 153.1 -461.9 -87.5
2710.3 -31.4 36.1 -54.6 -72.3 -60.7
121.4 198.5 245.4
578.7 109.3 -107 -7.8 23.6 26.7
1821.6 64.2 -42.6 147.9 -446.8 -82.1
2732.4 -29.4 39.7 -3.7 -96.6 -7
122.2 194.2 256.3
577.1 101 -114.4 -15.5 17.4 20.8
1848.9 7.5 -11.8 124.2 -444.9 -85.8
2766.4 -106.7 71 -54.6 -87.9 -29.6
125.6 198.1 257.1
583.8 109.1 -106.7 -10.9 27.2 27.6
1859.2 7.9 3 120 -431.4 -81.4
2810.1 -114.6 104.2 -58.3 -56.4 -16.4
125.1 196.2 259.6
591.3 124.8 -102.9 1 36.8 40.6
1875.6 10.8 17.5 132.8 -429.8 -65.8
2857.8 -98.3 123.7 -31.8 -49.2 27
127.6 191.4 275.7
602.5 130.1 -98.1 -4.8 48.3 47.4
1899.2 -9 50.6 116.3 -405.4 -78.4
2932.2 -135.3 173.3 -70.5 -5 23.7
137 192.4 295
612.9 134.4 -112.1 -9.9 59.2 53.7
1920.4 -19.1 58.2 108.1 -390.6 -75.6
3007.5 -148.1 172.1 -88.1 17.3 46.4
145.3 210.2 348.4
629 141.1 -142.3 -7.9 89.8 66.5
1949.1 -22.1 21.7 114.1 -364.7 -67.4
3113.7 -165.4 118.6 -85.4 49.9 103.5
winner is: 5
