Regression analysis information for: cuban_match_interrogative-total-yn_Maria-bebe-el-vino
number of formants: 3
number of coefficients: 5
92.8 241.3 226.9
474.2 76.1 -60.1 -24.4 -75.2 6.7
1656.8 -75.5 -244.9 114 -524 -69.1
2142.2 -172.8 -286 108.8 -359.2 -58.5
89.5 223.6 225.8
476.3 74.4 -65.5 -21 -69.2 3.9
1725.2 -91.6 -311.8 122.3 -472.6 -27.2
2197.1 -175.5 -330.5 121.9 -340.9 -57.3
87.8 193.3 201.8
475.9 78.5 -69.2 -20.8 -67 -0.4
1788.1 -88 -335 113 -437.8 0.7
2289.7 -117.5 -361.1 116.5 -292.3 -3.9
88.4 169.4 158.5
474.6 83.6 -68.9 -20.3 -62.7 0.7
1820.2 -67.2 -326 126.1 -406.2 23.4
2389.1 -7.6 -345.6 138.5 -237.1 44.5
98.5 164.2 159.5
484.7 68 -49.2 -41.8 -46.1 -20.8
1847 -72.2 -306.5 93.5 -415.2 -9.4
2450.7 -4 -302.2 89 -244 -25.7
95.2 158.1 144.2
481 76.7 -51.6 -38.9 -52.1 -14.1
1868.5 -60.9 -287 85.6 -418.3 -24.5
2496.4 44.1 -268.2 107.1 -264.1 -53.3
96.4 154.9 154.3
478.2 79.1 -47.9 -44.8 -53.4 -12.4
1880.7 -71.6 -282.6 68.4 -425.2 -41.7
2524.9 38.3 -261.2 98.5 -283.3 -84.6
93.9 151.8 141.3
473.8 87.7 -53.8 -39.3 -60.4 -6.5
1894 -82 -270.5 52.4 -431.5 -49.6
2543.8 40.3 -263.6 100.1 -318.2 -88.3
105.9 160.3 165.4
480.4 71.5 -35 -59 -43.3 -22.9
1900 -99.8 -257.7 42.3 -417.5 -67.9
2554.2 2.8 -248.5 81.1 -324.3 -96.3
101.4 164 184.9
473 83.5 -43.3 -52.3 -51.6 -12
1890.6 -83.7 -269.5 55.7 -430.4 -56.9
2571.6 -22.5 -224.2 76.3 -318.7 -102.1
108.7 167.3 195
478.9 70.1 -29.5 -66.8 -36.4 -25.3
1900 -92.4 -268.2 57.6 -422.9 -72.7
2587.7 -47.9 -217.1 74.2 -315.9 -125.8
99 172.1 195.9
470.8 83.9 -43 -56.4 -47.1 -10.1
1910.9 -105 -256.4 49.8 -424.2 -60.2
2608 -71.9 -208 75.2 -323.9 -114.5
109.5 192.2 228.9
478 68.3 -25.7 -73 -30.3 -23.4
1927.3 -119 -236.5 30.7 -394.8 -94.5
2651.1 -134 -155.3 32 -253.7 -177.6
112 197.5 240.8
479.2 63.6 -21 -79.6 -25.4 -24.8
1938.1 -130.4 -229.5 18.4 -383.4 -106
2674.3 -183.3 -132.6 -7.5 -203.9 -211
106.9 193 224.2
476.3 72.3 -29 -72.5 -32.8 -16.3
1941.8 -110.9 -241.9 28.3 -401.1 -82.2
2682.4 -140.7 -160.4 24.5 -211.6 -186.8
112.8 197.1 261.1
483.2 64.2 -18 -83.1 -24.1 -23.3
1968.3 -127.5 -206.5 8.4 -365.3 -102.1
2769.9 -193.4 -56 -81.6 -115.1 -250.3
116.5 202.2 283.6
489.3 59 -11 -92 -19.1 -27.2
1983.1 -136.7 -193.5 -9.2 -351.4 -106.1
2825.9 -182.6 -33.7 -168.2 -102.2 -264.2
113.5 186.7 292.8
487.2 75.4 -23 -82.3 -33.3 -11.1
1993.4 -109.1 -198.3 9.9 -354.8 -77.4
2919.8 -197 -21.6 -210.8 -114.8 -269.7
115.2 181.9 343.7
490.7 92.3 -36.4 -85.2 -45.7 7.3
1994.7 -84.3 -218.4 18.6 -361.3 -58.9
3006.2 -175.6 -65.5 -267.1 -132.7 -239.4
143.4 181.7 369.5
516.8 99.2 -55.4 -110.5 -33.5 18.2
2025 -93.2 -214.4 6.9 -334.6 -54.5
3138.8 -194.6 -51.8 -338.6 -112.5 -194.6
winner is: 8
