Regression analysis information for: mexican_match_declarative-narrow-focus_Manuela-vende-el-carro
number of formants: 3
number of coefficients: 5
64 224.5 198.2
483.6 -39.1 12.4 -59.7 -17.4 11.8
1527.5 -201 -287.8 -91.2 -147.7 -103
2105.4 -110.7 -74.1 -0.7 -135.7 -18.8
65.1 224.7 238.8
485.1 -31.2 14.8 -58.3 -18.7 11.6
1567.9 -138 -238 -105.6 -121.6 -93.2
2152.9 -71.9 -50.6 14.1 -105.2 -28.8
69.4 221.2 277.3
488 -21.5 20.8 -48.8 -15.3 18.3
1604.8 -60.7 -150.9 -60.1 -114 -66.4
2220.5 8.5 -9 78.5 -45.3 12.1
70.9 215.5 281.3
491.1 -11.1 26.6 -40.9 -14.7 24.3
1623.2 -22.8 -91.5 -54.1 -122.7 -57.2
2260.2 39.6 8.6 92.5 -33.8 26.3
72 210.5 271.6
490.5 -9.5 27.2 -40.7 -17.3 26.8
1649.1 -6.9 -107.3 -50.5 -122.8 -70.5
2319.5 65.4 -2.9 93.5 -72.7 5.9
72.9 252.5 276
489 -6.9 29 -40.5 -20.2 30.3
1643 -34 -106.2 -43.6 -176 -21.4
2358.8 73.1 -47.7 123 -50.4 32.4
76.5 263.7 273
491.4 -10 26.4 -37.2 -25.4 34.5
1643 -52.6 -125.5 -42.2 -203.8 -5.3
2400.2 73.2 -84.7 121.2 -40.6 64.1
86.4 280.3 266.3
501.9 -25.1 22.3 -19.1 -48.8 47.3
1633.9 -52.9 -127.4 -47.5 -240.3 33.4
2462.7 106.4 -127.4 76.1 -84.3 120.9
92.2 277.3 270.3
507.1 -32.2 19.4 -10.1 -57.2 53.1
1641.4 -57 -141.7 -28.3 -235.4 37.6
2477.4 97.4 -130.8 105 -84.6 121.1
95.2 282.5 274.2
509.6 -33.5 19.6 -3.8 -58.9 57.4
1654 -45.1 -125.9 -5 -211.4 49.5
2501.7 104.6 -133.9 128.1 -61.2 143.9
93.4 248.5 263.5
508.9 -28.4 20.1 -0.3 -53.7 58.2
1710.9 -17.8 -153.3 40 -139.9 32.6
2568.5 110.3 -164.7 186.7 -29.2 163.4
91.9 180.7 233.9
512.1 -37.5 28.6 -15.7 -33.6 36.5
1771.9 -10.9 -205.9 70.1 -65.1 -40.1
2624.5 117.5 -205.2 181.1 12.7 114.1
94.7 162.5 225.5
518.2 -45.4 35.1 -17.5 -32.5 35.5
1796.2 15 -194.2 68.6 -30.9 -47.4
2663 134.1 -198.2 171.5 33.9 106.9
89 171 208.7
511.9 -34.7 37 -28.8 -15.6 22.1
1801.1 4.2 -202.5 72.8 -40.7 -54.1
2664.9 161.8 -189 146.6 38.1 64.7
98.5 156.1 219.8
523.4 -49.9 36.5 -13.2 -40 37.8
1835.3 14.5 -153 63.8 -18.8 -66.7
2733.8 172.5 -130.4 174.2 2.8 55.7
109 152.3 240.9
532.6 -57.6 40.8 -1 -54.6 52.5
1858.2 41.7 -130.9 98 -5.8 -34.5
2789.1 160.8 -87.8 203.6 -4.2 73.3
124.8 164.8 269.5
549.7 -82.4 45.4 13.8 -75.8 58.9
1888.4 12.6 -128.9 114.5 -20.7 -32.8
2847.6 129.9 -56.2 242 -23.7 81.6
146.8 177.1 287.2
571.5 -112.6 42.6 47.2 -118.2 81.1
1909.7 5.5 -132.9 147.4 -47.3 -9.3
2876.1 137.8 -47.5 294.4 -74.4 135.7
152.2 182.3 301.7
577.4 -121.4 41.6 56.9 -128.8 84.6
1921 -21.1 -138.8 144.5 -58.2 -19.6
2890 108.4 -16.2 273.9 -76.7 141.2
154.7 193.6 311.7
578.3 -121.8 37.5 66.4 -138.3 91.6
1929.3 -37.6 -142.1 148.7 -70.1 -19.6
2892.4 86.7 -9.7 269.9 -89.6 162.7
winner is: 14
