Regression analysis information for: mexican_match_interrogative-total-yn_Marta-abre-el-regalo
number of formants: 3
number of coefficients: 5
75.1 187.9 249.8
546.5 38.7 3.9 -40.5 -66.6 29.1
1531.7 -21.2 -195.9 105.9 -76.6 0.1
2100.2 -78.1 -203.9 146.4 -15.5 -136
72.7 164.2 260.5
548.3 40.8 8.9 -40.9 -63.7 28.6
1575.6 -25.5 -138.1 105.5 -48.2 10.5
2162.4 -72.5 -189.3 127.2 -5 -132.1
73.1 150.4 268.1
547 40.2 11.8 -39.5 -62.4 28.3
1587.9 -52.6 -114.2 121.5 -34.3 14.2
2205.5 -65.9 -159.8 142.1 -3.2 -117.3
73.1 148.3 281
547 41.6 12.7 -39 -62.5 30.3
1598.5 -56.6 -99.1 129.4 -26.9 11
2231 -56.8 -131 168.5 -20.5 -101.4
75 157.9 279.1
545.3 41.5 10.9 -37.5 -62.3 35.1
1593.7 -63.4 -122.8 128.6 -13.2 50.1
2247.1 -82.1 -154.8 161.3 -9.7 -15
73.7 141.7 286.9
547.8 44.5 10.4 -40.1 -63.6 36.7
1627.9 -24.8 -121 108.3 -48.6 30
2314 -48.9 -183.7 112.4 -73 -10.8
73.4 147.7 298
547 48.9 8.2 -39.3 -68.3 36.2
1627.8 11.7 -127 124.8 -78.8 12.6
2351.5 2 -173.2 121.2 -104.5 -35
73.5 118.8 286
548.3 45.9 10.9 -43.3 -67.8 33.3
1661.4 -4 -85.6 87.7 -65 -14.9
2414.2 38.9 -146.1 75.5 -128.3 -60
73.2 100.5 269.4
547.7 45.2 11.4 -43.5 -67.6 32.4
1677.2 10.7 -77.4 73.2 -75.5 -28.8
2456.9 75.4 -130.8 62.3 -136.5 -75.9
72.3 93.6 230.2
547.6 44.9 12.2 -43.7 -68.1 30.6
1682.7 14.8 -78.5 59.3 -90.4 -49.1
2496.5 133.8 -126.6 33.3 -190.7 -129.9
73.2 88.1 211.5
546.2 43.3 11.4 -42.8 -67.9 31.5
1689.2 7.3 -66.3 54 -81.5 -53.7
2531.1 124.7 -91.9 1.6 -185.7 -153.7
73.2 87.1 197.1
546.5 41.5 12.4 -43.4 -66.9 31.9
1693.1 2.4 -60.9 51.7 -77.5 -56.9
2555.6 163.9 -85.1 -2.5 -207.8 -163.2
74 89.1 200.4
546.6 40.5 12.4 -42.3 -66.2 32.4
1694.2 1.2 -64.7 54 -74.3 -52.9
2579 175.3 -65.6 7.1 -177.4 -149
75.3 92.5 203
546.8 39.1 13.1 -41.1 -64.1 33.8
1695.7 8.6 -68.3 66.5 -74 -46
2597.4 196.5 -61.1 27.8 -163.4 -136.4
79 93 210
550.4 41.7 15.8 -43.5 -66.6 28.7
1704.5 8.4 -61.4 67.3 -68.7 -50
2615.2 191.4 -57.9 24.9 -153.7 -139.2
84.6 104.2 221
557.6 50.6 19.1 -49.7 -76.8 16.4
1712 18.2 -62.2 72.2 -73.2 -52.2
2641.6 169.9 -40.6 0.7 -132.3 -170.8
85.5 102 227.1
558.5 47.4 20.4 -51.1 -73.5 16.9
1726.7 4.2 -47.2 63 -53.1 -61.1
2677.2 109.5 -4.1 -45.2 -79.5 -211.8
90.5 104.1 237.9
565.6 56.5 22.6 -58.3 -85.3 5.3
1742 8.8 -40.8 59.7 -51.8 -70.3
2707.5 94.7 3.4 -72.4 -73.2 -250.2
91.3 108.5 242.5
565.3 56.4 21.6 -58.6 -86.1 8.4
1746.5 15.1 -50 71.2 -52.4 -60.3
2731.3 64.8 3.8 -95.5 -52.7 -272.7
95.9 108.9 242.9
573.5 50.9 9.4 -48.7 -80.2 -4.1
1763.4 1.8 -55.3 72.4 -41.1 -76.4
2779.6 7.8 32.8 -142 -6.3 -323.5
winner is: 12
