Regression analysis information for: mexican_mismatch_declarative-narrow-focus_El-hombre-mira-la-luna
number of formants: 3
number of coefficients: 5
64 260.9 238.2
503.7 -57.3 -6.6 26.3 13.5 -52
1471.2 -414.9 -271.8 -132.7 -61.7 -140.4
2218 -3.6 76.9 45 91.3 -10.7
68.4 277.5 275.8
499.2 -63.2 -15.3 21 7.5 -54.2
1513.4 -354.9 -249.8 -110 -41.2 -139.4
2285.5 7.6 64.8 40.9 152.6 -6.2
70.8 337.3 304.6
501.1 -55.4 -15.6 24 5.6 -52.8
1607.7 -195.2 -150.3 -38.7 12.1 -88
2360.6 32 68.2 81.4 167.6 25.8
67.9 316 292.7
511.8 -36.3 2.2 38.9 21.1 -39.6
1699.7 -47.7 -22.7 53.6 113.6 -7.5
2453.6 54.7 52.6 171.8 193.8 27.1
66.8 276.5 264.8
513.6 -32.6 2.5 39.8 21 -37.7
1736.3 -6.6 -30.7 74.4 163.8 32.8
2497.2 53.8 38.3 180.9 192.8 21.4
66.3 239.4 229.6
514.9 -31.8 0.4 40.8 21.5 -37.6
1767.9 17.5 -26 90.7 199.5 46.2
2546.1 33 38.3 200.9 195 0.3
65.6 217.1 209.2
515.3 -30.4 -0.3 42.6 21.1 -36.2
1796.5 58.4 6.8 122.9 223.6 52.8
2584.6 15.7 24.8 229 175.3 -22.5
66.2 203.6 201.7
514.3 -30.4 -0.5 43.5 18 -36.9
1823.2 92.3 38.1 155.7 227.6 31.8
2612.7 15.3 35.3 257.7 166.8 -46.8
64.5 201.6 203.3
514.8 -27.3 2.3 46.6 16.6 -36.5
1842.8 117.1 61.8 177 227.9 9.2
2624.4 25.3 37.6 272.8 161.7 -58.3
64.4 208.2 206.3
513.3 -26.8 4.2 46.1 14.3 -34.6
1846.9 120 71.6 179.1 230.2 10.1
2637.8 16.3 43.1 270.2 182.9 -59.9
64.5 208.7 198.4
512.4 -29 3.6 44.7 11.4 -36
1862.1 126.3 80.7 191.9 230.9 -1.5
2657.9 15.6 43.8 276.6 181.9 -84.7
63.6 206.6 189.9
513 -28.9 5.5 44.6 11.4 -34.2
1878.2 137.8 94.9 203.4 241.7 8.1
2679.1 8 69.8 271.2 200 -88.4
63 204.8 189.7
513.7 -30.4 5.1 42 11.1 -32.6
1893.5 147.3 102.9 204.8 251.4 20.6
2699.8 -8.7 94.2 249.3 212 -85.7
63.5 190.5 181.7
514.8 -34 5.8 39.6 11.5 -29.8
1921.4 162.8 89.4 186.9 269.6 58.2
2743 -41 121.6 210.1 220.3 -47.7
81.9 187.7 184.7
535.3 -18.2 4.7 7.6 -22 -40.9
1961.3 197.8 76.8 147.5 253.7 73.9
2798.1 -28.8 131.6 160.5 185.8 -24.4
91.3 188.9 189.1
547.1 -9.2 2.6 -12.1 -41.8 -46.7
1982.3 216.3 75 112.3 212.7 65.1
2832.2 -15.2 159.1 175.3 200.8 2.4
93.3 194.3 191.3
551.9 -4.9 2.1 -19.9 -50.9 -48.8
1982.9 205.9 64.9 87.8 182.2 57.4
2855.7 -7.2 166.3 172.9 198.7 10.1
95.6 198.1 204.7
555.1 0.9 -0.7 -26.5 -59.4 -51.3
1981.8 193.7 53.7 68.9 156 45.9
2880.6 4.3 164.1 164.9 190.8 18.6
95.1 193.7 222.7
552.1 5.8 -6.5 -24.6 -59.4 -52.7
1990.5 194.7 46.9 67.2 155.8 51.7
2907.4 19.4 161.8 169.4 189.6 19.9
98.3 193.1 247.7
552.5 6.4 -8.2 -25.2 -61.2 -52.3
2003.3 212.1 62.6 88 160.6 43.3
2919 30.8 172 187.8 168.7 -13.2
winner is: 14
