Regression analysis information for: mexican_mismatch_declarative-broad-focus_La-maestra-vive-en-Paris
number of formants: 3
number of coefficients: 5
84.6 281.5 232.2
479.6 33.5 16.9 -42.9 -7.6 -22.6
1595.1 -108.9 -133.2 -195.6 3.5 -184
2191 -110.1 -64.9 -195.5 35.2 -35.3
79.7 251.9 274.9
484.7 37.6 15 -54.4 -11 -20
1685.7 -104.2 -74.9 -235.5 -38.5 -126.4
2256.4 -68.7 -11.9 -220.5 42.5 -5.9
78.7 240.5 309
485.4 41.7 14.2 -54.5 -14.8 -18
1736.2 -95.6 -44.6 -221.2 -34 -87.7
2321.8 -25.1 15.7 -235.8 44 5.4
78.4 232 311.8
487.1 41 17.8 -54.5 -12.7 -17.1
1771.8 -100.4 -49.2 -214.5 -6.1 -69.1
2390.8 -29.7 40.4 -241.8 43.9 12.8
83.5 215.7 301.9
488.5 38.8 22.2 -56.9 -7.9 -19.9
1815 -118.9 -28.6 -225.1 13.3 -25.8
2482.9 -47 46.9 -252.7 36.4 73.2
80.8 202 264.1
488.7 44.5 18.7 -53.5 -12.1 -14.6
1853.2 -99.4 16.7 -199.4 45.4 19.4
2570.2 -12.8 39.3 -252.8 55.8 141.5
81.3 193.6 244
489.7 44.2 20.4 -55.9 -11 -16.6
1868.3 -90.3 15.8 -223.5 41.8 35.1
2609.9 18 40.2 -283.3 36.4 126
81.9 181.8 230.2
490.2 44.5 21.1 -55.7 -11.5 -17.5
1883.8 -100.1 20.7 -209.2 34 39.9
2638.4 25.3 53.7 -280.2 17.7 97.4
82.9 179.8 223.3
490.1 45.2 21.6 -55.8 -11 -17.8
1891.4 -105.3 26 -211.4 32.5 43.3
2656.7 30.6 68 -275.2 26.1 96.5
85.5 174.8 212.9
489.6 41.5 26 -55.6 -6.1 -21.3
1903.3 -116.8 33.7 -210.9 24.1 51.7
2687 32.2 95 -272.5 40.9 105.3
90.1 174.1 216
488 36.2 31.3 -54.5 1.5 -26.9
1912.3 -123.5 43 -217.4 19.7 55.7
2717.3 21.1 133.6 -301.9 65.6 102.2
101.6 181.7 239.1
496.4 14.8 50.9 -67 15.7 -35.8
1923 -137.1 59.8 -226.7 27.1 52.5
2763.8 1.9 203.6 -329.3 123 101.6
111 182.6 240.8
500.8 2.1 62.8 -74.1 25.7 -42.4
1932.4 -160.8 80.8 -224 31.3 56.4
2785.2 -10.7 238.8 -332.8 136 103.6
130.3 189.2 254
513.9 -25.3 87.2 -93.3 42.1 -52.5
1949.4 -180.8 100.3 -239.1 44.9 50.8
2824.3 -42.7 300.5 -340.2 180.8 105.4
156.4 200.8 270.3
537.1 -71.6 129.9 -127.6 69.4 -68.7
1971.7 -210.9 126.4 -261.4 61.3 41.7
2865.7 -100 361.2 -379.6 222.9 87.1
188.7 204.1 282.4
577.9 -149.7 201.8 -189.1 117.3 -102.7
2009.3 -251.4 154.1 -295.6 63.9 44.1
2934.7 -170.5 431.1 -472.4 272.2 45.1
197.5 211.8 295.6
592.3 -172.8 212.9 -187.3 112.1 -102
2010.9 -240.7 137.2 -290.5 58.8 45.5
2971.4 -177.4 424.2 -489.2 266.1 32.7
217.9 210.4 315.5
610.9 -183.2 217 -215.6 114.1 -88.5
2032.7 -254.8 118.9 -280.6 31.8 63.2
3021.6 -200.8 425 -543.1 262.7 49.1
221.1 207.9 311.7
625 -193.4 218.3 -228 119.8 -96.5
2041.1 -258.8 117.9 -292.3 46.6 46.9
3043.3 -205.9 420.5 -581.7 281.8 35
226.5 226.2 328.6
638.5 -206.6 227.5 -246.4 128 -98.3
2070.3 -288.2 135.5 -317.4 61.3 38.1
3089.3 -237.1 443.5 -627.9 288 44.9
winner is: 10
