Regression analysis information for: mexican_mismatch_interrogative-partial-wh_Cuando-miraba-la-luna
number of formants: 3
number of coefficients: 5
63 297.9 220.6
507.4 3.4 -71 15.6 40.8 48.2
1428.2 -151.4 -29.8 -149.8 -19.2 91.1
2080.9 -74.7 -129.1 -90.5 -94 -6.6
61.3 283.2 244.2
506.1 6 -76.5 16.4 36 51.9
1486 -127 -62.1 -195.8 -118 71.4
2141.6 -88.2 -163.9 -75.2 -138.2 -20.6
59.7 253.6 232.5
505.4 9.7 -83 12.9 30.7 58.1
1537.3 -116.4 -115.8 -211 -130.6 55.5
2200.6 -94.5 -224.1 -74 -115.5 -56.3
56.2 223.2 222.9
507.9 15.7 -88.3 18.3 31.4 52.8
1570 -121.8 -158.5 -163.8 -117.7 21.5
2252.3 -93.3 -245.5 -61.2 -108.2 -110
56.9 231.4 219.7
506.2 19.4 -91 18.9 30.6 49.5
1569.5 -124.5 -159.8 -170.8 -112.7 6.8
2289.6 -87.3 -259.2 -49.9 -125.9 -141.7
56.6 262 244.3
504.3 23.9 -91.5 21.1 33 48.2
1544.2 -61.3 -187.9 -155 -92.1 -28.4
2295.1 -79.9 -242.3 -62.1 -108.3 -179.6
57.1 271.4 239.4
503.4 27.4 -90.9 19.5 32.4 45.4
1550.9 -39.2 -177.8 -157.7 -81.7 -46.5
2311.1 -51.6 -266.9 -23.8 -105.6 -185.2
56.4 276.9 263.9
503.3 30.8 -87.5 20 34.9 46.6
1561.8 -27.3 -155.3 -159.2 -59.9 -48.6
2353.8 -25.7 -234.2 -49.4 -32.6 -156.5
55.8 274.2 273.9
502.8 32.5 -84.7 20.8 36.7 48.4
1572.3 -32.2 -137.6 -167.1 -52.7 -55.7
2413.7 -13.4 -220.5 -70.9 29.4 -133.7
57.8 246 285.2
501.5 31.8 -84.2 20.4 36.4 48.3
1633 -12.4 -57.6 -161.6 -77 -54.9
2497.7 6.9 -115.7 -53.1 33.9 -121.6
55.6 185 254.5
504 33.1 -79.2 23.5 35.9 49.4
1690.7 26 9.8 -132.6 -93 -43.3
2545.7 61.3 -48.3 -25.5 63 -116.4
55.7 155.2 225.5
503.9 32.9 -78.2 25.5 35.4 50.1
1724.9 46.2 44 -134.2 -120.1 -50.5
2586.6 114.4 9.7 31.9 72.8 -65.6
55.2 131.1 191.7
503.8 32.6 -77.6 27.7 35.2 50.6
1756.8 52.6 70 -134.3 -156 -48.7
2641.8 98.2 54.3 73.9 21.6 -2.7
54.8 131.2 177.6
502.9 31.6 -77.9 28.8 35.4 51.3
1757.3 59.6 67.7 -133.7 -163.8 -54
2650.1 91.5 53.6 69.6 -4.7 -11.9
54.8 139.1 182.8
501.6 30.4 -79 29.7 35.7 51.9
1752.7 48.9 64.1 -127.2 -157.9 -42.1
2663.8 80.5 66.1 78.8 -9.3 -10.5
54.4 142 199.8
499.9 29.1 -81 30.1 36.1 53.1
1752.6 44 63.7 -125.8 -155.7 -38.6
2671.5 75.2 80 85.7 8.3 -14.1
54.2 142.6 223.6
498.4 28.5 -83.4 30.9 36.4 53.8
1753.5 40.5 63.7 -124.8 -152.9 -39.5
2677.2 78.6 85.7 93.2 30.9 -19
54.1 139.2 248.4
497.3 29.3 -86.3 31.4 36.1 54.9
1757.5 42 59.2 -131.7 -151.4 -40.3
2671.9 77.2 71.8 82.4 58.7 -26.4
63.1 149.9 259
503.3 17.2 -76.4 18.8 49.2 42.3
1753.1 9.9 42.2 -164.9 -136.5 -56.3
2634.3 11.7 2.5 30.4 81.3 -40.5
67.9 154.5 276.5
507.7 10.1 -71.2 11.7 57 35.6
1760.5 -9.6 42.3 -174.5 -112.1 -56.6
2664.7 0 15.1 17.3 108.8 -51.3
winner is: 14
