Regression analysis information for: mexican_match_interrogative-partial-wh_Cuando-lleva-el-abrigo
number of formants: 3
number of coefficients: 5
56.2 185.9 278.3
494.4 34.8 -7.7 17.2 68.2 -9.9
1576.4 126.2 -151.3 20.1 -295.9 37.8
2101.1 50.6 -156.4 24.5 -96.1 -54.2
56.8 158.2 263.6
495.5 32 -8.3 17.3 71.2 -8.2
1609 118.2 -176.9 5 -271.6 61.7
2179.5 56.6 -208.3 -19.8 -89.7 -28.2
58.3 147 248.6
495.8 29.7 -8.3 17.1 75.3 -5.2
1634.9 119.9 -187.8 -14.1 -274.9 79.2
2267.4 90.4 -209.6 -36 -84 13.7
61.2 145.1 265.8
495.4 28.2 -7 16.2 81.4 -0.9
1656.5 120.6 -183.1 -22.8 -291.3 85.2
2342.4 145.9 -180.2 -41 -106.7 28.5
64.8 144.3 266.6
494.9 25.6 -5.7 17 84.7 1.9
1672.5 102.3 -152.5 -49.9 -258.7 60.9
2413.7 197.4 -170.8 -73.3 -149.5 15.2
64.9 151.9 266.1
494 22.9 -4.2 15.6 86.3 0.8
1669.3 83.8 -160.9 -51.4 -247.2 66.5
2437.7 170.8 -198.8 -89.5 -152.4 58.7
65.1 156.6 267.1
492.6 23.6 -2.3 16.6 86.9 0.9
1676.7 81.3 -155 -45.4 -244.3 71.8
2447.8 185.5 -194.9 -72.5 -107.6 68.7
65.3 163.9 267.6
491.1 24.1 0.3 18.3 87.1 0.9
1679.5 78.1 -149.1 -38.9 -251.8 81.2
2468 199.7 -190.8 -68.1 -111.7 57.9
65 160.9 246.9
489.7 26 0.4 20.3 86 1.3
1674.4 93.5 -151 -32.1 -260.7 79.8
2484.1 206.3 -162.7 -38.1 -126.7 53
64.9 159.1 241.7
490 25.9 2.7 20.2 86.5 0.4
1674.7 97.1 -143 -31.7 -260.5 74.6
2516 232.5 -115.8 -55.4 -153.4 -3
65.6 154.5 236.5
489.8 29.1 2.3 22.8 85.4 1.7
1677.6 108.7 -138.9 -26.3 -265.2 70.8
2540.6 280.6 -103.3 -66.5 -197.2 -30.3
65 150.5 232.2
490.5 29.9 2 23 85.1 1.6
1684.7 122.1 -138.1 -20.5 -270.1 67.7
2558.4 307.1 -108.3 -72.7 -218.1 -36.2
64.7 151.1 227.3
492.7 28.1 3.8 20.8 86.9 0
1696.9 115.9 -131.8 -28 -261.3 61.4
2589.3 309.4 -93.5 -89 -207.4 -53.2
64.3 156.3 214.5
494.1 29.6 2.7 21.5 87 0.8
1697.2 109.1 -150.5 -29.6 -263.4 68.4
2607.1 336.6 -115.4 -82.6 -214 -41
64.8 153.1 204.6
496.7 28.7 3.7 20.1 89.1 0.1
1719.7 99.2 -132 -41.3 -244.9 56
2654.6 335.3 -86.1 -107.1 -181.6 -59
65.2 156.9 205.2
498.9 28.6 4.1 19.7 90.9 0.5
1731.3 89.8 -129.8 -46.6 -233.6 54.7
2677.3 326.5 -93.5 -122.5 -162 -52.7
66 161.4 215.6
500.6 28.2 3.8 19.9 92.5 1.2
1741.6 80 -126.2 -51.7 -223.7 53.6
2705.9 298.5 -82.6 -152.6 -127.2 -66.8
67.6 166 231.1
502.9 26.4 5.1 19.2 95.6 1.3
1753.9 63.7 -114.5 -65.2 -207.8 50.5
2738.4 256.2 -57.9 -191.9 -85.2 -89.5
72.8 165.9 243.1
507.1 21.8 0.7 25.6 93.8 -3.7
1770.7 48.3 -123.4 -48.9 -208.5 41.2
2764.1 232.9 -79.7 -162 -96.7 -109.4
77.1 168 266.8
512.9 19.7 0.8 33.8 95.3 -5.4
1792.4 34.8 -112.7 -36.8 -195.4 41.2
2803.5 200.2 -59 -152.6 -73.3 -124.3
winner is: 15
