Regression analysis information for: mexican_mismatch_declarative-broad-focus_Mi-tia-odia-la-lluvia
number of formants: 3
number of coefficients: 5
83.4 456.1 267.8
494.3 8.3 -86.3 -92.4 16.4 -2.5
1533.8 -190.7 -171.5 -179.9 -148.9 -140.8
2214.4 -104.4 235.9 -48.4 -49.3 -133
83.3 416.8 281.6
492.6 8.1 -84.4 -91.4 13.9 -3.7
1604.5 -189.5 -36.2 -131 -145.3 -215.6
2285.3 -159.8 244.4 53.9 -81.4 -219.7
82.5 342.1 253.5
493.6 9.7 -83.3 -86.3 16 -0.7
1662.2 -205.4 104.6 -74.8 -216.9 -185.5
2343.3 -212.2 299.5 119.2 -141.1 -218
83.5 318.1 235.8
489.9 6.5 -78.2 -80 14.1 -5
1666.8 -211 190.4 -60.2 -210.8 -190.6
2353.2 -205 352.6 124.5 -141.6 -219.4
81.3 287.6 242.6
492.8 7 -87.2 -86 14.5 0.8
1685.1 -278.7 130.1 -47.6 -221.7 -162.4
2419.4 -207.4 258.3 90.2 -123.9 -163.2
82.1 284 270.3
494.4 12.2 -85.6 -85.1 14.4 5.3
1772.6 -216.1 95.6 -43.1 -193.6 -142.2
2526.5 -184.5 130.3 87.2 -23.1 -80.5
82.4 314.7 226.9
497.1 16 -89.7 -84.6 16.1 5.6
1864.2 -178.8 12.7 -11.3 -94.1 -149.3
2673.1 -165.9 -70.8 50.5 45.3 -43.7
82.5 292.8 173.2
497.8 20.5 -91.2 -84 16.7 8.4
1917.6 -94.7 59.3 -2.4 -96.8 -142.8
2752.9 -79 -89.7 -48.8 -39 -30.2
82.2 292.3 174.5
497.3 23.4 -92.1 -83.6 16.8 10.1
1941.3 -50.7 90.6 19.2 -80.9 -133
2778.5 -58 -87 -59 -60.3 -31.2
81.4 271.8 170.4
495.8 24.5 -92 -82.6 16.6 11.1
1971.7 11.7 138.6 52.8 -62.4 -137.6
2798.9 -26.5 -67.5 -44 -54.5 -34.6
79.6 272.2 165.3
492.8 22.5 -92.3 -81 17.4 13.1
1974.1 19.4 145.3 55.5 -59.4 -141.7
2806.1 -8.5 -65.9 -39.8 -51.5 -41.4
78.2 270.9 165.4
490.6 21.3 -91.7 -79.5 16.8 12.3
1973.1 24.7 147.7 55.1 -64.8 -152.6
2809.8 5.7 -60.9 -33 -50 -50.2
77.1 269.3 162.7
489.1 20.2 -90.9 -78.6 15.9 10.7
1975.1 31.2 155.9 58.4 -71 -161.6
2812.2 14.4 -50.9 -19.7 -52.4 -59.2
76.1 260.5 163.5
488.2 19.1 -90.4 -77.5 15.5 9.4
1981.5 38.7 168.6 66 -75.6 -169.1
2820 19.3 -40 1.7 -62.9 -68.7
75.7 261.8 168.2
487.8 17.8 -90.9 -77.6 15.2 9.4
1985.6 33 172.2 66.7 -81.9 -172.2
2837.7 21.5 -27.9 25.4 -67.2 -72.4
75.9 269.8 184.5
487.6 16.2 -92.2 -78.2 15.1 10.5
1982.9 1 155.4 47.4 -101.3 -181.2
2860.2 15.7 -33.2 38.2 -83.5 -78.5
76.2 258.7 197.1
486.4 12.5 -95 -78.3 17.6 15.3
1987.1 -22.3 143.4 28.9 -121.5 -197.6
2888.6 1.2 -47.6 41.6 -98.8 -92.6
104 270.2 258.3
512.2 53.7 -77.4 -88.4 -17.3 -31.6
1997 -40.3 132 8.9 -144 -210.6
2960.7 51.7 -20.2 59.4 -128.4 -134.3
102.9 248.2 285.2
512.4 52.1 -80.3 -88.7 -15.5 -27
2024.5 -21.3 153.9 23 -132.7 -204.7
3016.8 68.7 -12.9 92.1 -112.9 -127.9
106.9 267.2 293.1
516.3 56.9 -80.5 -89.9 -18.7 -29.6
2020 -62.4 123 3.1 -135.8 -198.2
3049.1 54.5 -32.5 74.5 -130 -146
winner is: 14
