Regression analysis information for: mexican_match_declarative-narrow-focus_David-leia-el-libro
number of formants: 3
number of coefficients: 5
61 228.8 180
435.4 6.9 9.1 -14.7 35.3 -6.2
1702.8 -151 -469 -161.7 -98.4 -65.7
2342.8 -44.3 -314.4 -64.8 -119.3 26.1
60.7 212 179.7
433.9 4.3 9.7 -12.8 32.8 -5
1655.3 -190.3 -475.4 -228.9 -32.7 -24.4
2351.6 -103.8 -380.3 -104.6 -110 57
62.8 204.6 181.5
431.6 7.5 10.4 -7.2 31.3 -6.1
1654.6 -191.5 -431.3 -239.3 -43.4 -48.5
2404.3 -75.4 -384.2 -107.6 -48.5 81.9
64.2 232.1 189.3
428.7 8.3 9 -3.6 30.5 -7.4
1708.7 -144.9 -419.5 -205.4 -66 -70.4
2481.2 -26.5 -376.2 -76.1 -10.3 53
65.2 263 158.7
428.3 11.8 12 1.6 31.7 -6.6
1792.3 -73.5 -398.9 -71.8 -114.3 -64
2584.7 87.5 -285.4 29.7 -6.3 45.3
65.5 254.5 135.5
428.3 13.8 13.1 3 31.3 -9.3
1819.2 -58 -386.1 -96.3 -128.2 -101.7
2611.7 108.4 -262 23.7 -22.6 15.9
64.7 252.7 116.9
428.3 15.9 13.5 4.7 33.4 -10.1
1834.4 -45.9 -401.4 -98.9 -105.9 -105.5
2631.7 131.8 -273.6 22.1 -27.4 6.8
64.6 247.9 112.2
427.9 15.7 14.1 5.6 33.9 -10.3
1840.6 -57.8 -395.4 -107 -102.3 -110.7
2646.8 156.3 -242 39 -11.4 24.6
63.7 253.6 112.1
427.4 16.2 14.6 7.2 34.8 -9.3
1836.8 -59.2 -382.5 -107.6 -111.2 -115.5
2655.2 160.3 -222.6 36.3 5.9 18.2
63.5 242.1 112.9
425.9 14.9 13.4 7.5 34.2 -8.9
1850.9 -80 -375.8 -120.4 -81.9 -134.6
2671.8 125.8 -211 -3.8 39.4 -19.9
64.2 242.7 117.4
427 9.1 17.1 3.2 38.7 -13
1849.8 -89.8 -368.5 -118 -74.1 -145.1
2698.2 142.6 -155.7 12.2 92.9 -4.4
64.4 240.6 124.7
429.7 2.1 23.3 -2.8 44.9 -19.6
1854 -104.3 -362.1 -113 -74.1 -149.5
2713.7 118.9 -125.1 5.1 114.7 -7.1
65 242.3 146.9
429.1 2.8 22.1 -1.9 43.5 -17.8
1855 -101.6 -368.8 -98.7 -80.5 -149.1
2730.7 118.6 -98.7 16.9 135.2 1.9
64.5 238.9 158.5
429.6 1.9 22.7 -2.8 44.3 -19.3
1867.9 -110.6 -374.1 -89.3 -87.7 -147.9
2748.6 97.7 -90.2 18 134.3 0.8
69.2 237.7 172.3
432.9 -6.7 29 -11.9 50.5 -26.1
1873.8 -132.2 -401.8 -97.7 -102.9 -167.2
2768.1 72.7 -83.3 6.6 143 -14
69.8 241.2 202.1
436.3 -2.9 22.1 3 44.6 -24.5
1902.4 -128 -403.5 -75.5 -98.7 -167.9
2810.6 87.4 -52.4 46.6 166.4 4.1
70.7 238.8 228.7
440.5 -8.4 29.4 -3 51.6 -30.2
1930 -122.3 -396.6 -63.8 -85.8 -170
2845.3 83.6 -33.8 65.5 181.3 -3
74.6 236.3 235.7
444.7 -11.6 24.4 4.9 47.8 -35
1948.1 -108.5 -413 -50.7 -91.5 -165
2867.2 102.3 -46.6 113.5 174.3 4.6
75.7 231.8 274.4
449.6 -15.9 32.3 0.8 55.7 -39.5
1983.3 -84.5 -400.6 -34 -65 -144.1
2914.9 88.8 -18.3 140.9 213.1 -15.8
76.3 231.3 317.6
451.8 -17.7 35.7 -1.3 59.3 -41.2
2022.8 -54.5 -395.2 -22.8 -42.9 -118.2
2974.8 67.9 -11.1 182.2 253.7 -57.5
winner is: 10
