Regression analysis information for: mexican_match_interrogative-total-yn_Daniel-iba-a-Bolivia
number of formants: 3
number of coefficients: 5
73.4 397.6 239.8
458.8 5.3 13.7 -47.1 59.2 -46.5
1536.6 -151.9 56.1 -148.2 -314.7 254.7
2185.6 10.7 26.7 -152.2 -298.4 249.2
74.1 336.2 271.2
460 14.6 12.3 -53.4 47.7 -49.2
1629.8 -42 63.3 -233.4 -473.4 183.4
2244.7 29.2 30.8 -180.5 -317.4 232.9
73.6 316.8 313.4
462.5 14.6 1.8 -54 51.4 -50
1665.8 12.2 -14.6 -283.7 -421.4 119.5
2313 18.2 -51.2 -152.5 -266.3 156.8
73.1 295.6 316.1
462.8 14.4 -0.1 -53.6 52.1 -51.2
1652.6 14.4 -53.6 -328.5 -391.6 83.4
2343.1 42.9 -72.7 -166.7 -238.2 159.3
72.4 284.7 293.1
464.1 10.9 -1.4 -55.3 54.7 -54.8
1649.3 -21.5 -79.6 -368.1 -374 53.4
2415.9 19.3 -138.2 -138.5 -166.5 55.6
72.6 288.9 274.4
464.8 10.9 -0.8 -54.8 57.6 -55.4
1687.5 -67.4 -83.4 -336.2 -399.5 98.5
2474.2 -1 -153.5 -114.1 -130 21.2
72.8 278.3 244.4
465.4 9.3 -0.6 -54.1 57.8 -56.3
1740.3 -117.8 -47.4 -310.1 -421.4 142.1
2560 -86.4 -114.5 -138.8 -74.9 1.9
72.4 284.2 236.8
465.6 7.4 1.5 -54.4 59.4 -57.6
1758.4 -103.9 -24 -299.5 -405.8 167.2
2591.3 -74.1 -107 -126.1 -58.6 12.9
71.3 296.3 225.7
466 8.2 6.1 -52.6 61.8 -57
1782.4 -76.1 11.1 -281.6 -382.7 178.8
2651.2 -18.2 -42.8 -99.8 -22.1 -3.2
70.7 284.5 205.4
464.2 8.7 9.4 -51 61.1 -56.3
1803.1 -55.6 35.9 -286.6 -395.4 160.5
2689.8 -9.5 10.5 -108.9 -4 -23.6
69.2 262.1 185.2
462.9 7.3 12.8 -51.8 61.6 -56.9
1820 -53.1 60.8 -292 -400.2 131
2711.3 -8.9 46.1 -126.9 17.7 -46.6
67.9 264.2 176.5
461.3 7.3 15.5 -50.7 62.1 -55.7
1826.8 -44.8 89.8 -269.4 -389.8 126.9
2715.5 6.8 83.7 -124.7 45.2 -45.2
66.7 233.7 163.6
460.7 7.9 17.2 -49.3 63.3 -53.9
1863.5 23.4 161 -202.1 -322.6 176.9
2738.2 43.5 141.7 -84.1 98 -22.2
66.2 227.9 171.9
459.6 7.3 16.5 -48.7 63.3 -53
1883.4 44.5 169 -182.1 -321.2 180.6
2752.5 81.7 150.6 -60.3 87.7 -10.1
65.6 199.9 165.6
459.8 7.5 15.8 -48 63.6 -52.6
1921.3 79.8 180.9 -179.5 -352.4 150.8
2797.3 106 184.7 -61.5 94.3 -47.7
65.4 203.8 166.4
460.1 7.2 14.4 -47.6 63.7 -52.5
1937.6 69.1 166.3 -186.9 -376.7 145.1
2816.7 70.9 174.5 -80.7 104 -80.9
65.2 208.6 178.4
460.8 7.2 13.3 -46.9 64.2 -52.2
1954.4 63 163.7 -174.1 -382.2 158
2843.3 67.7 152.8 -80.2 97.7 -74.6
65.6 209.7 212.3
461.4 6.4 11.6 -46.9 64.4 -52.4
1965.6 61.7 158.8 -179.1 -381.6 169.2
2885.9 69.4 127 -94.1 71.6 -52.9
66.2 211.4 247
461.6 4.4 8.8 -47.7 63.9 -54
1981 69.4 167.4 -167 -369.3 188.8
2930.5 65.1 110 -84.2 51.7 -35.3
66.5 217.2 287
462.9 4.6 8.1 -46.5 65.3 -54
1994.1 80.7 175.8 -159.2 -357.6 209.1
2974.2 68.7 111.6 -52.6 43.6 -8.8
winner is: 15
