Regression analysis information for: mexican_match_interrogative-partial-wh_Por-que-hablaba-del-agua
number of formants: 3
number of coefficients: 5
90.9 246.8 297.1
535.8 9.6 -95.8 -17.6 -20.5 36.9
1489.3 104.2 -228.1 79.6 -89.9 -134.2
2066.4 -17 -137.5 146.3 -143.5 -167.2
89.6 238.4 323.8
539.4 0.5 -85.2 -27.3 -15.6 35.2
1500.7 86.3 -160.9 40.8 -90.6 -155.7
2127.7 -66.8 -82.3 107.3 -127.3 -228.2
86.9 203.5 341.4
538.1 -1.1 -84.1 -26.3 -17.9 44
1537.5 127.7 -92.2 52.8 -114.8 -147.2
2192.4 -74.2 -1.9 107 -126 -246.4
91.9 201.9 352.7
538.7 5.2 -77.1 -25.9 -24.4 42.4
1552.3 172.2 -57 40.3 -150.6 -183.1
2251 4.7 63.1 136.6 -77.9 -230.1
93.7 164.6 339.2
540.7 4.5 -77.5 -24.5 -22.8 41.1
1604.5 173.9 -114.8 46.2 -128.4 -185.4
2349.7 38.4 0.8 133.1 2 -173.9
110.6 169 312.3
551.6 26.6 -68 -26 -33.2 19.3
1621.2 177 -111.8 48.4 -140.9 -194.7
2412.8 73 -13.1 83.6 -25.1 -208.1
111.3 163.8 272.1
551.9 26.2 -68.8 -25.4 -32.1 19
1637.5 167.8 -118.7 54.5 -135.3 -200.5
2482.3 58.6 -66.3 83.2 -16.1 -202
108.8 161.5 215.7
546.9 23.8 -74 -24.6 -29 23.8
1639.6 169.3 -123.5 50.1 -124.7 -194.7
2554 38.7 -113.7 82.4 14.4 -179.4
117.8 174.3 168.7
551.7 37.1 -69.6 -24.1 -37.7 12.1
1637.5 181 -123.2 36.9 -117.7 -198
2606.5 -5.6 -129.8 102.3 -22 -124.4
118 178.3 136.2
548.7 40.5 -72.7 -21.7 -39.7 13.6
1634.4 203.4 -130.2 44.6 -122.4 -211.7
2626 15.9 -160.9 107.1 -14 -115.6
124.7 178.3 132.3
554.6 27.9 -60 -34.7 -27.2 0.2
1646.1 191.5 -116 38.5 -120 -221.7
2654.6 -1 -159.1 83.4 17.1 -116.9
119.8 181.1 129.9
549.6 23.6 -64.3 -32.9 -23.9 6.8
1644.6 189.6 -117.9 43 -121.2 -222
2655.2 0.4 -159.8 88.7 18.8 -114.8
125.8 180 130.2
553.8 23.8 -57.8 -38.4 -23 -2.5
1655.8 188.5 -108.3 44.1 -126.3 -235
2673.8 -2.5 -140.3 80.4 16.7 -127.9
137.8 178.8 136.3
563.1 38.9 -49.1 -39.2 -35.4 -17.1
1668.6 174.2 -100.2 47.2 -132.8 -236.9
2692.2 -19.4 -118.9 76.3 12.3 -122
138.8 178.4 131
561.5 43 -52.5 -36.2 -39.4 -13.7
1674.2 175.7 -106.7 59 -138.2 -244.5
2701.7 -9.5 -110.6 75.2 11.4 -129.9
163.7 193.7 144.5
578.8 20.8 -22.8 -64.2 -17.1 -44.2
1695.8 155.1 -98.8 59.7 -134.2 -266.8
2736.1 -42 -62.7 41.3 36.9 -149.8
176.3 207.5 167.2
593.2 -20.4 6.4 -94.6 16.4 -61.5
1728 104.1 -77.1 55.4 -122.5 -274.2
2782.3 -105.7 -3.9 1 71.1 -155.7
184.1 209.2 176.9
602 -26.6 17.1 -103.1 21.8 -71
1749.7 95.1 -65.4 56.2 -139.4 -273.5
2825.1 -141.3 45.4 -25.1 88.4 -163.4
184.8 213.2 173.6
607.3 -28.4 23.2 -107.8 23.6 -76.7
1757.3 93.7 -67.8 62 -138.1 -274.8
2851.6 -165.6 66.6 -45.4 96.8 -156.6
181.7 227.7 190.3
608.3 -26.8 21.9 -105.1 21.8 -74.4
1777.1 84.9 -70.4 73.7 -148.5 -289.3
2882.7 -174 88.3 -60.6 92.8 -169.7
winner is: 12
