Regression analysis information for: mexican_mismatch_declarative-narrow-focus_La-nina-lava-el-plato
number of formants: 3
number of coefficients: 5
75.9 304.5 273.8
511.1 -33.6 -14.8 -72.1 38.1 52.2
1376.8 -150 -266.5 -287.9 -118.9 143.1
2124.1 54.5 -74.7 -150.7 -35.1 71.9
78.5 333.1 314.4
512.4 -19.6 -13 -62.6 44.2 51.1
1405.6 -183.3 -284.4 -192.5 -125.9 98.5
2188.3 27.7 -78.2 -84.7 -68.9 73.2
79.9 325.4 341.8
513.7 -14.3 -13.9 -59.6 45.5 50.5
1467.3 -187.1 -289 -230.5 -136.2 63.3
2261.4 7.5 -77.5 -81.9 -38.6 89.7
80.2 302 356.7
515.7 -21.2 -15.4 -58 38 61
1535.1 -179 -267.1 -219.6 -182.2 91.5
2349 -16.9 -40.7 -37.4 -48.3 146.9
81.3 278.7 345.6
517.4 -21.8 -21.3 -55.7 32.9 59.9
1578.4 -146.8 -266.1 -216 -217 85.1
2417.4 -50.5 -39.4 -36.3 -75.4 183.4
81 267 286.3
520.3 -15.8 -20.8 -49 35.6 63.5
1633.8 -148.5 -254.9 -149.8 -212.3 93
2557.3 -93.6 -61.8 42 -41.1 233.7
80.1 253.5 230
520.1 -18.4 -25.7 -50.2 37.6 62
1634.8 -168.3 -303.5 -127.8 -177.8 107.3
2612.5 -88.1 -145.3 63.8 3.9 254.5
82.7 271.7 223.5
516.9 -21.1 -28.5 -54.6 40.6 61.3
1667.6 -138.3 -260.2 -110.4 -155.9 117.4
2649.6 -53.9 -148.5 80.3 33.5 280.2
94.7 289.6 221.5
531.2 -24.5 -21.9 -30.5 28.2 69.2
1722.1 -72.2 -194.6 -80.5 -149.4 104.4
2710.6 -35.8 -110.9 94 54.6 273.2
97.1 283.3 216.7
535.2 -31.5 -17.7 -25.2 23.7 72.6
1756.6 -52.7 -151.9 -101.7 -159.5 64
2730.6 -26.4 -97.2 106.4 53.2 275.9
97.3 269.1 218.9
531.1 -30.2 -16.6 -26.9 25.7 74.2
1776.2 -20.1 -119 -87.2 -170.4 28.6
2742.5 3.3 -84.4 103.8 46.6 266.5
97.3 243.1 214.1
531.9 -25.3 -12.7 -24.5 25.4 72.9
1801.8 32.9 -77.1 -62.4 -173.4 10.6
2757.2 47 -50.3 96.6 58.4 251.6
98.2 233.1 226.4
532.6 -27.1 -10.9 -23.3 22.3 72.2
1828.1 66.1 -28.7 -58.6 -144 13.9
2790.5 57.2 -11.2 70 83.2 256.2
101.5 224.2 217.8
531.5 -28.9 -13.6 -21.2 17 72.9
1838.1 98 -11.4 -56.1 -143.2 6
2785.8 89.3 15.7 53.5 92 278.4
102.1 205.1 211.2
531.9 -27.8 -15.2 -19.5 13.8 71.3
1865.2 121.3 0.3 -48.7 -170.4 -30.1
2847 62.9 42.5 81.3 74.6 226.4
103.3 195.1 217.7
530.4 -26.6 -18.4 -19.4 12.2 71.2
1890.2 185.6 34.1 -9.1 -148.2 -7.5
2867.2 68.2 72.5 97.5 111 256
102.6 194.1 238.9
531.7 -22.7 -17.2 -15.7 15.7 74.3
1912.6 240.1 64.2 42.8 -116.6 22.6
2882.4 74.1 69.9 143.7 126.7 285.2
111 207 259.5
537.8 -32.5 -23.3 -4.3 0.9 79.2
1918.1 244.8 56.3 61.1 -115.8 46
2908 61.7 67.1 176.5 121.8 300.1
111.3 216 282.1
538.8 -32.7 -24.2 -3.2 1.3 81.1
1927.7 238.5 56.3 66.3 -106.4 60.4
2945.6 31.3 75.9 199.8 121.9 303.9
111.6 240.9 300.3
539.2 -34.1 -25.8 -3.7 1.6 82.8
1914.4 198.4 21.7 54.6 -106.6 87.1
2955.9 8 64 191.6 120.4 305.6
winner is: 16
