Regression analysis information for: mexican_mismatch_interrogative-total-yn_El-hombre-mira-la-luna
number of formants: 3
number of coefficients: 5
68.6 261.9 226.5
479.2 -34 -4.6 23.6 35.8 -30.2
1539.6 -133 -75.6 141.2 178.4 67.3
2218.6 8.8 -89.4 237 100 111.9
69.9 255 245.6
479.9 -28.3 -2.3 24.6 37.8 -26
1591.3 -42.1 -10.8 125.3 206.2 106.9
2265.4 48.1 -105.3 216 101.5 111.3
68.6 205.5 256.2
482.8 -21.8 -3.6 24.6 39.8 -27
1654 30.2 -2.6 136.2 238.6 119
2313.2 114 -92.7 210.6 108.7 134.4
69.4 199.2 250.7
482.3 -19.1 -4.7 23.8 39.1 -28.2
1671.6 68.2 -4.6 148.8 231.1 114.2
2341.8 159.1 -68.1 229.1 115.1 149.5
69.9 188.1 234.9
481.6 -17.9 -5.4 24.2 39.3 -29.4
1694 86.3 -25 168.7 241 82.2
2386.9 161.4 -87.7 255.4 120 107.6
69.9 181.4 209.1
480.6 -17.9 -6.1 24.9 40 -30.4
1718.7 103.6 -23.2 171 244 60.3
2446.4 153.2 -121 276.9 142.5 58.5
69.6 180.5 178.7
479.9 -18.5 -6.4 25.6 41 -30.3
1734 112.7 -19.7 160.8 246.9 62.6
2483.4 136.4 -165.6 305.8 164.2 18.8
69.1 173.1 150.7
479.3 -19.1 -6.5 26.3 42 -29.5
1750.7 130.8 -23.6 152.2 244.9 81.7
2473.8 176.5 -211.6 339.3 146.9 21
68.5 181.3 152.9
478.3 -20.5 -6.1 26.8 42.7 -28.8
1765.4 132 -7.4 155.7 248.5 99.2
2475.1 175 -210.4 348.5 151.8 11.5
67.4 180.5 158.4
477.4 -21.9 -5.7 27.1 43 -28.3
1781.5 129 9.9 149.2 255.2 113.5
2494.3 164.7 -201.9 326.1 152.1 23.1
66.1 184.9 168.5
476.2 -24.1 -5.3 27.2 42.4 -28.1
1792.7 144 12.8 152.7 249.3 136.5
2516.3 135.2 -172.6 310 152.6 35
64.6 179.7 189
475.5 -26.4 -4.3 27.5 41.6 -28.1
1808.5 136.8 20.8 143.7 240.8 157.1
2567.4 54.9 -110.2 264.3 168.2 48.6
62.9 170.3 182.8
474.8 -28.5 -3.1 27.8 40.7 -28.2
1821 122.9 26.7 128.1 241 166.9
2596.6 -4.6 -65.1 238.4 182.7 55.6
62.1 164.9 177.4
474.4 -29.8 -2 27.6 39.5 -29.6
1817.5 96.5 9 105.9 220.6 159.5
2625.7 -48.4 -24.6 207.4 194.6 51.1
61.9 163.1 166.5
474 -30.9 -1.2 27.6 38.8 -31.5
1825.4 97 34.4 125.6 231 146.5
2641.8 -77.8 5.2 205 209.5 45.5
62.5 162.7 162.3
474.1 -31.1 -0.8 26.9 37.8 -33.5
1840.5 110 47.3 125.6 222.3 134.6
2679.8 -102.1 40.7 159.4 222.2 15.8
63.7 164.5 152.8
474.3 -30.2 -1.3 27.3 36.4 -34.2
1840.6 109.7 32.1 124.7 206.2 129.7
2703.4 -123.1 64.6 141.8 233.5 -9.6
63.9 155 143.8
475.5 -30.4 -0.2 26.6 36.5 -36
1859.9 108.5 48.1 118.2 218.3 111.9
2728 -136.8 83.8 133.1 237.2 -37.8
64.6 158.8 155.8
475.8 -30.5 -0.7 26.9 35.9 -37
1870.1 117.4 44.9 124.7 219.3 105.1
2743.5 -121.2 85.9 141.9 230.7 -60.5
64.5 151.9 163.4
476.6 -30.2 -1 28.1 35.8 -37.3
1877.4 112.4 33.6 128.5 218 105
2757.7 -121 89.8 156.7 225.4 -68.5
winner is: 18
