Regression analysis information for: mexican_match_interrogative-partial-wh_Por-que-ama-la-navidad
number of formants: 3
number of coefficients: 5
83.3 204.5 274.3
491.6 14 -58.7 10.6 9.4 33.3
1602.1 -148.9 -94.1 85.3 -135.6 -30.9
2060.5 -142.6 -142 -44.9 -54.2 14.1
82.6 224.6 308
492.2 11.5 -54.7 5.4 11.7 31.3
1573.9 -94.4 -82.2 12.5 -57.3 -93
2068.7 -121 -141.9 -85.7 4.5 -7.8
86.3 178.9 319
495.3 22.5 -50.3 6.2 4.8 27.2
1564.6 -62.4 -45.7 -49.2 21.2 -102.8
2091.7 -103.7 -83.5 -140.8 77.6 -26.4
89.5 177 346.3
498.4 29.2 -47.2 7.5 0.1 24.9
1602.9 -68.1 -40.1 -19.2 -7.4 -96.2
2162.2 -90.7 -4 -117.1 109.2 -19.9
93.9 165.1 345.4
505.7 36.3 -39.2 5.3 -3.1 16.5
1678.5 -107.7 -36.2 41.1 -80.6 -69.3
2301.9 -69.1 96.3 28.4 84.6 119.3
100.6 159.6 280.3
512.9 32 -28.8 -2.8 3.5 5.7
1722.5 -145.3 -25.8 43.5 -114.5 -62.3
2437.1 -165.5 111.2 54.1 44.9 201.6
99.5 156.8 270.5
511 44.4 -37.5 5.8 -8.9 13.5
1732 -124.9 -31.7 41.5 -138.1 -67.3
2494.2 -164.5 61.1 47.7 51.4 177.4
93.5 154.9 244.1
502.8 30.2 -47.7 4.7 -2 27.8
1736.7 -127.4 -23 36.9 -136.2 -67.1
2574.1 -155.1 56.9 -14.3 42.5 128.3
97.8 156 238.1
506.5 36.8 -44.8 3.5 -5.7 20.8
1741.8 -125 -22.6 39.4 -139.6 -73.6
2623.5 -121.5 38.5 -17.8 14.5 66.2
97.2 155.5 213.7
502.5 34.3 -49.9 3.1 -6.9 24
1744 -123.9 -23.7 34.6 -141.8 -77.3
2662.4 -112.6 26.5 -40.3 9.9 33.7
101.8 161.5 216.2
506 25.2 -41.1 -6.1 2 13.1
1745.3 -134.4 -21.4 20.8 -136.9 -85.6
2683.3 -150.3 35 -72.2 45.5 -8.9
110.4 164.2 205.7
514.8 36.2 -27.9 -7 -0.7 -5.1
1754.4 -121.8 -8.5 17.6 -136.7 -99.2
2726.4 -115 61.9 -75.1 71.7 -49.2
114.3 165.8 199.9
526.1 17.4 -21.7 -41.5 10.6 -12.1
1770.3 -133.9 -4.5 -25.8 -130.3 -106.2
2755.2 -130.2 51.9 -148.2 78.5 -62.3
130.9 175.1 167.5
556.5 4.9 8 -91.3 24.6 -48.8
1797.6 -137.7 14.4 -70.9 -125.4 -131.2
2815.3 -119.3 59.4 -216.7 94.4 -93.7
131.2 199 167.4
564.1 -6.8 11 -111.7 33.4 -49.9
1805.1 -151.6 20.7 -83.8 -110.5 -147.6
2843.3 -129.8 50.4 -244.6 100.4 -98.6
164.1 206.7 202.2
589.9 24.7 33 -122.5 13.5 -91.1
1818.4 -127.8 21.3 -79.4 -131 -157.5
2895.9 -91.2 73.9 -253.6 79.4 -152
164.6 169.3 188.4
587.8 39 26.7 -110.3 1.2 -88.4
1804.8 -85.3 -18.6 -36.6 -175.1 -114.9
2915.9 -86.7 62.1 -255.3 70.7 -138.3
168.3 185.4 193.7
586.1 31.5 35.3 -104 10.1 -94.7
1821.9 -105.8 5.1 -54.5 -156.1 -131.6
2932.4 -102.8 77.8 -256.3 83.5 -137.4
164.3 196.8 216.4
581.9 23.6 35.9 -99 17.9 -89.1
1829.7 -121.6 18.3 -58.7 -144.4 -136.1
2942.9 -122.9 103.2 -249.1 97.2 -144.3
178.8 236.5 262.5
585.9 22.5 51.5 -93.3 24.6 -106.8
1851.2 -162.7 65.7 -84.7 -104.5 -174.6
2953.3 -147.6 149 -229.4 124.3 -179.6
winner is: 10
