Regression analysis information for: mexican_mismatch_interrogative-partial-wh_Por-que-vivia-en-Paris
number of formants: 3
number of coefficients: 5
86.2 375.8 203.8
441.5 -37.8 -7 -12.3 35.6 -44.5
1587.2 53.3 -39.8 -76.2 -218.9 -144.7
2256.5 -68 20.7 -72 -192.8 41.3
86.9 391.4 230.9
443.5 -43.2 -3.1 -16.8 42.6 -48
1652.8 -8.1 -14.8 -44 -208.2 -94.8
2330.1 -93.9 39.7 -62.4 -185.7 64.3
88.4 385.3 229.3
440.5 -43.8 2.6 -20.4 42.2 -46
1690.7 -17.6 -8.1 -56.7 -204.5 -60.4
2380.4 -101.2 55.4 -58.9 -157.4 83.2
87.4 349.7 204.5
438.1 -42.2 1 -17.7 37.1 -40.9
1750.7 -33.6 10.6 -63.4 -238.4 -23.8
2443.9 -71 115.5 -31.8 -116.1 121.5
91.3 269.8 184.1
448.4 -58.1 10.1 -23.7 45 -48.5
1850.3 -62.8 -21 -124.4 -259 42.3
2518.8 -110.9 124.1 -77.8 -85.6 108.3
88.4 242 170.5
446.2 -55.3 7.3 -20.7 40.3 -45.3
1889.4 -61 -27.2 -139.2 -277.1 25.9
2556.4 -110.4 124.1 -81.8 -86.2 73.7
87.6 201 155.5
446.4 -56.7 -7.2 -12.2 44.8 -49.8
1932.4 -100.6 -14.3 -146.7 -287.9 54.6
2589.8 -121.1 108.6 -94.9 -89.8 70.7
94.7 173.4 148.6
451.7 -38.5 10.9 -9.5 36.7 -53.3
1957.8 -130.8 6.7 -146.2 -310.2 87.3
2607.9 -136.7 108.1 -101.5 -88.7 76.9
114.8 174 154.4
465 -16.1 33.7 -3.2 39.3 -67.7
1978.2 -146.8 27.4 -150.8 -310 85.7
2640.5 -161.7 140 -113.5 -67.6 58.3
116.8 156.5 153
463.7 0.7 28.1 10.4 35.5 -68.2
1992.4 -170.7 42.9 -153.3 -326.6 120
2646.4 -182.4 136.3 -105.8 -74.4 74.7
134.3 153.7 171
472.9 -23.9 60.8 -16.8 53.9 -82.2
2006.7 -190.2 64.7 -154.9 -329.4 132.2
2685.9 -236.3 211.7 -146.3 -32.6 45.3
144.8 161.1 193.9
478.7 -39.5 74.6 -31 68.2 -93.5
2015.7 -211.8 88.6 -157.9 -322.2 126.9
2706.4 -309.4 267.4 -171.7 3.6 8.3
152.8 168 199.8
481.4 -63.1 82.9 -47.5 81.1 -97.9
2032.9 -232.5 108.4 -173.1 -311.2 122.8
2739.3 -353.7 307.4 -210.5 29.6 4.1
203.7 202.5 224.6
534 -158.1 176.9 -126.3 145.8 -146.2
2081.9 -300.1 177.4 -220.6 -270.7 95
2828.4 -453.9 422.6 -278 88.2 -63.3
202.7 188.4 238
548.9 -186.3 202.7 -148.7 162.4 -156
2086.7 -282.9 161.9 -207 -273.7 96.1
2871.3 -465.1 460.4 -287 90.4 -76.8
207.1 186.2 237.7
549.4 -177.5 201 -141.7 154.3 -149.4
2090.9 -266.8 148.1 -198.5 -269.8 84.3
2891.7 -466 467.3 -285.1 83.9 -78.6
209.1 214.6 254.5
549.9 -186.4 193.5 -142.2 160.9 -152
2122.7 -305.9 191.6 -228.6 -236.3 61.9
2926.9 -512.8 503.3 -327 135.5 -120.1
242.4 283.6 313.8
583.1 -188.4 212.4 -143.8 192.5 -200.3
2170 -360.4 264.3 -300.9 -128 -45.4
2972.4 -518.8 546.9 -379.9 250.6 -247.7
250.9 294.3 353.8
604.3 -216.9 248.8 -173.4 221.4 -231.8
2213.9 -415.7 305 -331.1 -93.7 -63.7
3034.6 -588 591.1 -396.3 274.2 -272.4
253.8 298.7 360.5
618.8 -231.5 276.3 -193.7 240.1 -256.4
2251.5 -471.9 371.9 -382.2 -38.7 -111
3065.8 -624.8 662.3 -453.9 318 -298.9
winner is: 8
