Regression analysis information for: mexican_match_declarative-broad-focus_David-leia-el-libro
number of formants: 3
number of coefficients: 5
64 225.1 172.2
442.2 27.5 -15.2 20 13.8 -20.2
1788.8 -0.6 -400.6 35.2 -93.9 -128.9
2393.5 27.6 -307.8 -19 -162.9 -6.5
64.9 247.1 198.7
437.8 29.1 -15.7 23 16 -22.1
1781.5 23.4 -382 11.7 -44.8 -124.8
2400.9 49.5 -318.3 -43.4 -143.1 -30.5
64.7 232.3 183.5
436.2 27.3 -14 25.2 16.2 -22
1794 46.4 -382.5 -21.4 -19.9 -177.8
2437.7 34.8 -292.3 -48.9 -159.4 -37.6
64.4 221.6 155.2
434.8 27.9 -13 27.6 18.1 -22.1
1822.1 37.8 -381 6.1 -31.1 -166.7
2476.4 35.8 -288.4 -6.4 -148.9 -81
64.2 213.6 137.2
433.8 27.4 -13.1 28 17.2 -25.1
1855.8 25.2 -408.5 -17.7 -81.6 -153.1
2492.7 36.3 -309.5 -19.4 -164.5 -90.4
63.6 223.8 123.2
433.6 27.4 -12.4 28.8 17.8 -25.9
1879.2 -17 -438.9 -26 -125.1 -144
2533.9 21.6 -330 -20.1 -193.9 -42.9
64 229.1 103.2
433 26.5 -12.8 28.9 17.6 -27.1
1895.9 -24.8 -448 -29.8 -118.1 -145.7
2558.5 22.7 -352.2 -43.7 -180.3 -22.1
64 230.2 105.1
432.5 24.1 -12 28 19.2 -29.1
1915 -26.3 -427.1 -26.8 -88.7 -152.4
2580 19.2 -343.4 -38 -164 -27.1
62.1 232.2 115.3
433.6 24.4 -7.9 29.6 23.7 -28.3
1930.2 -23 -407.2 -17.1 -53.3 -143.6
2607.3 41.3 -320.2 -19.9 -132.6 -10.4
61.2 230.6 125.6
434.6 21.8 -4.7 28 27 -30
1947.7 7.4 -361.8 25.6 -9.5 -121.5
2644 95.4 -272.5 23.3 -76.3 26.5
60.7 228 131.9
435 22 -3.4 28.5 28.5 -29.6
1956.1 4.5 -345 34 7.1 -120.8
2669.9 100.5 -231.8 21.2 -28.2 20.6
61 222.6 141
435.3 24.2 -3 30.9 28.9 -26.8
1963 -1.2 -338.1 36.7 14.2 -116.5
2693.5 123.6 -187 43.4 5.9 28.6
61.4 205 140.8
434.7 26.7 -4.8 33.4 26.9 -23.9
1987.7 23.4 -309.6 63.8 38.7 -86.2
2735.3 179.9 -117.3 98 58.3 68.4
61.3 193.3 147.7
435.1 28.5 -5.1 34.9 26.5 -22.1
2008.7 40.8 -299.4 78.9 44.8 -67.5
2753.2 206.4 -102.4 129.3 65.5 92.9
60.8 184.8 145.9
435.7 27.7 -5.1 33.8 26.2 -23.2
2025 56.4 -310.6 93.8 29.1 -52.9
2763.9 228 -111.5 160.4 55.8 112.9
61.4 179.9 157.8
436.6 27.5 -5.4 33.5 25.6 -23.4
2056 74.3 -299.1 107.3 36.7 -36.2
2792.8 240 -99.1 185.4 74.3 118.4
61.3 180.9 173.1
437.7 28.4 -5.2 34.3 25.9 -23
2088.9 96.5 -293.2 123.1 42 -23.1
2824 246.4 -99.2 214.7 86.2 114.4
62.1 186.2 182.1
437.9 29.2 -6.6 35.1 24.9 -22.6
2112.1 98.9 -299.8 112.8 38.6 -26.8
2846.6 247.7 -110.9 234.1 87.6 105.2
63.7 193.8 195.2
437.4 30.9 -8.9 36.5 23.1 -21.5
2133.5 106.7 -304.9 96.3 37.7 -21.3
2872.9 240.5 -116.4 252.7 87.9 97.7
70.7 199.8 209.2
442.6 21.5 -1.7 31.4 25.5 -20.3
2153 111.1 -311.3 83.9 32 -16.7
2901.4 235.8 -132.6 269.8 82 105.2
winner is: 15
