Regression analysis information for: mexican_match_declarative-broad-focus_Daniel-iba-a-Bolivia
number of formants: 3
number of coefficients: 5
54.8 347.7 231
484 22.6 -34.6 -2.8 58.4 -69.5
1647.8 -154.6 91.5 -105 -119.6 265.3
2329.9 -89.6 17.9 -218.9 -179.9 122.1
55 340.3 270.3
482.7 26.1 -32.7 -1.1 56.8 -72.4
1711.9 -135.2 143 -185.1 -173.7 237.8
2358.2 -110.9 50.4 -275 -163.2 127.3
54.5 311.1 279.6
484.6 22.6 -25.5 -11.5 58.1 -74.7
1763.3 -41.4 192 -329.3 -226.2 128.3
2389.3 -97.8 65.4 -338.1 -177.6 141.9
53.9 269.6 245.3
484.9 18.5 -28 -7.2 64.5 -78.4
1822.5 -12.7 183.6 -333.6 -236.6 56.7
2480.8 -116.7 -7 -268.6 -126.6 7.4
51.9 210.9 152.3
486.7 21.1 -30.3 -10.7 61.2 -77.6
1893.4 6 137.7 -405 -280.8 48.2
2579.5 -124.8 -67 -262.5 -62.1 -85.2
51.2 208.7 123.7
487.3 22.3 -33.7 -8.7 61 -78.4
1922.1 -25.9 115.8 -382.9 -297.7 72.7
2625.5 -96.6 -85.1 -241.3 -27.9 -106.2
51.4 227.3 131.9
486.5 23.1 -35.7 -8.7 58.5 -78.5
1915.8 -85 85.8 -401.3 -341.5 82.7
2656.6 -87.9 -65.4 -220.7 -50.8 -94.9
52 236.9 152.8
484.3 22.9 -37.7 -7.4 57.3 -76.5
1917.5 -85.3 96 -368.7 -309.1 143.6
2688.2 -57.8 -30.5 -178.5 -38.7 -57.8
51.3 235.8 159.6
483.4 25.8 -36.8 -5.5 55.4 -74.4
1923.9 -81.6 92.9 -379.3 -326.2 142.4
2710.9 -34.7 -11.1 -162 -37.3 -52.4
50.8 215.7 151.6
482.2 28.3 -35.2 -4.3 53.7 -72.6
1948.6 -47.7 114 -393.2 -350.2 114.2
2741.7 5.4 21.3 -144.8 -39.5 -61.5
50.4 194.3 139.7
481 30.7 -32.3 -2.5 53.8 -69.1
1974.3 -0.6 158.9 -364.7 -321.9 145.3
2767.6 41 61.6 -117.9 -13.2 -45.6
51.2 197.7 124.1
478.9 29.9 -31.9 -2.8 52.2 -68.3
1971.6 -2.2 161.9 -364.3 -319.4 151.2
2773.8 55 74.1 -115.6 -23.1 -59.4
50.2 177.3 111.3
479.4 32.3 -29.5 -1.2 52.7 -66.5
1991.2 32.5 191.1 -350.8 -324 145.5
2783.8 83.4 105.5 -99.5 -20.7 -55.7
50.4 180.4 101.2
479.1 31.8 -29.7 -1.2 52.4 -66.3
1989.9 26.3 205.6 -320.8 -313.3 146.2
2795.2 105.7 130.3 -75.7 -3.3 -39
50.8 182.3 98.9
479.3 31.1 -30.4 -1.1 52.5 -66.6
1993.3 19.6 202.1 -318.8 -316.5 147.8
2808.7 112.6 132.9 -67 7.9 -26.8
51.6 171.5 106.5
479.6 30.2 -31.3 -1.1 52.7 -66.5
2015.6 32.9 216.9 -298.9 -307.4 172.9
2834.9 127.1 141.5 -55.7 23.8 -3.9
52 167.8 113.6
480.4 30.6 -31.8 0 53.2 -65.7
2030.3 32.2 213.1 -301.8 -309.5 186.4
2852.2 117 129.7 -61 21.8 2.5
53.5 168.2 126.6
479.8 30.7 -34.7 0.8 51.5 -64.8
2048.8 38.1 216.1 -302.7 -305.6 204.9
2874.4 117.7 135.8 -51.4 36.1 22.9
61.7 172.7 154.7
484.7 20.6 -27.1 -8.7 60.2 -74.8
2072.4 30.2 222.2 -323.2 -294.6 212
2900.6 104.6 151.9 -46.7 70 41.8
66.6 186.4 179.1
487.7 14.7 -23.8 -13.7 64.9 -80.6
2079.2 -2.8 197 -362.8 -309.3 206.1
2905.2 50.2 130.3 -66.4 71.9 37.6
winner is: 16
