Regression analysis information for: mexican_mismatch_declarative-narrow-focus_El-bebe-comia-muy-bien
number of formants: 3
number of coefficients: 5
46.8 256.9 211.1
454.8 4 -32.7 3.2 -7.9 32
1590.1 -64.7 295.4 82.5 -202.9 173.7
2225.9 -107.3 180.4 207.4 -20.7 279
47.8 231.8 220.7
456.1 1 -28.4 5 -7.6 32.7
1671.3 -72.4 277 89 -207.5 184
2273.4 -99.1 198.6 223.6 -29.3 272.5
47.5 228.6 224.3
457.6 2.8 -28.1 2.9 -9.9 36.8
1742.3 -45.1 217.3 93.4 -139.4 188.9
2341.8 -57.2 145.7 191.6 -14.7 266.6
46.1 226.3 223.1
461.1 1.6 -36.6 1.8 -5.8 34.7
1798.7 -38 138.1 100.1 -78 161.6
2427.9 13.9 106.1 167.5 -17.4 204.4
46.2 222.8 208.1
462.2 2.5 -37.7 1.7 -5.4 34.7
1808.1 -26.9 138.7 107.7 -71.3 164
2466.1 45.5 94.4 130.8 -45.8 189.3
46.9 217.6 202.9
461.6 3.6 -37 2.2 -6.3 34
1825.7 -26 144.2 114 -50.7 168.4
2492.6 39.2 72.3 131 -29.7 179.4
48.4 212.3 196.3
460.3 5.8 -37.2 2.7 -6.7 33.2
1839.8 -25.5 146.9 115.7 -41.2 169.4
2515.9 36.3 58.2 127.6 -21.3 173.8
49.9 210.4 191.7
459.6 6.7 -40.2 5.1 -6.4 28.1
1851.3 -27 151.3 122.6 -34.2 168.8
2534.3 33.2 52.4 119.6 -20.4 179.7
50.2 214.8 197.8
456.2 9.6 -41.2 4.8 -7.4 26.5
1859 -30.5 169.8 127.6 -31.7 166.5
2544.2 23.8 56.2 115.3 -22.5 180.7
49.6 222.8 207.7
452.5 11.6 -42.4 2.9 -8.6 25.4
1857.5 -40.3 181.7 133.5 -34.3 161.8
2546.3 8.9 47.2 114.6 -23.2 183
48.2 220.4 214.8
449.6 13.4 -41.7 1.2 -9.2 26
1864.1 -47.6 191.3 134.5 -25.9 160.2
2556.4 -3.4 57.6 112.2 -13.1 183.7
53.3 219.3 220.6
453.8 10.1 -51.5 10.9 -7.4 14.1
1873.4 -38.6 169.8 150.9 -18 159.2
2556.7 2.5 30.7 131 -10.5 174.5
64.1 221.8 210
464.5 3.4 -70.8 29 -0.8 -8.4
1883.6 -34.9 137.6 172.3 -7.1 142.9
2555.9 24.5 0 162.8 -8.7 162.7
74 212.6 211
472.2 -2.2 -86.3 41.5 3.7 -26
1895.8 -24.9 136.9 179.3 7.4 135
2577.7 34.9 11.1 177.4 18.4 139.4
83 207.9 229.6
481 -5 -103 53.6 13.6 -41.3
1901.7 -73.7 112.3 150.6 16.2 96.1
2617 -20.3 71.1 125.3 71.6 99.8
84.8 203.6 226.1
481.6 -2.5 -105.4 56 12.5 -40
1917.2 -55.9 129.5 168.3 28.9 96
2634.9 2.6 68.5 144.9 82.4 102.5
97.5 205.4 241.8
491.7 -21.9 -88.4 35.9 31.5 -60.3
1926 -48.6 140.1 169 26.8 99.6
2669.6 3.8 103.2 138.9 112.9 98.8
95.7 204 263.4
487.8 -16.5 -81.6 30.3 30.8 -50.4
1948.6 -19.2 170.8 195.1 43.7 119.9
2704.3 18.1 150.2 136.4 139.3 119.1
102 218.1 287.3
493.8 -22.2 -68.6 6.3 38.6 -50.2
1962 -11.5 169.6 183.7 35 130.7
2750.2 13.6 121 145.2 151.9 89.2
87.5 219.9 301.7
487.6 -9.1 -60.2 -16.1 24.5 -19.4
1968.3 0.4 173 151.1 17.6 165.7
2780.2 23 131.1 110.5 148.9 110.2
winner is: 8
