Regression analysis information for: mexican_match_interrogative-total-yn_Ana-lleva-el-abrigo
number of formants: 3
number of coefficients: 5
61.8 268.4 302.5
495.3 41.1 -5.3 3.1 49.4 -0.2
1597.7 151.9 -21.2 130.5 -214.4 72.2
2188.8 34.3 -39.8 83.1 -174.2 -84.9
56.6 245.6 337.2
498.7 43.3 3.7 -4.6 46.8 -9.2
1623.4 167.8 70.7 134.7 -289.8 -0.3
2195.5 -8.1 47.1 101.1 -206.1 -105.2
57.1 232.1 331.5
497.7 42.6 4.3 -4.8 46.1 -9.8
1647.7 173.7 54.1 118.6 -247.3 -61
2237.2 -14.7 95.8 124.9 -201.1 -207.7
57 205.8 346
498.3 41.1 3.5 -7.7 49 -9.1
1674.8 197.4 20.2 104.8 -196.3 -81
2310.6 39.1 50.5 104.2 -197.9 -254.3
59 210.9 327.4
495.8 37.5 0.1 -11.8 48.5 -9.9
1685.9 176.4 5.7 98.5 -183.4 -116
2382.1 47.5 2 96.6 -220.3 -316.9
59.6 206.1 306
494.9 37.7 -1 -13.2 50.7 -7.2
1723.6 161 2.9 95.9 -196.3 -71.8
2480 93.9 -78.5 -13 -241.7 -282.2
61 213.9 289
494.1 37.9 -2 -14.6 52.1 -5.7
1731.1 151.1 8.8 91.5 -198.9 -51.5
2536.3 127.2 -102.7 -75.5 -216.4 -196.2
60.3 216.8 297.7
494.9 41.2 -0.6 -13.6 53.1 -5
1740.1 146.6 16 97.8 -208.8 -39
2580.7 172.2 -74.6 -45.1 -163.8 -112.7
60.4 211.3 287.9
494.7 42.9 -0.2 -12.6 53.4 -4.6
1747.7 153.1 22.6 103.3 -207.9 -35.3
2611.4 206.6 -39.4 -12.8 -139.2 -84.6
61 207.3 281.5
493.1 43 -1 -12 53.3 -3.9
1752 162 25.6 113.9 -211.7 -32.5
2624.4 221.6 -28.3 -3 -140.8 -84.7
60.4 203.9 271.3
492.7 44.9 0.4 -10 53.1 -3.9
1751.1 179.2 24.3 128.1 -217.9 -33.1
2629.4 246.8 -22.8 6.2 -142 -91.4
60.6 203.1 252.8
491.1 44.9 0.1 -8.6 53.2 -3
1741.7 207.9 16.4 142.6 -219.5 -39.9
2636.4 290.2 -4.8 25.7 -134.9 -100.4
60.7 201.7 234.4
490.3 44.2 -0.2 -7.1 53.3 -2.2
1745.5 207.7 18.7 151.7 -222 -45.8
2650.4 326.4 18.8 54.5 -129.1 -109.3
60.9 203.9 230
489.8 43.1 -0.4 -6.5 54 -1.5
1747.4 205.5 27 146 -213.4 -52.7
2660.1 334.7 35 62.7 -129.5 -116.3
61.2 201.6 228.2
490.2 41.4 -0.6 -6.1 54.7 -1.2
1758.4 190 29 149.4 -212 -60.7
2676.3 325.9 43.7 69.1 -129.9 -128.4
61.5 201.9 235.2
491.2 39.8 -1 -5.9 55.3 -1.2
1777.6 161.1 39.3 144.4 -210.8 -59.8
2709.4 295.4 62.6 65.7 -130.3 -127.3
61.6 204 248.4
492.5 38.5 -1.1 -7.1 56.3 -1.1
1800.2 133.6 45.9 140.2 -209.2 -55.7
2744.1 272.3 73.4 61.6 -131.9 -110.8
61.8 209.3 271.5
494 38.1 -1.6 -8.2 57.4 -1.1
1812.1 131 35.3 141.1 -207.2 -58.8
2814.4 181.2 155.2 -19.7 -58.9 -163
62.1 217.9 284.5
495.9 37.4 -1.7 -9.2 58.6 -0.8
1825.8 129.1 23.5 143.6 -208.8 -58.5
2859.4 143.5 179.8 -56.3 -45.8 -182.5
62.5 225.7 290.9
497.2 37.8 -2.5 -9.2 59.5 -0.4
1852 105.4 32.9 127.4 -193.3 -70.3
2924.1 74.1 241.1 -117 -13.5 -215.5
winner is: 15
