Regression analysis information for: mexican_mismatch_interrogative-partial-wh_Por-que-oia-el-rio
number of formants: 3
number of coefficients: 5
68.8 312.8 252.3
490.4 9.1 -29.1 -53.6 9.8 6.8
1625.3 -114.4 -268.9 6.5 -193.9 210.8
2244.6 -128.2 -299.1 50.8 -190.7 90.2
68.8 304.6 264.7
490.4 10.7 -24.7 -53.1 7.9 2
1641.9 -105.7 -264 11.3 -217.3 195.5
2295 -112.9 -295.6 54.6 -196.2 63.1
69.8 281.9 229.1
492.2 7.8 -19.9 -55.8 8.2 -1.9
1674.7 -69.8 -290.1 15.4 -256.9 161.6
2348.7 -68.3 -305 44.9 -224.6 47.8
68.4 264 194.5
496.8 4.3 -16.3 -60.9 9 -2.5
1739.3 -77.5 -339.1 2.9 -211.9 129
2425.2 9.3 -286.6 60.2 -201.7 52.2
69.7 258.2 154.2
496.7 6.9 -17.4 -60.5 9.1 -3.7
1778.7 -73.9 -370.9 -1.6 -169.5 120.7
2501.1 47.5 -275.9 67.5 -143.4 64.8
72.8 252 138.6
496.4 9.4 -18.8 -60.1 7.3 -3.5
1795.9 -89.3 -358.1 -12.5 -158.8 124.2
2524.6 30.8 -277.1 52.8 -128.7 72.8
77.8 245.1 131.5
503.9 18.1 -9.8 -66.7 -0.9 -18.4
1817.6 -104 -335.5 -23.4 -143.5 118.1
2564.9 4.5 -250.2 37.5 -101.1 53.6
79.4 245.7 128.5
503.5 19.8 -7.8 -68.1 -1.9 -21.4
1826.9 -108.9 -324.7 -29.9 -140.4 116
2577.4 -2.4 -249.1 27.7 -99.4 52.5
80.1 251.2 133.9
501.9 21 -6.1 -68.2 -1.7 -23.3
1829.8 -109.5 -322.5 -29.4 -144.1 119.6
2585 0.3 -240.7 25.2 -100.8 61.9
80.1 256.6 130.1
499.7 21.9 -4.5 -67.5 -0.6 -25
1835.1 -104.9 -314.4 -22.6 -148.9 120.3
2597 11.7 -216.7 31.7 -102.7 68.2
80.1 262.5 123.6
497.6 22.3 -3.4 -67.9 1.8 -25.4
1837.7 -105.6 -309.7 -12.8 -154.6 119.5
2604.5 10.3 -208.7 49.6 -101.6 62.3
87.1 267 119.7
503.4 15.6 -9 -54.5 -4.8 -30.6
1846.3 -109.8 -307.7 1.1 -162.4 111.9
2613.6 4.6 -212.3 72.9 -104.4 42.4
87.3 267.2 118.1
503.2 16.6 -8.6 -54.7 -3.9 -31
1850 -112 -307.6 7.2 -166.5 102.8
2618.7 9 -228.2 105.7 -95.9 21.6
89.7 267.9 118
505.2 11.9 -11.9 -48.9 -5.1 -30.9
1861.2 -120 -305.5 10.4 -163.8 95.1
2628.1 12 -248.6 127.1 -89.3 5.9
95.9 267.6 129.8
511.4 8.3 -15.6 -40.4 -11.6 -36.1
1872.4 -116.9 -304.2 7 -157.9 84.2
2653 6 -243.3 112.6 -73.4 -26.1
91.5 261.6 136.4
505.8 6.7 -18.9 -41.1 -5.7 -25.6
1882.4 -103.7 -313.8 8.5 -159.9 75.9
2674.4 7.3 -253.2 108.2 -63.4 -26.7
100.2 261.7 157.5
512.7 7.2 -20 -35.5 -11.2 -32.1
1910.1 -96 -298.5 -6.5 -153.7 50.7
2717.9 -0.3 -228.6 75.6 -39.6 -45.9
109.7 261.1 186.5
519.5 2.7 -20.2 -35.7 -16.3 -39.3
1935 -102.9 -282 -23 -146.4 30
2762.4 -19.4 -195.5 39.1 -10.7 -73.8
129.8 269.2 228.5
538.7 21.3 -14.2 -35.7 -41.9 -71.3
1959 -103.5 -264.6 -27.2 -143.1 16.9
2819.5 -25.5 -147.7 1.7 -3.2 -131.1
141.9 276.6 267.2
548.4 36.8 -6.1 -38.5 -52.6 -88.5
1979 -93 -248.8 -29.5 -145.7 9.8
2894.6 3.8 -80.6 -42 -26.2 -228.9
winner is: 8
