Regression analysis information for: mexican_match_declarative-broad-focus_Marta-abre-el-regalo
number of formants: 3
number of coefficients: 5
67.9 124.5 233.8
527 37 -18 -48 -92.9 31.2
1643.7 -55.3 -36.8 90.1 -67.3 -39.9
2268.5 -111.5 -53.1 95.9 9.9 -300.7
66.8 107.3 241.7
528.2 34.8 -16.1 -52.7 -92.9 29.3
1668.3 -94 -23.3 71 -59.2 -23.5
2304.7 -122.4 -66.7 77.2 35.8 -308.2
67 94.9 254.1
526.8 34.8 -18 -52.1 -95.5 32.8
1687.9 -103.3 -28.7 57 -82.9 -6.4
2349.6 -145.4 -61.1 68.6 -1.7 -275.9
66.7 87.7 237.1
525.8 38.1 -20.6 -49.9 -99.6 36.4
1703.9 -82.7 -36.9 41.2 -95.9 0.2
2441 -139.9 -73.3 15.1 -95.9 -169.4
67.8 84.4 186.8
524.9 39.9 -22 -48.9 -102 39.5
1709.2 -77.3 -39.9 40.3 -96.6 6.5
2511.5 -82.8 -110.7 -64.9 -152.6 -114.4
72.3 87.6 170.6
526.5 37.8 -27 -43.7 -102 36.2
1713.3 -76.1 -46 40.9 -106 -1.3
2551.4 -46.6 -104.4 -61.9 -179.8 -129.3
72.5 87.1 161.8
526.3 39 -26.4 -42.8 -102.3 37.5
1722 -65.9 -33.7 49.6 -99.2 5.1
2574.6 -31.8 -92.3 -28.9 -177.2 -121.8
74 87.8 153.2
524.3 38 -26.5 -41.1 -100.6 40.3
1728.8 -62.7 -28.9 45.6 -104.3 -1.7
2603 -12.6 -72.8 -11.8 -181.7 -130
80.9 94.5 145.5
528.8 33.8 -35.9 -29.8 -98.2 29.7
1733.5 -67.4 -27.9 54.6 -97.7 -6.8
2623.3 -19.4 -57.8 -14.1 -177.2 -147
82.4 97.7 139.4
528.2 32.4 -34.8 -30.6 -96.2 28.9
1739.2 -68.7 -18.9 51.1 -90.8 -15.9
2646.1 -38.4 -22.1 -35.8 -148.6 -171.7
83.7 104.7 137.3
525.1 30.5 -34.5 -29.5 -92.4 31.5
1737.5 -81.4 -12.7 46.4 -72 -22.7
2657.6 -47.7 -0.9 -48.5 -122 -192.4
88.5 107.9 123.7
527.6 25.9 -37.5 -25.6 -88.9 24.8
1743.3 -92.8 -7.3 42.3 -60 -38.7
2669.9 -70.1 15.9 -78.4 -106.3 -235.9
96.6 111.4 119.3
533.5 17 -35.7 -27.4 -80.7 13
1749.3 -98.1 -9.4 42.5 -55.3 -49.2
2677.8 -71.1 17.4 -84.2 -96.2 -252.2
111.1 119.2 131.2
546.8 -9.4 -9.7 -53.5 -54.4 -11.2
1760 -107.7 -3.2 36 -42.1 -60.5
2700 -98.7 38.7 -107.5 -58.1 -275.8
106.9 123.3 135.7
543.8 -5.9 -7.3 -57.2 -56.5 -2.1
1768.3 -110.6 -1.1 32.9 -37.5 -58
2714.8 -104.4 43 -116 -44 -269.1
112.1 122.3 146
546.8 -1.1 -26.3 -36.6 -64.3 -4.7
1777.4 -108.7 -17 47.9 -39.1 -49.8
2733.5 -103.5 27.9 -100.8 -40.2 -270.1
112.7 115.9 153.9
547.9 1.1 -29.8 -33.8 -67 -1.9
1783.6 -99.7 -33.6 60.6 -45.5 -33
2755.9 -109.6 28.8 -102.4 -30.4 -265.9
118.7 117.5 159.4
552.9 -0.2 -34.9 -29.9 -66.1 -6.1
1803.9 -99.5 -38.2 57.9 -45.3 -35.4
2776 -97.3 2.3 -80.9 -40.3 -253.2
131.5 119.7 165.9
560.5 0.9 -57.4 -8.3 -68.8 -15.7
1819.2 -107 -50.8 63 -42.8 -33.3
2792.4 -87.6 -34.4 -50.6 -54.2 -238.7
128 121.3 178.6
561.3 1.5 -56.9 -9.6 -70.6 -12.4
1835.9 -112 -55.2 61.1 -47.8 -36.6
2825.4 -118.4 -23.9 -65.1 -35 -254.1
winner is: 8
