Regression analysis information for: mexican_mismatch_declarative-broad-focus_Mi-novio-viene-del-lago
number of formants: 3
number of coefficients: 5
57.3 230.5 271.1
496.4 -39.5 -12.1 -21.5 -36.8 4
1430.4 -75 -235.8 -50.2 -255.8 -69.4
2080.2 83.6 -116.2 168.5 -5.6 48
56.8 248.1 291.4
496.2 -40.5 -12.1 -25.4 -34.7 6.3
1459.2 -7.2 -236 -174.8 -260.5 34.1
2112.2 112.8 -155.5 131.2 16.8 83
56 265.7 327.9
497.7 -40.4 -11.5 -28.7 -33.9 6.3
1516 34.4 -222.2 -183.1 -234.6 60.6
2193.1 105.1 -130.2 64.9 -18.4 57.1
59.8 287.5 304.5
496.2 -40.2 -16.4 -27.9 -38.4 9.3
1571.2 8.1 -278.5 -118.1 -203.4 40.9
2338 35 -128.2 44.3 -25.5 0.9
57 297.7 247
500 -36 -11.2 -22.4 -37.7 11.4
1652 92.5 -183.9 -20 -113.6 74.2
2449.8 62.6 -111.5 37.8 -62.3 -39
59.1 271.7 203.9
500.1 -40.4 -17 -24.9 -40.5 7.6
1678.5 83.8 -214.5 -23.8 -81.3 51.9
2501.5 44.3 -134.8 51.4 -84.1 -51.6
57.9 245.7 166.1
501.4 -37 -15.8 -19.9 -39 10.9
1711.6 105.6 -218.2 21.6 -35 55.3
2541.2 24.1 -162.4 89.7 -74.1 -64.4
58.8 217.8 146.3
499.9 -35.8 -17.6 -18.9 -41.8 10.5
1748.8 165.9 -182.3 40.2 -40.2 20
2568.6 36.6 -140.4 103.4 -87.5 -62.3
56.8 173.1 122.3
501 -32.4 -12.2 -16.3 -39.3 11.9
1794.2 232.7 -130.8 94.6 -8.4 11.7
2600.4 48.4 -131.2 137.3 -84 -68
56.4 155.6 118.9
499.1 -28.1 -14.6 -12.6 -42.4 15
1812.2 263.4 -127.7 115.5 6.9 10.2
2610.9 63.1 -127.4 148.3 -79.3 -68.2
55.5 148.4 121.7
497.8 -27.3 -14.8 -11.8 -43.6 16.3
1817.3 283.1 -137 139.8 21.4 26.6
2616.5 81.4 -135.7 163.1 -71.7 -65.2
55.8 161.2 126.6
496 -29.4 -16 -13 -45.2 16.3
1803.9 258.5 -158.3 131.8 15.7 31.5
2621.8 74.1 -146.3 172.6 -46 -52.3
54.4 159.3 112.4
496.4 -28.3 -14.4 -11.9 -44.4 17.7
1780.4 218.1 -202.9 101.3 -18.9 15.1
2614 48.9 -166.7 158 -56.1 -57.3
54.5 155.1 112.1
496.4 -29.3 -14.1 -12.6 -44.5 18.1
1790.9 227 -191.1 106.1 -17.1 13.5
2629 59.8 -152.8 164.4 -51.5 -58.1
54.5 151.1 104.7
496.9 -30.3 -12.9 -13.8 -45.1 17.9
1796 223.7 -190 103 -18.9 13.7
2630.8 45.1 -159.2 154.3 -56.5 -54
54.7 152.5 108.3
497.9 -31.6 -11.9 -14.9 -45.3 17.8
1813.8 245 -169.1 117.5 -11.9 19.9
2643.8 52.3 -144.2 157.7 -55.6 -44.8
56 169.7 160.4
498.6 -32.8 -12.3 -15.7 -46.4 18.5
1830.1 238 -155.7 106.6 -10.1 12.3
2695.8 84.6 -61.4 178.9 -10.9 -31.7
58.9 153.8 215.3
503 -41 -6.4 -22.8 -41.2 13.9
1888.7 259.7 -69.3 122.1 58.4 28.2
2776.8 61.5 61.6 157.2 90.4 -47
60.1 162.9 249.3
506.6 -49 -2.6 -29.5 -38.1 10.3
1909.7 220.3 -61.9 78.6 57.8 -1.8
2823 5.5 111.8 107.9 138.7 -82.1
60.3 171.7 290.5
506 -47.7 -6.7 -26.7 -43.6 16
1919 211.5 -76.3 66.9 37.3 4.3
2842.5 -32.5 111.2 104.8 115.6 -31.3
winner is: 15
