Regression analysis information for: mexican_mismatch_declarative-narrow-focus_Mi-novio-viene-del-lago
number of formants: 3
number of coefficients: 5
60.8 219.3 311.8
474 -40 -24.7 -19.3 -57.9 31.8
1447.9 -190.5 -521 -51.7 -114.8 22.2
2204.2 43.5 -215.6 138.7 -81.7 185.4
59.4 237.1 342.2
476.1 -35.8 -18.4 -19.1 -56.4 34.6
1484.3 -127.5 -476.6 -68.3 -78.1 59.4
2279.9 -6.5 -187.6 108.9 -0.1 146.2
61 222.7 309
476.2 -36.9 -16.6 -20 -56.8 35.9
1533.3 -104.1 -464.3 -101.8 -88.6 102.7
2377.3 -85.2 -138.8 55.5 53.4 156
59.9 243.4 279.5
479.1 -31.1 -10.6 -16.5 -54.4 39.3
1580.4 -34.1 -407.6 -76.4 -73.6 113.8
2453.5 -91.4 -96.1 32.7 85.2 150.8
60.3 236.9 250.2
479.9 -30.8 -10.6 -15.4 -54.6 38.8
1612.8 -13.6 -402.7 -39.9 -86.2 67.3
2517.5 -79.5 -111 82.4 58.7 124.3
61.9 242.6 208.5
479.3 -31.9 -12.6 -15.2 -54.6 38.9
1636.2 11.2 -395.2 -12.2 -70.7 69.3
2557.1 -90.3 -150.1 123.1 36.7 63.5
60.3 240.9 174.6
480.5 -28.4 -10.8 -12.8 -54.3 37.4
1663.9 50.5 -382.4 21.9 -52.1 62.2
2605.4 -46.2 -141.7 130.9 9.7 15.6
59.7 248.1 170.1
479.9 -26.3 -9.7 -11 -53.9 37.6
1666.9 72.4 -372.6 40.9 -39.4 77.8
2618.7 -27.3 -132.3 117.6 -10.5 -0.9
57.9 245.5 160.1
479.8 -23.6 -7.4 -9.3 -53.6 37.4
1681.7 107.6 -361.6 57.7 -29.3 70.9
2641.8 -3.8 -121 122.9 -15.7 -6
55.9 225.7 143
480.1 -20.5 -4.3 -8 -53.6 36.9
1724.3 195.7 -288.6 96.4 -32.5 28.4
2660.7 33.4 -81.2 138.7 -19.2 -26.5
55.4 221 133.2
479.7 -20.3 -3.1 -7.6 -53.5 37.7
1727.5 199.4 -282.4 101.4 -28.4 23.7
2664.9 29.8 -85 141.3 -4 -29.5
55.2 215.4 121.4
479.5 -20.3 -2.2 -7 -53.1 38.9
1727.7 195.7 -279.5 102.7 -26 21
2673.6 29 -86 143.9 11.9 -34.3
54.9 207.4 112.1
480 -19.5 -0.9 -6.4 -53.5 39.5
1733.9 201.2 -267.7 109.2 -24.2 23.2
2689.2 43.8 -76.5 154.1 24.9 -29.1
55.4 206.6 109.1
482.1 -22.1 2.4 -8.5 -50.9 38.3
1745.7 188.6 -271.3 99.8 -8.8 27.2
2714 38.4 -60.7 143.1 51.8 -32.9
55.5 212 117.7
485.7 -27 8.2 -13.1 -46.3 34.7
1761.3 182.7 -257.8 90.3 -8.4 20.1
2733.7 32.1 -36.3 133.2 61.8 -41.2
55 210.2 111.9
487 -27.4 9.4 -13.1 -45.5 35.9
1773.5 186.8 -255 93 -14 27.4
2749.2 52 -25.7 150.2 65.7 -23.4
55.6 216.8 120.2
487.5 -29.6 8.9 -14.3 -45.8 36.1
1789 179.3 -250.6 85.1 -16.9 24
2769.2 39.2 -9.1 137.5 81 -31.8
57.5 226.1 134
488.9 -38.8 10.3 -22 -44.3 30.8
1812 166.5 -234.5 77 -10.9 17.8
2798.1 30.7 25.1 130 110.3 -35.6
57.8 227.1 149.5
490.4 -41.4 11.5 -22.4 -42.5 33.1
1849.3 190.1 -196.3 112.3 14.8 49.9
2824.2 28.2 54 131.4 136.6 -31
59.9 242.7 172
491.9 -50 12.7 -28.1 -41.7 30.2
1868.5 183.2 -196.7 130.7 5.6 63
2844.6 21.6 78.6 136.4 167.7 -16.3
winner is: 14
