Regression analysis information for: mexican_match_declarative-narrow-focus_Mariano-habla-del-tiempo
number of formants: 3
number of coefficients: 5
72.2 207.2 187.9
481.9 83.4 -9.3 -43.9 -22.1 23.8
1632.5 125.8 -155.2 145.5 -153.8 -36
2169.6 6.7 -5.2 22.4 -118.6 52
72.3 239.3 206.9
480.9 83.4 -8.2 -43.8 -21.8 23.4
1603.6 134.2 -98 121 -185.2 -6.9
2158.6 16.7 16 26.4 -139.6 40.2
72.6 236.8 235.4
479.1 84.4 -8.9 -42.8 -21.5 23.2
1598.3 130.6 -80.1 111.3 -208.5 3.5
2162.3 10.2 53.9 38.8 -137.1 -5.7
73.6 233.9 263.6
479.7 81.4 -6.7 -44.5 -19 20.9
1610.6 121.1 -82.8 112.1 -197 -17.5
2205.3 -3.6 58.7 42.4 -103.5 -62.5
73.4 216.2 278.1
478.6 82.1 -9.1 -42.7 -20.1 21.7
1638.8 111.3 -118.4 113.3 -162.8 -38.5
2277 3.8 25.5 18.1 -61.9 -87.6
74 204.7 277.8
478.5 81.2 -10.2 -42.2 -20.2 21
1651.4 100.2 -133.3 129 -146.3 -51.9
2343.4 8.5 -6 33 -43.6 -104.6
74.7 214.6 262.6
478.4 80.2 -11.2 -42.2 -20.5 20.4
1657.8 95.2 -135.6 135.5 -152.9 -53.8
2418.7 -4.1 -72.2 37.7 14.4 -112.5
74.8 207.4 238
478 80.3 -12.5 -41.6 -21.4 20.4
1683.7 69 -161.9 178 -188.7 -52.6
2480.6 -18.1 -125.8 62.9 23.5 -116
83.7 215.6 248.8
484.2 70.2 -9.6 -40.2 -22.6 15.2
1704.8 37.8 -149.2 165.9 -187.8 -76.9
2517.1 -61.7 -116.6 48.1 47.8 -126.7
89 210.7 256
489.2 61.3 -5.7 -40.7 -22.2 9.6
1721.4 19.3 -145.1 162.8 -186.6 -99.9
2540.2 -97.8 -111.1 46.6 60.3 -144.9
94.4 208 246.6
495.2 48.9 8.2 -53.6 -12 3.5
1734.4 15.9 -140.6 169.5 -187.3 -107
2557.1 -93.3 -134.4 38.7 57.3 -139
95.4 204.2 238.8
495.4 47.1 9.6 -56.6 -11.7 2.4
1740.2 7.7 -139.1 171.2 -195 -103.3
2579.7 -89.7 -122.9 14.6 44 -159.7
93.4 197.1 224.5
496.8 46 15.3 -63.1 -5.8 -0.4
1745.2 14.2 -133.5 175.8 -190.6 -99.4
2609.8 -59.4 -118.6 -8.5 11.9 -176.2
94.7 194.9 212.5
498.7 44.1 18.9 -67.8 -3.5 -1.6
1760.1 6.2 -117.9 175.7 -189.3 -94.3
2655.8 -45.1 -96.7 -18.8 -18.6 -207.3
87 185.1 191.6
494.6 53 14.9 -67.8 -3.9 0.1
1768 8 -111.2 178.9 -189.1 -86.6
2691.3 -24.1 -93.9 13.4 -32.5 -221.4
92.7 188.8 197.1
500.2 44.5 23.1 -74.8 1.4 -4.1
1778.9 0.6 -98.9 172.8 -183.7 -84.6
2709 -1.4 -51 -8.2 8.1 -196.1
93.1 192.1 211.5
500.6 45 24.9 -77.4 3.7 -4.7
1794.1 -15.9 -86.6 170 -183.5 -82.5
2748.8 -24.8 -52.2 23 7.6 -211.4
94.8 197.8 208.4
501.5 46 22 -72.1 -0.6 -3.2
1804.4 -24.9 -82.1 175.9 -189.3 -74.2
2761.1 -21.8 -49.8 31.2 17.7 -209.2
110.9 206.5 235.5
512.6 33.2 16.5 -52.1 -18.8 -1.4
1832.7 -68.8 -57.2 169.7 -184.1 -85.7
2801.6 -64.7 -52.3 73.8 6.7 -232
135.6 214.8 268.6
533.4 4.3 19.4 -33.7 -37 -2.7
1855.9 -104.6 -37.6 166.6 -175.6 -99.7
2846.8 -117.5 -60.7 130 -13.3 -252.1
winner is: 15
