Regression analysis information for: mexican_match_interrogative-partial-wh_Por-que-iba-a-Bolivia
number of formants: 3
number of coefficients: 5
64.9 351.9 257.6
479 2.2 -5.9 -36.7 81.9 -28.5
1527.7 -134.8 189.4 -244.1 -198.8 -7
2124.8 -92.9 133 -367.1 -333.6 63.3
65.1 316.7 269
477 4.5 -7.7 -31.6 79.3 -24.2
1601.5 -149.7 191.9 -204.8 -288.9 -31.5
2180.1 -84.2 159.5 -327.3 -394.7 -15.9
66.3 240.3 295
477.2 7.2 -13.6 -23.4 81 -26.3
1711.7 -134.6 115.4 -210.1 -371 7.2
2322 -80 22 -255.9 -319.6 -39.7
65.6 198.3 270.3
478.9 5.5 -13.8 -21.3 83.1 -26.5
1776.5 -124.9 63.4 -270.2 -380.4 96.3
2429 -56.9 -81.6 -219.2 -177.6 -5.5
87.5 173.1 221.1
493.6 28.6 -5.7 -27 63 -54.6
1817.4 -85.9 55.1 -306 -420.1 89.8
2515.8 12.7 -62.2 -124.2 -91.4 66
92.6 161.3 157.9
497.7 34.9 -3.6 -29.1 58.9 -60.6
1833.6 -76.5 56.7 -317.2 -419.1 85.9
2569.5 32.7 -95.5 -107.2 -60.7 30.6
94.5 160 135.4
498.5 35.7 -2.8 -30.8 58.3 -63.6
1839.5 -85.5 63.8 -321.7 -414.3 76.6
2602.1 0.2 -79.5 -135.6 -20.7 -6.7
94.7 149.1 107.9
497.1 34.3 -1.3 -33.1 59.8 -63.5
1851.1 -102.6 85.4 -343.7 -401.4 57.5
2639.7 -32.5 -30.3 -179.1 15.3 -63.4
99 151.3 101.1
495.9 39 -0.3 -33.2 54.7 -65.6
1851.7 -99.4 89.9 -352 -404.6 57.7
2653.5 -19 -20.1 -184.1 15.2 -83.8
99.7 155.3 109.1
492.5 40.6 -1.5 -31 52.3 -63.3
1849.3 -98.6 92.9 -359.6 -407.2 57.7
2652 -20.3 -21.7 -195.4 20.1 -88.1
100.4 158.5 113.3
489 44.2 -3.4 -26.9 47.5 -61.1
1847.9 -94.7 94.5 -368.1 -412 57
2650 -13.4 -13.3 -206.1 20.4 -90.2
93.6 158 114.2
483.1 39 -7.2 -22.9 51.1 -52.2
1842.9 -100.4 93.7 -364.5 -407.4 63.8
2645.9 -12.1 -11.2 -205.9 20.4 -80
100.2 163.3 113.6
485.3 44.5 -5.3 -23 46 -57.7
1842 -102.8 99.4 -352.9 -405.5 61.2
2647.7 6.9 -8.7 -196.5 8.6 -76.3
112.9 167.8 108.1
492.5 56.6 0.5 -25.3 35.3 -72.2
1847.2 -105.3 107.7 -340.4 -413.3 54.7
2648.8 4 7.1 -166.2 3.4 -94.5
118.9 169.2 108.9
496.1 61.5 2.7 -25.3 32.2 -77.7
1862.2 -104.1 107 -337.3 -426.2 57.5
2667.2 5.1 11.4 -145.6 -2.8 -103
113.1 171.1 106.6
494.2 56.5 0.5 -22.5 39.3 -70.7
1872.5 -108.5 116.4 -323.8 -447.8 43.5
2697.1 -5.9 15.2 -135.3 1.2 -103.7
129.2 178.5 125.4
504.2 69.8 4.1 -26.4 27.8 -87.3
1906.7 -94.4 98.3 -347.1 -465 56.9
2748.2 -3.8 10.5 -146.9 -6 -107.9
122.5 183.5 152.9
502 63.7 0.2 -22.5 36.7 -78.7
1926.8 -89.4 92.3 -353.5 -474.3 57.9
2814.9 -0.2 -4.7 -182.9 -25.8 -98.5
131.3 186.5 198.9
507.4 70.9 0.8 -22.7 32.1 -86.4
1944.9 -83 89.9 -356.4 -476.2 59.2
2897.8 14.9 2 -207.8 -55.1 -99.7
132 188.7 240.2
506.5 69.2 -0.8 -18.1 36.5 -84
1954.5 -81 94.8 -353.1 -478.9 56.9
2962.4 -7.8 15.8 -234.1 -79.4 -108.6
winner is: 9
