Regression analysis information for: mexican_mismatch_interrogative-partial-wh_Por-que-odiaba-la-lluvia
number of formants: 3
number of coefficients: 5
72.9 331.7 314.4
467.9 26.7 -62.3 -64.5 38.3 -20.9
1511.7 72.1 -235.4 92.6 -191.4 -129.5
2249.4 -101.5 -145.2 -24.6 -109.3 -195.2
74.1 355.3 344.5
469.9 18.1 -57.5 -68.1 44.9 -22.2
1586.9 -36.9 -120.2 24 -166.7 -111.5
2296.4 -126.3 -140.8 -67.8 -86 -204.7
77 352.5 371.5
478.3 21 -42.7 -69.6 43 -29.3
1629.1 -113.1 7.4 -35.7 -127 -134.7
2342.1 -108.8 -48.3 -52.1 -51.2 -211
75.7 311.8 341.5
484.7 19.3 -34.9 -75.1 48.4 -36.7
1676 -117.7 10.7 -87.4 -142.7 -167.3
2385.5 -117.5 -27.9 -78.4 -78.6 -241.7
74.6 299.4 338.1
481.4 15.4 -31.9 -76 48.2 -36
1695.1 -103.5 25.5 -85.8 -144.9 -184.2
2414.5 -55.9 39.9 -36.7 -62.4 -242
80.5 270.5 266.4
485.1 24.6 -20.4 -75 43.6 -45.4
1741 -102.2 -14.1 -93.4 -106.5 -177
2505.8 -63.5 -20.8 -39.3 -29.9 -199.8
78.8 256.4 198.9
491.1 28.1 -22.1 -79.1 50.3 -46.2
1770.2 -102.5 -25 -110.8 -101.7 -184.8
2580.9 -67.7 24.7 -34.7 -13.5 -183.6
85.9 241.9 134.2
497.5 40.4 -14.2 -76.8 47.8 -54.7
1796 -102.4 -21.1 -122.9 -87.1 -194.2
2660.3 -87.1 12.4 -53 11.1 -157.7
87.3 248.9 134.3
496.7 40.9 -13.9 -76.7 48.2 -55
1792.1 -107.4 -16.5 -126.8 -97.5 -195
2684.6 -76.1 0.8 -59.3 3.5 -159.2
87.1 253.4 133.1
494.4 39.3 -15.8 -76.6 49 -53.6
1788.5 -116.5 -22.4 -135.2 -98.3 -194.8
2697.9 -86.3 -23.3 -82.2 12.9 -142
88.3 255 134.1
493.5 40.7 -15.8 -74.9 49.1 -53.7
1788 -115 -14.6 -137.9 -99.4 -197.9
2705.9 -91.9 -14.9 -90.6 22.6 -146.9
89.3 256.5 134.5
493.3 42.7 -15 -73.3 48.9 -54.2
1792.3 -111.7 -17.6 -138.1 -88 -201.9
2710.4 -92.2 -8.3 -93 32.1 -152.3
85.1 258.4 132.3
489.1 37.4 -18.9 -72.8 50.7 -49.1
1791.5 -110.2 -11.1 -135.1 -87.6 -203.4
2716.6 -91.4 -4.4 -92.9 43.6 -154.9
82.5 257.9 146.4
486.5 34.1 -21.5 -72.3 52 -45.8
1794.5 -108 -7.1 -127.7 -88.8 -201.8
2732.9 -62.8 10.7 -75.4 36.4 -163.2
80.1 256.3 149.7
484.3 30.9 -24.5 -72.1 53 -42.2
1797.9 -107.6 -6.7 -119.6 -89.4 -198.4
2742.9 -58.7 16.8 -66.8 38.7 -164.1
80.6 256.2 152.3
484.6 31.7 -24.8 -71.5 52.7 -41.6
1804.7 -106.8 -6.7 -111.9 -92 -198.4
2756.2 -57.7 17.7 -63.3 37.2 -171
82.2 257.1 161.3
487.4 36.8 -22 -69.5 52 -43.1
1819.4 -99.9 -3.4 -104.7 -98.1 -202.1
2777.9 -49 21.9 -54.5 32.8 -183.4
93.7 261.9 184.2
495.5 50.3 -14.3 -68.2 45.9 -54
1836.7 -92 -0.6 -101.3 -108 -209.4
2814.3 -20.1 35.4 -46.2 12 -217.7
105.4 267.2 218.3
505.9 67.6 -3.7 -65.3 39.4 -66.7
1859 -80.8 6 -93.2 -119 -218.6
2861.3 23.2 49.7 -34 -23.2 -263.2
116.8 269.3 241.8
512.6 77.9 2.5 -63.4 35.6 -73.6
1877.7 -75.1 8.5 -89.6 -127.9 -222.7
2903.6 27.5 39.2 -15 -58.6 -287.8
winner is: 8
