Regression analysis information for: mexican_question_filler_Felipe-no-tiene-contrasena
number of formants: 3
number of coefficients: 5
81 364.8 226.7
479.3 -20.5 8.6 16.3 -20.6 -5.1
1535.2 192.1 91.8 204.2 -170.2 120.8
2244 120 86 74 -42.3 147.7
78.2 336.4 268.4
484.2 -29 15 11.6 -22.9 -2.9
1599.6 136.8 131.4 152.7 -185.6 145.1
2324.8 90.6 127.9 35.4 -64.9 167.9
75.8 348.1 319.8
487 -31.8 16.5 2.5 -17.4 0.6
1632.6 132.9 143.9 86.9 -141.5 187.9
2385.7 46.6 152.4 -17.4 -60.5 183.1
75.9 345.7 345.5
487.5 -31 14.2 0.1 -15.8 2.2
1663.4 145 118.3 61.5 -111.5 206
2426 8.7 125.3 -48.3 -67.2 169.2
75.5 331.8 352.7
486.7 -29.7 14.8 -5 -10.5 -1
1689.3 140.1 115.1 35 -92.3 241.6
2451 -0.2 127.6 -54.1 -38.6 199
79.1 332.7 347.3
485.7 -29.6 14.7 -3.8 -12.5 2.9
1724.7 159.4 76.9 27.6 -33.3 204.7
2505.1 -7.8 114.7 -34.8 -6.5 209.3
76.3 307 319.8
491.5 -37.4 14.1 -2.9 -15.5 10.1
1770.4 135.7 64.7 -23.6 11.6 213
2557.4 -28.6 125.2 -65.8 29.6 254.5
77.1 242.8 274.5
496.1 -36.6 6 -2.4 -3.7 5.3
1853 107.7 72.5 -20.7 18.8 176.7
2674.1 -74.8 56 -33.5 82.9 171.7
80.8 226.8 248.4
501.4 -39 0.4 2.2 3.3 6.6
1879 104.4 58.1 -24.1 15.9 181.7
2725.3 -87.9 32.7 -44.2 73.5 177.2
76.2 200.5 207.9
497.2 -35.5 -4.4 -3.1 11.1 -4.4
1913 107.2 55.9 -23.4 30.8 128.9
2783.4 -110.1 47.4 -65.4 79.1 123.7
79.2 191.6 203
500.1 -39 -10.6 -0.6 10.7 -4.6
1932.1 95.8 54.6 -30 28.4 126
2820.7 -142.2 65.5 -88.8 90 112.6
79.9 159.2 197.6
500.4 -41.5 -8.3 1.4 4.7 -0.9
1952.7 58.1 68.9 -58.9 2.5 142.2
2845.6 -178.7 77.2 -95.8 58.1 126.3
92 158.5 203.4
508.5 -53.9 -5.9 15.6 -18.8 16.3
1965.9 38.6 69.7 -51.2 -13 150.2
2879.6 -171.8 58.5 -94.8 -7.8 111
94 158.4 208.8
508.2 -54.8 -4.9 17.3 -22.6 17.2
1968.4 34.4 84.3 -56.9 -6.5 151.5
2899.4 -183.7 72.1 -91.6 -24.9 116
102.1 161 237.5
510.4 -62.7 -4.4 21.5 -35.3 23.9
1975.7 33.4 85.5 -47.6 -12.4 160.5
2945.1 -215.3 91.5 -71.3 -41.3 127.4
131.6 166.6 304.6
530.6 -41.1 9.9 60.3 -2.9 37.2
1996.2 61.1 96.5 -22.8 21.2 176.1
3004.7 -222.3 113.3 -4.8 -34.7 153.9
148.6 170.9 354.1
542.5 -42.8 -6.5 63.9 -3.8 36.2
2003.7 67.6 85 -20.4 15.2 176.5
3055.4 -232.1 82.4 15.6 -33.8 164.1
160.6 184.8 390.3
550.1 -40 -17.7 58.7 -4 40.6
2029.3 58.7 89.2 6.6 -7.4 187.5
3118.5 -274.6 102.7 24.8 -60.2 189.8
165.5 208 410.6
553.5 -39.4 -19.6 54.1 -7.2 47.7
2046.2 70.7 85.2 23.4 -21.3 208.3
3158.1 -271.4 109.5 35.4 -76.4 225.9
166.5 214 420.7
555 -34.7 -24.7 49 -2.4 48.1
2072.3 47.3 95.3 46.6 -21.9 214.6
3217.6 -318.2 132.9 60.8 -72.6 243
winner is: 12
