Regression analysis information for: mexican_match_declarative-narrow-focus_Ana-lleva-el-abrigo
number of formants: 3
number of coefficients: 5
64 322.8 306.3
507.7 58.7 11.2 24.1 34.8 -20.3
1521.4 99.4 138.7 38 -212.6 -26.2
2042.4 25.9 -16.3 -78.5 -135.4 -57.2
64.1 308.7 322.4
506.8 58.7 12.1 19.2 36.4 -17.1
1566.6 148.3 124.6 -17.9 -205.3 5.5
2069.5 73.4 -30.2 -148.8 -125.7 -34.4
63.4 290.7 316.6
507.3 55.7 7.6 23.2 38.9 -18.7
1605.8 121 29.9 -37.1 -149 33.3
2180.3 76.6 -106.2 -198.6 -130 -32.5
64.4 276.3 297.8
507.3 56.8 3.5 21.9 39 -14.6
1635.7 86.9 17.1 -32.8 -170.3 91.9
2288.6 68.2 -167.7 -264.5 -191 47.7
64.6 243 272.8
509 55.1 1.2 23.8 38.4 -14.9
1691.2 47.8 -18.1 7.4 -157.4 41.3
2412.6 -5.6 -251.8 -231.8 -223 -14.1
65.6 218.8 251
509.5 55.4 1.1 24.5 37.9 -15.2
1739.2 79.6 -15.4 -28.5 -202.4 7.2
2479.2 18.8 -292.7 -252 -267.7 -76.4
65.8 212.8 244
510 56.2 2.4 24.9 37.8 -15.6
1754.6 95.5 -9.6 -38.5 -215.3 -1.3
2508.9 40.4 -276.5 -253.4 -273.6 -79.1
65.9 214.7 251.6
509.8 58 3.9 25.8 37.8 -15.5
1755.6 93.8 -6.8 -41.9 -212.7 -4.2
2547.5 76 -224.8 -206.6 -232.6 -48
65.8 214 281.1
508.7 60.8 4.8 28 37.2 -14.3
1758.2 104.9 -1.6 -33 -212.1 2
2613.3 147.6 -126.5 -137 -156.2 3
65.8 214.4 295
506.9 63.8 4.8 30.9 36.5 -12.4
1762.5 102.2 9.9 -39.1 -206.9 -7.2
2644.9 160.3 -86.2 -133 -132.8 -0.6
66.1 221.2 301.7
505 66.3 3.9 33.9 35.8 -10
1754.1 122.5 -1.7 -27.6 -216.9 -4.8
2651.7 169.4 -84.4 -143.7 -141.5 -15.4
66.7 222.1 303.2
507.4 59.4 11.5 28.4 43.2 -15.8
1754.8 122.1 7.3 -31.9 -213 -13.9
2661.4 180.9 -60.6 -153 -145.7 -37.9
67.5 224.1 303.9
509.9 52.3 17.8 22.3 49.9 -21.1
1755.9 121.7 12.6 -36 -208.1 -20
2677.5 185.5 -28.9 -163.5 -140.4 -56.8
67.1 222.1 310.4
508.2 53.8 15.4 24.6 47.8 -18.8
1760.3 113 21.1 -39.7 -205.4 -22.4
2691.8 171.7 5.9 -170.3 -134.6 -75.8
68.8 222.4 316.9
509.8 49.9 17.6 21.1 50.4 -21.6
1764.1 108.7 17.8 -36.4 -209.9 -14.1
2710.4 171.6 20.3 -163.3 -126.2 -84.6
67.7 218.1 325.7
507.2 54.7 11.5 26.5 44.8 -16.2
1775.5 91.6 24.7 -39.3 -210 -8.2
2733.9 144.8 40.2 -160.7 -101.8 -76.7
70.5 213.7 350.2
511.2 48.3 17 20.2 50.6 -21.7
1792.4 72 32.5 -47.1 -210.7 1.7
2771.4 113.2 53.7 -194.3 -81.8 -90.5
74.6 208.1 363.9
518.9 35.8 28.3 7.7 62.5 -32.7
1816.4 56.8 32.6 -67.1 -203.2 11.4
2878.5 9.1 111.8 -299.8 -52.1 -63.8
76.5 206.3 361.2
522.7 31.4 31.7 2.9 67 -36.5
1834 49.5 28.4 -77.9 -199.7 18.7
2958.8 -41 129.5 -377.9 -25.3 -57.8
78.1 204.1 331.8
525.9 28.5 34 -1.4 72 -41
1854.8 34.4 31.7 -93.1 -190.3 21.8
3060.5 -134.9 183.5 -474.4 29.1 -64.8
winner is: 7
