Regression analysis information for: mexican_mismatch_declarative-broad-focus_Mi-madre-come-la-fruta
number of formants: 3
number of coefficients: 5
81.4 231.8 276.2
503.2 -22.4 -15.7 -29.9 -40 -73.2
1482.8 -76.3 -76.9 -207.1 -216.4 -101.3
2150.9 -38.9 2.2 39.4 -30.9 -8.2
79.4 252.5 317.2
505.5 -16.9 -17.4 -21.8 -37.2 -70.7
1504.8 -38.4 -74.1 -156.5 -181 -100.7
2166.7 -14.8 -33.8 68.1 -19.2 -3.1
79.7 251.9 315
508.1 -13.3 -15 -19.3 -34.9 -67.9
1548.4 -9.5 -60.8 -167.9 -142.7 -60.9
2208.1 -2.2 -62.3 48.2 33.6 41.3
79.7 230.7 307.8
510.6 -12.6 -11.6 -19.4 -31.6 -66.2
1632.3 91.8 45.2 -50.1 -54.1 4.9
2281.7 19.1 -56.1 62.7 90.8 63.8
80.5 207.8 291.5
512 -12.7 -12.3 -18.8 -31.2 -66.9
1678.5 117.5 77.7 -2 -26.4 11.8
2350.6 -18.9 -42.9 61.6 86.3 53.8
83.1 183.2 261.3
515.4 -14.2 -10.8 -16.5 -30.2 -67.4
1709.2 120.4 106.7 13.3 -27.8 -8.3
2456.6 -68.1 7.6 23.3 25.6 -9.6
86.8 180.5 227.3
518.7 -18.1 -11.4 -12.5 -36.8 -62.8
1728.1 123.3 97.1 -8 -31 6
2521.2 -66.3 23.4 -15.6 -23.7 -46.3
90.8 174.4 202
519.4 -20.2 -13.9 -9.2 -42.3 -60.6
1737.5 121.9 93 8.9 -36.5 -5.5
2572 -40.1 28.4 -27.6 -73 -103.1
90 177.6 207.5
515.2 -16.5 -14.8 -13.5 -38.9 -63.1
1735.9 127.8 93.2 15.5 -35.6 -3.4
2582.8 -18 20.5 -28.8 -87.4 -113.1
90.6 178.2 214.4
514.5 -18.7 -14.6 -14.7 -40.8 -60.7
1737.3 126.5 99.9 21.4 -32.1 -2
2582.8 -31.2 18.1 -11.9 -82.6 -103.1
96.6 186.1 214.6
520.6 -29.9 -16 -6.9 -53.9 -51.8
1752.2 118.3 91.1 19.9 -31 20.5
2605.9 -49.5 13.9 -4.9 -98.3 -89
101.8 192.4 216.3
522.9 -34.8 -16.4 -7.3 -58 -46.5
1758 114.9 85.2 14.2 -24.9 36.7
2630.6 -53 28.4 -18.3 -123.9 -93.2
103.4 190.1 202.8
525.3 -37.7 -18.2 -9.7 -56.7 -45.4
1764.7 107.6 63.4 0.8 -16.7 37.2
2651.3 -65.2 11.5 -49.1 -131.6 -90.7
125.8 197.9 201
543.5 -58.4 -28.5 15.3 -77.1 -44.5
1771.8 67.3 30 -11.3 -59.1 10.8
2670.3 -127.5 -23.8 -61.4 -188.6 -105.9
157.7 216.6 230.6
562.9 -79 -39.6 44.9 -103.9 -39.3
1801.1 68.7 36.4 12.6 -80.5 6.3
2711.9 -179.9 -25.1 -45.6 -226.6 -99.3
184.8 236.5 283.4
588 -110.9 -42.1 73 -130 -41.5
1833.1 70.5 54.8 34.4 -89.6 -2.2
2768.3 -182.7 14.5 0.4 -221.8 -84.3
186 237.9 308.2
591.3 -118.7 -31.3 66.3 -125.4 -49.4
1849.9 77.8 77.4 36.4 -80.1 -4.8
2803.5 -184.6 44.5 -4.1 -204.5 -78.1
192 243.7 319.7
593.5 -122.4 -29.7 70.1 -128 -51.4
1861.2 78.1 87.3 45.2 -85.4 -6.9
2818.5 -174.2 44.7 14.8 -207 -80.3
207.9 263.8 353.2
609.9 -147.6 -16.8 62.6 -124.5 -53.7
1882.3 44.6 85.3 38.8 -97.7 -16.2
2864.8 -222.3 61.3 18.5 -206.8 -87.3
218.5 272.2 376.5
616.7 -140.1 -22.1 54.4 -141 -57.7
1889.6 23.1 68.2 37.8 -111.5 -17.9
2903.1 -257.2 65 38.1 -224 -92.3
winner is: 8
