Regression analysis information for: mexican_mismatch_declarative-narrow-focus_Mi-tia-odia-la-lluvia
number of formants: 3
number of coefficients: 5
71 295.9 282.9
492.6 -7 -71 -83 31.3 11.7
1570 -270.3 -135.4 -213.8 -162.4 -333.4
2227.9 -139.2 85.3 24.4 -54.6 -255.5
71 257.6 264.3
492.4 -5.9 -64.5 -82.9 26.5 9.8
1577.3 -260.8 -37.3 -276 -219.4 -327.9
2288.8 -131.6 112.1 -40.6 -98 -243.5
70.5 264.4 280.7
495 -4.5 -70.6 -86.7 30.3 17.2
1602.7 -267.7 -33.7 -267.5 -238.9 -289.8
2368.5 -123.1 66 -77.5 -80.8 -203.2
72 252.6 273.6
496.1 -5.3 -75 -88.4 29.5 21.3
1665 -303.6 -58.2 -203.5 -299 -269.2
2486.6 -134.9 -30.1 -89.8 -107 -133.5
71.6 260.3 225.2
498.8 -2.2 -80.3 -88.7 32.2 26
1725.1 -267.5 -78.2 -167.5 -254.2 -272.4
2566.7 -140.9 -119.2 -100.6 -69.2 -60.5
71.4 251.8 158.9
498.9 0.3 -82.9 -87.2 30.8 26.3
1762.7 -232.3 -71.2 -148 -251.9 -307.9
2650 -104.4 -154.8 -74.3 -94.2 -130.3
70.3 247.8 145.7
499.3 4.4 -83 -84.1 31.5 26.6
1792.7 -191.9 -49.4 -129 -238.7 -324.2
2683.9 -74.5 -154.9 -69.4 -80.2 -127.7
70.3 252.7 145.1
496.8 4.7 -83.4 -82.4 29.6 23.4
1812.4 -159.9 -20 -106.9 -223.5 -320
2707.7 -49.7 -145.8 -69.8 -82.1 -124.6
69.7 251.1 138.7
495.6 7.4 -82.4 -79.8 30.3 23.6
1837.4 -116.2 22.1 -69.3 -190.6 -299.4
2728.4 -27.5 -131.7 -59.8 -74.1 -108.9
70.2 268.1 150.4
493.3 7.7 -82.6 -79.1 28.4 23
1832.6 -127.1 24 -57.4 -163.2 -269.2
2730.9 -26.6 -125.5 -49 -57.2 -96.7
70.4 266.5 153
491.5 8.2 -81.3 -78 26.9 22.7
1844.9 -99.5 52.9 -31.2 -140.8 -252
2737.5 -13.1 -110.6 -38.3 -46.2 -96.3
69.6 256.3 146.2
491.9 10.7 -78.6 -75.9 27.3 23.7
1871.6 -46.2 104 15.4 -109.1 -226.4
2742.6 3.5 -93.3 -37.7 -40 -101.1
70 244.9 149.6
492.1 10.7 -79 -76.2 26.7 23.8
1890.4 -20 125.2 28.3 -114.3 -244.7
2750.9 7.9 -86.9 -40.8 -50.3 -109.7
71 253.4 154.8
492.1 9.6 -80.1 -76.9 26.5 24.6
1881.8 -50.1 102.5 18.5 -126.3 -250.1
2757.2 7.1 -90.4 -44.7 -64.5 -112.3
72.4 248.2 159.3
491.3 6.7 -82 -76.6 28.3 27.4
1895.8 -45.1 98.3 20.7 -148.3 -282
2772.2 18.5 -92.9 -38.3 -84.1 -114
94.4 253.1 197.6
511.7 37.5 -71.7 -90.1 -4.6 -12.5
1917.8 -36.8 92.9 18.1 -172.4 -320.9
2816.4 54 -74.3 -46.7 -116.8 -157.8
99.5 249.5 225.7
515.1 40.9 -72.8 -93.7 -11.2 -19.8
1937.6 -32 85.5 21.3 -187.7 -352.5
2852 67.6 -64.6 -53.5 -127.5 -184.1
100.4 236.2 222.7
516.5 42.1 -73.3 -92.7 -10.8 -19.1
1951.5 -40 71 25.7 -196.2 -375
2867.5 60 -77.1 -58.6 -129.7 -185.3
102.3 231.2 251.1
520.6 44.3 -82.2 -99.6 -10.2 -9.6
1949.3 -88.8 19.2 -5.4 -219.1 -394.4
2903 70.8 -77.6 -74.8 -128.9 -184.8
107.4 233.8 259.2
524.9 53.6 -85.1 -101.8 -18.8 -11.7
1953.4 -106.8 4.5 -14.6 -230.6 -409.9
2922.2 68.3 -79.3 -85.4 -136.7 -196.5
winner is: 9
