Regression analysis information for: mexican_mismatch_interrogative-total-yn_Mi-novio-viene-del-lago
number of formants: 3
number of coefficients: 5
55.5 268.4 295.1
472.7 -41.2 -5 1.5 -9.9 -4.5
1542.5 116.2 -432.9 28.1 -93.5 141.6
2224.9 67.8 -224.7 48.2 -69.5 139.2
54 264.2 306.7
472.9 -39 -2.8 3.3 -9.8 -6.1
1594.5 243.6 -343.1 72.9 -54.9 183
2278.4 87.2 -246.6 76.5 -5.6 101.2
53 235.9 288.5
473.4 -35.1 0.5 5.7 -8.1 -3.7
1637.9 330.9 -307.8 79.1 -69.1 176.5
2341.5 163.6 -281.8 87.2 -25.9 19.1
54.2 212.5 242.9
472.8 -33.5 3.2 4.1 -11.1 -2.9
1672.4 336.1 -297.3 84.1 -63.6 192.3
2418.8 158.8 -278.5 90.8 -38.1 14.9
54.6 191.9 182.3
472.8 -37.3 0.5 2.9 -11.1 -6.9
1698.1 305.2 -358 121 -40.8 137.4
2488.5 159.1 -296.1 134.1 -30.4 -55.9
54.5 190.7 167.5
473.8 -38.4 2.7 5 -7.6 -7.6
1702.8 288 -369.2 125 -27.8 139.9
2516.2 150.3 -290.9 135.6 -47.9 -57.6
57.4 193.9 152.3
471.2 -42 2.4 2.2 -9.9 -8.5
1712.4 249 -368.3 106.4 -27.4 133.2
2549.6 106.7 -270.2 136.6 -67.5 -35.1
55.7 172.7 136.8
472.7 -45.7 7.6 4.1 -4.3 -8.4
1739.4 275.6 -327.8 140.9 14.3 161.7
2577.8 90.2 -249.5 142.9 -62.5 -11.6
54.7 162.6 135.4
472 -46.7 11.3 4.8 -3.2 -8.6
1758.7 310.2 -302.3 155.1 16.5 142.2
2589.8 87.9 -241.6 145.6 -55 -3.4
54.1 159.6 137.2
470.7 -48 13.1 5.3 -2.6 -8.7
1762.6 317.9 -295.2 161.7 19.4 141.8
2595 84.4 -238.2 149 -49 0.5
53.4 159.2 135
469.3 -48.7 13.7 5.1 -2.8 -8.7
1764.7 334.8 -289.1 172.8 22.9 138.9
2599.4 94.1 -231.4 160.5 -35.1 2.6
53 160.5 136.6
468.4 -48.5 13.8 5.1 -3.7 -8.4
1763 339.9 -289.3 174.7 19.1 132.1
2599.8 99 -228.5 164.5 -32.1 -3.3
53.1 164.5 132.9
467.7 -48.6 12.9 4.3 -4.9 -8.6
1758.1 339.4 -295.2 175.3 16.6 135.8
2594.9 111.5 -230.9 170.3 -29 -4.6
53.1 153.9 124.2
467.8 -49.7 13 2.7 -5.5 -8.8
1769.9 347.8 -289.6 172.6 11.2 128.2
2601.4 109.4 -234.4 154.6 -44.6 -19.7
53.9 167.6 127.8
467.6 -52.6 12.5 -0.6 -7.2 -10
1773.9 337.6 -294.3 155.1 -4 117.4
2614.4 119.9 -219.1 154.8 -46.5 -12.7
54.9 167.5 141.4
467.8 -55.7 12.7 -3.2 -7.9 -10.3
1787.8 347.1 -279.5 162.3 4.8 132.6
2637.2 148.8 -184.8 176.5 -30.3 13.7
55.8 176.6 144.8
468.8 -57.2 14 -3.7 -6.8 -9.2
1794.3 342.5 -288.9 156.5 -10.4 128.4
2648.1 152 -186.8 170.3 -50.2 4.5
58 191.8 149.9
468 -58.2 11.6 -3.4 -9.1 -8.3
1790.8 327.7 -316.1 144 -42.1 112.2
2647.7 132.9 -204.1 155.8 -74.5 -4.6
59.1 207 200.1
469.4 -62.2 13.6 -4.5 -8.5 -7.5
1816.1 285.8 -289.1 117.6 -27.9 94.5
2686.2 72.1 -142.3 123.3 -21.1 -5.8
60.5 218.2 249.5
470.4 -65.9 14.6 -4.8 -8.9 -6.5
1840.9 238.1 -267.5 99.6 -15.7 97.5
2719 1.8 -102 83.6 14.4 -18.2
winner is: 14
