Regression analysis information for: mexican_mismatch_interrogative-partial-wh_Por-que-desayuna-muy-bien
number of formants: 3
number of coefficients: 5
74.1 410.3 206.1
469.6 -6.6 -31.7 9.8 5.3 -42.7
1564.1 -46.4 40.3 -56.9 6.1 116.9
2221.6 -89.8 19.3 -9.8 -104.5 110.5
71.8 384.5 239.6
471.7 -3.1 -33.6 -5.2 0.2 -34.9
1607.9 -33.9 7.8 -124.7 -29.7 143.2
2285.9 -52.5 14.5 -84.1 -175.1 131.8
69.9 316.7 249.4
472.5 -1.1 -34.9 -8.1 -3.4 -28.7
1695.9 -77.7 -37.7 -46.7 -111.7 215.8
2352.8 -20.9 15.3 -81.1 -188.9 176.5
69.8 300.9 258.2
470.1 -2.2 -39.8 -8.9 -9.1 -30.9
1733.8 -154.4 -59 -41.9 -164.7 195.2
2376.1 -54.4 -9.3 -115.7 -224.6 154.2
69.6 257.1 232.2
473 -1.6 -35.6 -6.8 -6.7 -28.5
1783.8 -117.4 -21.8 -52 -211.6 200.5
2448.6 6.3 14.1 -116.3 -219.8 165.2
68.8 231.1 206.7
473.7 1.6 -36.5 -7.8 -10.7 -32
1806.2 -80.1 -15.5 -90.7 -267.6 176.4
2484.7 43.3 3.8 -151.8 -253.2 140.4
68.2 227.9 207.3
473.6 1.1 -34.7 -7.8 -9.8 -33.1
1810.8 -59.8 -5.9 -101.5 -294 175
2509.8 70.7 5.4 -141.6 -243.7 139.1
68.4 210.9 199.8
472.6 0.9 -33.5 -6.8 -8.3 -34.2
1842.8 -71.7 -1.9 -127.4 -263.8 160.9
2534.4 66.2 -3.1 -154.5 -227.9 137.4
68.5 205.8 196.3
468.6 1.2 -29.1 -7.3 -6.2 -31.8
1860.9 -99 33.3 -157.3 -241.2 149.8
2563.2 67 6.5 -175.8 -218.3 136.8
69.1 202.3 189.9
467 1.5 -28 -5.5 -4.4 -32.2
1880.5 -100.8 23.3 -164.1 -235.1 142.9
2582.7 69.9 12.8 -187.2 -221.1 128.6
70.1 196.4 191.3
466.3 2.3 -27.7 -3.9 -2.6 -34.4
1896.5 -119.1 33.2 -177.8 -203.7 136
2606.3 68.9 14.7 -183.4 -186.9 126.9
71.2 183.5 185.2
468 3.7 -29 -0.6 -1.5 -38.5
1916 -137.7 11.5 -150.3 -211.5 115.8
2622.6 54.9 -21 -171.3 -194.6 112.8
73.3 173.2 178.2
470.7 3.6 -32.3 5 -0.2 -43.6
1940.8 -147.8 -16 -115.1 -210.7 82.4
2652.1 62.9 -38.4 -159.1 -195.4 92
75 174 194.2
473.2 5.3 -32.6 9.5 1 -47.4
1942.1 -143.4 -20.8 -103.3 -208.2 79.9
2673.6 87 -58.3 -174.4 -200.5 99
73.1 169.8 211.9
469 -2.2 -38.9 7.9 1.8 -44.9
1945.1 -140.4 -33.2 -105.4 -212.8 82.8
2687 104.6 -81.4 -204 -219.3 110.9
72.9 169.3 236.4
467.5 -1.8 -37 8.1 3.3 -44
1949.4 -137.5 -28.3 -105.2 -208.8 77.3
2699.8 130.2 -70.6 -223.4 -228.4 109.8
81.3 187.7 268
474.9 12.7 -38.9 -15.8 -13.6 -38.9
1966.2 -110.6 -25.3 -135.7 -234.3 78.2
2712.2 183.6 -63.9 -267.5 -267 121.3
80.5 182.5 281.1
474.2 14.6 -37.1 -19.2 -14.1 -36.7
1968.6 -94.3 -4.2 -157.6 -239.7 92
2737.6 225 -60.3 -305.1 -291 126
81.9 181.8 294.4
476.1 17.2 -38.6 -24.7 -18.3 -35.3
1976 -75.4 8.1 -168.3 -243 98.9
2770.3 257.2 -63 -332.7 -312.7 129.4
88.9 195.6 313.9
479.7 20.2 -43.4 -35.2 -25.7 -33.5
1999.5 -57.9 14.3 -194 -259.8 93.1
2800.9 266.7 -59.9 -359.6 -322.1 129.9
winner is: 13
