Regression analysis information for: mexican_mismatch_declarative-broad-focus_El-hombre-mira-la-luna
number of formants: 3
number of coefficients: 5
71.4 248.6 233.2
486.5 -11.1 -2 21 22.5 -11.1
1629.4 131.4 4.1 -150.4 306.9 146
2219.8 138 51.1 -19.8 150.2 224.7
72.8 245.3 258
483 -11 -7.3 27.3 18.8 -6.9
1635.3 137.8 -20.2 -71.4 226.9 186.7
2285.9 143.8 21.6 32 137.2 264.9
72.9 205.7 271.3
482.8 -6.8 -4.9 29.1 17.9 -9.2
1678.7 142 -26.8 -14.7 197 143.6
2371.7 141.6 -15.1 126.3 114.3 177.3
72 176.1 263.6
482.5 -7.1 -7.1 30.9 17.7 -10.1
1710 128.8 -52.5 3.4 203.5 133.9
2404.8 125.1 -32.9 154.8 115.3 151
73.8 163.2 263
481.1 -3.9 -9.6 33.2 19.6 -14.4
1736.8 114.9 -71.2 6.9 234.1 110.6
2437.2 106.6 -27.9 141.1 154.7 111.6
73.9 155.7 243.7
481 -5.1 -8.8 33 21 -17.5
1760.4 93.6 -66.1 5 255.7 80.3
2494.1 83.6 -62.1 166 200.6 31
74.6 172.1 254.7
479.7 -5 -8.9 32.9 21.7 -20.5
1754.5 108.1 -73.3 11 259.2 62.5
2507.2 89.6 -66.3 184.2 192.2 9
76 177.4 255.2
477.8 -4.9 -8.9 33.3 20.7 -22.5
1757.6 117.2 -88.4 18 256.2 63.1
2519.1 89.8 -77.9 227.3 176.2 -6
77.1 179.3 254.4
474.7 -3.4 -10.2 32.8 18.8 -21.6
1761 122 -92.4 18.6 258.4 52.6
2536.6 83.7 -80.5 253.4 166.9 -21.7
80.5 175.1 251.4
478.4 -13.7 -2.1 24.7 24.6 -30.8
1770.4 118.4 -90.5 18.6 248.7 58.3
2563.6 64.9 -72 268.3 157.2 -46.3
88.2 162 236.4
484 -27.3 10.8 11.5 35.4 -42.9
1801.8 90.2 -66.9 -3 243.4 66.4
2635.7 -12.2 -41.1 232.9 168.5 -48
97.3 157 222.9
491.5 -42.6 25.7 -4 49.1 -57.5
1818.5 81.3 -49.9 -25.6 238.5 58.8
2657.7 -52.5 -2.8 185.9 186.2 -63
103.4 155 225.1
496.1 -51.7 34.7 -13.2 57.2 -66.4
1822 91.2 -53.2 -31.5 227.6 51
2675.6 -73 6.7 170.7 186.8 -98.2
102.8 152.9 222.5
494.7 -49.9 32.6 -10.6 54.7 -64.2
1825.2 93.4 -50.7 -30 216.8 48.3
2679.1 -72.1 8.1 171.5 175.6 -101.5
109.8 152.5 221.8
500.7 -53.9 42.3 -18.6 58.6 -75.8
1834 87.8 -33.8 -24.9 210.6 45.2
2699.5 -78.5 30.4 160.8 178.3 -118.6
110.1 154.8 223.2
500.8 -53.9 42.9 -18 58.5 -75.8
1838 90.9 -23.5 -14.7 205.7 44.6
2714.9 -81.7 43.6 162.2 184.2 -124.8
115.3 154.9 228.3
504.9 -53.4 48.4 -22.4 59.5 -84.6
1843.3 93.8 -15 -5.4 204.3 46.3
2740 -88.6 67.6 150.2 201.2 -140.8
115.2 150.6 226.3
505.4 -51.9 47.6 -20.8 56.9 -83.1
1849.8 88.9 -7.1 3.4 206 55.9
2751.5 -86 67.8 157.6 199.7 -121.7
112.3 149.2 223.8
500 -59.7 42.5 -17.1 63.8 -71.5
1854.8 89.1 -6 10.1 210.8 63.6
2762.5 -101.4 64 161 213.4 -105.3
114.3 147.7 230.9
502.5 -60.7 45.3 -19.2 65 -74.6
1863.4 90.8 -4 17.3 214.7 70.8
2782.6 -102.8 61.3 171.6 212.5 -106.5
winner is: 6
