Regression analysis information for: mexican_match_declarative-broad-focus_Emilio-ama-la-marcha
number of formants: 3
number of coefficients: 5
83 251.6 229.7
528.4 -55.4 -2.1 -25.9 63.3 -7.5
1599 137.2 216.1 -74.7 -25.1 -93.1
2138.6 95.3 302.6 -81.6 -18.9 -115.7
81.6 232 273.7
529.7 -58.2 0.8 -25 65.1 -7.2
1637.8 168.5 253.2 -67.2 -40.1 -122.3
2172.6 71.8 328.1 -53.6 -29.9 -140.2
80.1 222.9 283.8
531.2 -61 0.6 -23.6 66.5 -11.1
1659.7 175.4 245.1 -59.8 -27.1 -156.1
2206.5 79.4 347.5 -49.8 -7.9 -179
81.2 203.6 293.3
531.9 -63.9 3.5 -24.3 65 -11.5
1692 158.8 250.1 -45.1 -34.7 -176.1
2274.3 56.7 305.5 -21.9 59 -232.9
81.9 202.5 287.9
531.9 -67.9 -1.4 -26.9 64.3 -16.6
1707.1 154.3 225 -38.5 -35.8 -200.3
2348.6 55.8 226.8 14.5 130.8 -291.3
81.1 177.3 280.7
534.6 -68.3 2.7 -25.4 68 -14.8
1744.8 161.4 256.1 -18.1 -32.9 -210.3
2398.7 37.2 203.1 24.3 136.4 -331.7
82.1 181.9 278.1
535.1 -71.6 2.7 -27.6 68.9 -15.8
1754 152 265.4 -31.5 -35.3 -221.9
2407.9 31.6 208.3 19.4 122.6 -363.2
82.9 177.8 264.8
536.8 -75.3 4.4 -29.7 71 -15.1
1778.4 130.3 278.7 -30.1 -36.6 -220
2476 -24.1 207.1 45.5 83.6 -341.8
84.8 195.1 259
537.2 -76.2 4 -31.3 72.6 -14.9
1777.8 119.3 265.3 -48.5 -38 -227
2525.1 -36.1 175.3 29.6 74.2 -323.2
87.1 211.1 273.3
537.2 -75.9 2 -32.4 73.3 -14.3
1763.8 67.7 228.6 -72.8 -50.2 -213.8
2576.4 -48 110.6 -24.1 93.1 -281.1
97 215 268
545 -92.8 14.6 -46.4 84.1 -19.1
1774.5 56.7 240.6 -70.4 -26.5 -189
2626.9 -44.5 72.4 -50.8 133.9 -241.7
102.5 206.2 263.5
551.7 -102.6 24.5 -55.7 91.2 -23.5
1800.9 66.6 267.6 -57.2 -19.5 -174.8
2677.7 -51.4 53.5 -60.2 160 -193.6
106.9 182.4 253.2
556.3 -109.7 31.8 -62.2 96.3 -27
1841.8 122.5 299.3 -41.8 -28.9 -184.1
2727.7 -43.1 51.6 -44.1 161.3 -206.7
115.5 182.9 254.7
564.7 -123.9 46.8 -74.3 106.8 -35.2
1869.6 140 323.5 -49.6 -26.4 -197.6
2786.8 -91.8 58.5 -33.3 160.8 -238.4
117.6 175.2 253.4
565.1 -124.8 49 -75.2 108.4 -38.4
1885.7 144.5 341.3 -48.4 -24.8 -197
2818.7 -112.5 68.6 -32.8 166.2 -262.5
128.3 181.5 254.6
571.8 -139 62.1 -86.4 117.3 -45.5
1895.4 138.4 354.2 -57 -21.5 -206.3
2828.9 -114.4 81 -36.8 164.9 -279.9
150.4 197.3 266.2
596.5 -188.2 107.6 -128.4 152.5 -73.9
1905.9 114.3 374 -76.9 -8.8 -221.4
2845 -140.2 103.7 -55.2 172.7 -308.5
151.7 195.5 270.9
597.7 -190.9 109 -131.1 154 -75.5
1895.5 108.5 358.6 -77.2 -16.4 -216
2850 -152 99.6 -63.2 168.6 -319.7
164.4 213 277.9
610.7 -216.2 131.5 -151.8 170.5 -88.6
1896.1 70.9 355.5 -100.7 -14 -219.7
2875.8 -197.1 123.7 -87.1 173 -340.1
165.4 219.4 279.8
611.5 -216.8 130.4 -150.4 167.8 -85.3
1905.5 48.8 360.6 -113.1 -14.2 -221.4
2898.8 -213.7 121.6 -86.3 163.4 -336.8
winner is: 8
