Regression analysis information for: mexican_match_declarative-narrow-focus_Daniel-iba-a-Bolivia
number of formants: 3
number of coefficients: 5
60.6 289.2 223.7
468.8 4.3 -23.6 -38.7 39.6 -59.7
1698.7 -152.7 25.5 -338 -425 22.2
2224.9 -138.3 172.3 -286.3 -301.1 159.6
60.1 296.4 247.5
469.8 8.6 -24.8 -36 39.7 -62.7
1724.1 -150.6 17.1 -324.9 -414.5 31.5
2266.9 -150.7 153.9 -308.5 -280.5 113.3
58.9 282.2 275
470.2 5.6 -26.3 -36.2 41.7 -64.1
1704.2 -154.3 4.8 -387.4 -378.6 -19.5
2362.7 -152.4 52.1 -267.5 -192 -11.4
58 233.7 185.8
471.1 5.1 -27.1 -35 43.9 -62.7
1742.8 -172.2 -58 -433.7 -400 -11.2
2477 -159.9 -106.8 -227.3 -60.7 -62.2
58 236 208.1
470.4 7.4 -29.3 -32.4 44.2 -60.9
1783.8 -175.3 -61.2 -428.6 -441.2 13.3
2484.9 -127.3 -114 -203.6 -67.2 -61.1
58.6 251.1 201.4
469.5 5.7 -30.9 -33.3 43 -61.1
1815.5 -197.3 -26.2 -414.4 -423 43
2551.6 -124.9 -54.5 -176.4 -67.8 -7.5
58 264.8 205.4
470.9 11.7 -26.8 -27.9 45.5 -57.3
1828.9 -187.6 0.1 -397.2 -390.3 60.5
2600.9 -103.9 -27.2 -147.6 -50.8 29.7
57.6 263.2 196.7
469.9 13.6 -26.1 -26.3 44.8 -56
1835.6 -185.7 7.5 -406.2 -392.2 55.3
2627.7 -102.7 -9.2 -144.1 -38.6 16
57.2 268.6 194.3
467.5 15.6 -27 -24.2 42.7 -53.9
1842.4 -177 17.4 -409.2 -394.8 57
2646.2 -107.3 9 -144.1 -28.4 20
56.8 270.2 194.7
465.7 20.3 -27.4 -20.4 41 -51.4
1864.2 -137.9 47.7 -399.5 -397.5 51.1
2666.4 -79.7 46.6 -127.2 -14.1 25.9
57.1 278.5 195.6
463.1 21.6 -29.7 -18.1 39.7 -48.9
1868.5 -132.1 56.6 -398.8 -395.8 58.3
2668.6 -77.5 63.8 -124.5 -10.6 32.7
55.8 272.5 191.2
462.9 23.9 -29.1 -16 40 -48.4
1879.5 -115 69.3 -399.9 -399.7 49.6
2691.4 -35.4 100 -109.1 -3 32
55.4 255.5 119.8
462.6 24.5 -29.9 -14.9 39.9 -48.7
1902.4 -78.8 94.1 -400.2 -417.7 10.1
2741.2 58.1 150 -88.2 -27.6 -22.9
54.9 251.6 108.9
462.6 24.3 -30.7 -14.5 40.2 -49.2
1904 -70.6 95.4 -381.3 -415.5 11.9
2745.7 81.5 148.1 -57 -18.4 -19.7
54.4 249.2 107.6
463.2 24 -31.6 -14.1 41 -49.5
1914.7 -62 100.4 -366.2 -408.5 25.6
2765.6 104.1 155.2 -31.1 3.6 -7.9
53.5 250.6 124.4
464.3 24.2 -32.1 -12.8 43.1 -48.8
1932.6 -48.5 113 -348.4 -390.9 49.7
2792.6 119.4 162.6 -9 34.4 13.6
53.6 253.4 142.7
465 23 -34.3 -12.5 44 -49.5
1950.6 -42.5 112.9 -349.9 -389.1 63.6
2824.4 129.5 173.4 8.4 66.6 33.4
54.2 259.2 179.5
465.5 21.5 -37.4 -12.4 44.4 -50.7
1992.7 9 166.8 -301.2 -335.1 123.2
2866.9 140 195.3 17.3 108.5 61.8
54.6 264.4 235.2
466.5 22 -39.9 -10.7 45.3 -50.5
2032.9 57.3 224.6 -249.6 -279.5 178.4
2922 165.9 204.9 0.2 131.4 106.3
55.8 278.8 277.7
466.8 23.1 -44.2 -8.2 44.9 -50.2
2049.4 62.5 241 -237.4 -263.2 198.4
2965.6 182.8 195.1 -26.8 134.7 144.4
winner is: 15
