Regression analysis information for: mexican_mismatch_declarative-narrow-focus_Mi-madre-come-la-fruta
number of formants: 3
number of coefficients: 5
81.4 167.4 261.3
503.1 -33.7 -31.1 -13.9 -18 -70.7
1498.3 -160 -184.4 -153.4 -261 -193.5
2254.9 -46.4 -48.1 70.4 41.4 10
86 171.1 269.3
502.6 -30.5 -35.4 -15.3 -19.6 -64.4
1491 -155.2 -178.5 -145.3 -294.9 -181.5
2262.9 -66.3 -57.9 86.2 12.3 62.5
90.6 152.2 264.5
507.4 -28.9 -42.6 -22.9 -15.1 -57.1
1530.2 -177.6 -182.9 -191.8 -280 -157.9
2309.4 -104.6 -65.2 66.5 28.3 107.7
97.3 148.9 276.6
512.8 -27.3 -48.1 -32.6 -9.5 -49.4
1554.5 -183.1 -189.3 -223.6 -281.9 -152
2338.9 -84 -77.5 27.6 59.2 92.4
104.8 144.7 270.9
519.1 -21.8 -53.1 -39.8 -4.2 -38.8
1568.6 -189.2 -180.2 -231.7 -278.9 -153.2
2357.5 -26.6 -106 31.8 45.3 60.5
107.6 138.9 249.6
522.9 -18.8 -53.3 -42 -1.7 -36.3
1587.4 -208.2 -199.6 -252.6 -280.8 -140.4
2447 -52.5 -84.5 -16.9 0.2 9.3
115.8 175.7 246
527 -31 -54.9 -36.4 -16.6 -34.1
1630.5 -176.3 -156.5 -209.2 -251.8 -107.7
2548.9 -58.5 -25.6 -36.5 -63.6 -0.4
118.5 212.4 234
533.1 -31.2 -48.7 -24.2 -23.4 -30.2
1666.3 -126.2 -115.2 -159.8 -209.2 -73
2603.6 -64.1 6.4 -29.6 -117.6 2.9
117.8 218.5 211.5
531.1 -34.2 -41.7 -16 -28.4 -37.3
1678.2 -115.7 -113.5 -149.5 -195.6 -71.1
2629.2 -78 9.1 -33.5 -146.7 -12.9
122.1 222.7 198.9
535.1 -34.5 -42.3 -13.6 -30.3 -32.3
1692.3 -118.1 -115.7 -145.5 -189.6 -58.1
2665.5 -83.9 24.9 -40.4 -149 -7.2
129.6 226.8 214.7
539.4 -45.1 -39 1.9 -45.7 -30
1697.4 -115.8 -116.8 -138.4 -192.3 -58.8
2703.4 -89 45.2 -27.1 -150.5 0.3
136.5 230.3 234.7
542.8 -55 -37.4 14.4 -57.6 -30.6
1705.6 -112 -108.4 -121.3 -192.2 -61
2727 -88.4 79.2 27.8 -166.5 13.1
150 250.6 258.6
554 -68.4 -34.8 33.8 -74.7 -16.7
1747.2 -57.8 -53.1 -54.8 -154.1 -9.8
2748.7 -80.8 99.4 61.9 -166.8 40.3
164.7 254.4 287.4
568.5 -68.5 -50.7 26.8 -74.7 6.9
1770 -40.3 -60.3 -57.9 -143.6 15.3
2779.6 -77.5 71 51 -163.3 83.9
172.3 257.5 298.5
573.2 -72.6 -59.5 24.6 -79.5 10.9
1785.4 -35.5 -64.3 -61.9 -148.8 9.3
2795.4 -83.3 65.9 56.1 -169.1 95.6
175.3 263.9 324.4
577.6 -72 -54.1 34.6 -82.3 14.9
1833.9 30.2 -4.6 -3.5 -104.1 54.7
2839.4 -44.6 82.5 79.6 -150.6 132.8
182.3 260.2 358.2
589.2 -78.1 -52.4 21.2 -72.6 27.2
1864.3 52.3 11.6 -2.9 -85.1 66
2896.7 -24.1 107.3 98.7 -135.7 175.4
182.8 261.4 363.9
588.6 -77.3 -50.8 21.7 -72.2 24.2
1878.6 48.3 15.3 -4.5 -106 46.9
2927.4 -17.1 124.1 120.9 -148.4 180
202.2 281.7 399.3
604.6 -84.9 -62.5 24.9 -88.2 53.3
1916.1 34.8 12.4 13 -126.6 83.9
2996.5 -11 130.2 166.3 -181.1 226.4
224.3 322 468.5
632.5 -131.7 -36 3.8 -86.4 60.5
1954.1 -12.1 32.1 8 -125.7 108.6
3062.2 -99.4 162 145.4 -186.5 254.5
winner is: 6
