Regression analysis information for: mexican_match_interrogative-total-yn_Maria-bebe-el-vino
number of formants: 3
number of coefficients: 5
48.8 253 212
489.7 29.4 24.5 -75.3 0.2 2.2
1699.6 112.1 -42.3 126 -102.6 -195.4
2307.7 14.8 -196.9 87.3 -100.6 -96.2
46.9 233.6 207.4
489.6 30.8 23.5 -77.8 -0.1 3.7
1720.9 114.3 -49.7 104.8 -102.9 -168
2347.3 27.5 -213.4 55.2 -106.6 -84.3
45.1 239.3 209.1
488.9 31 22.8 -77.4 0.4 5.8
1729.3 67.1 -60.3 130.6 -130.1 -139.6
2368.4 35.8 -210.2 62.2 -119.7 -81.3
44.4 226.8 217.2
488.1 32.9 22.2 -79.1 -0.2 7.3
1754.7 59.5 -69.2 143.9 -166.1 -130.7
2376.2 52.8 -211.4 75.5 -143 -102.6
45.9 226 213.4
485.2 33.3 23.1 -78.1 1 7.7
1770 75.3 -60.3 143 -177.2 -138.6
2395.8 63.4 -218 68.1 -158.5 -114.5
46.3 225.8 215.8
484.2 36 22.7 -81.5 -1 8.7
1783.6 100.4 -62.7 146.8 -165.6 -153.6
2416.6 81.2 -216.4 54.4 -191.2 -110.5
47.7 217.2 188.9
481.7 36.3 23.1 -82.4 -1.1 8.9
1791.9 142.4 -68.8 128 -157.5 -179.6
2452.2 131.1 -212.5 11.6 -212.9 -117.4
49.3 208.1 155.8
480.2 37 23 -84.6 -2.1 8.3
1806.7 143.4 -73.7 121.7 -174.4 -180
2502.6 157.7 -226.3 8.2 -225.3 -126.6
50.1 207.3 149.1
478.8 35.8 23.6 -84.5 -3.1 8.1
1817.4 141.5 -72.5 112.3 -185 -180.7
2534.5 183.1 -230.3 17.1 -216.7 -127.2
50.8 212.7 149.5
477.2 34.3 24.6 -83.7 -3.4 7.4
1815.8 143.4 -69.5 104.4 -177.9 -188.9
2548.1 180.7 -229.5 19.9 -198 -138.9
50.8 204.5 151.9
475.9 32.3 25.3 -82.8 -3.6 7
1838.2 106.7 -58.3 117.2 -214.5 -154.7
2568.8 148.9 -226.3 16.3 -194.5 -130.5
50.8 194 153.8
475 30.2 27 -81.7 -3.7 6.5
1858.9 67.1 -43.4 126.7 -244.3 -121.3
2590.6 112.3 -204.7 5.5 -195 -115.7
50.6 188.7 157.3
474.9 27.8 28.4 -80.9 -3.8 6.6
1869 31.6 -35.8 129.9 -258.6 -103
2621.9 57.5 -165.1 -11.5 -198.5 -101
50.8 180.2 158.1
475.1 26.3 29.8 -80.3 -3.4 6
1876.9 17.8 -22.3 123.6 -257.8 -121.2
2648.9 33.8 -127.8 -20.3 -193.5 -107.3
51 176 165.5
475.5 25.6 31 -80.5 -2.5 5.4
1885.9 5.9 -9.4 119.1 -248.5 -126.5
2682.9 -5.1 -80.6 -41.1 -176.2 -111.5
52.5 177.4 158.1
475 26.8 31 -79.8 -2 5
1890.9 1.4 -1.9 120 -245.2 -129.2
2729.9 -64.2 -5 -85 -143.2 -138.2
52.6 170.7 147.7
476.3 25.7 33.3 -81.2 -0.3 3.5
1902.4 -2 16.4 115.8 -236.7 -138.6
2761.8 -91.6 47.7 -120.7 -119.9 -175.7
53 169.6 145.7
476.6 26.1 34 -81.1 0 2.7
1905.5 5.4 21.8 123 -234.2 -145.2
2770.9 -89.7 62.5 -126.5 -118.2 -197
53.5 169.8 149.1
476.7 26.4 34.1 -80.9 0.3 2.2
1907.9 12 23.3 126.9 -227.3 -151
2777.2 -91.4 71 -133.8 -109.5 -214.6
53.6 168.7 146.7
477.1 26.8 33.9 -80.7 0.2 2
1913.6 16.6 21.5 130.4 -222.5 -153.3
2791.2 -100.8 79.5 -146.1 -99.5 -229.2
winner is: 18
