Regression analysis information for: mexican_mismatch_declarative-narrow-focus_El-nino-oye-el-rio
number of formants: 3
number of coefficients: 5
41.8 392.1 223.6
445.2 0.5 -31 -35.7 40.9 4.7
1714.3 -169.1 -39.3 -15.4 -200.8 -64.2
2435.7 14.4 197.3 72.3 -165 -70.7
45.9 378.6 218.7
439.2 -7.6 -39.2 -44.8 29.7 -4.1
1745.1 -118.9 5.2 42.6 -194.8 -95.5
2459.4 17.7 188.7 125.8 -210.3 -111.1
48.9 315.5 217.5
446.2 9.6 -24 -33.5 44.5 13
1853.2 35.7 82.4 123.7 -97.6 2.9
2533.1 60.1 177.6 180.1 -154.2 -111.9
46.8 244.4 192
452.7 19.5 -18.7 -25.7 52.8 20.8
1944.2 112.7 87.4 145.9 -61.6 51
2605.5 75.8 145.6 212.3 -108.1 -97.3
48.2 241.9 169.3
452.1 19 -19.6 -24.6 55 21.3
1963.3 119.7 88.1 151.1 -68.9 32.5
2654.5 48.3 120.2 211.4 -91.9 -99.9
48.4 205.4 158.6
452.9 20 -21 -26.6 55.3 21.8
2009 178.6 82.7 101.4 -132.2 0.5
2696.4 60.3 75.8 203.9 -93.4 -100.8
49 201.9 146
452.7 20.2 -21.1 -27.2 56.1 21.7
2029.8 199 91.7 91.8 -145.4 -15.8
2726.2 52.7 62.9 195.7 -78.8 -101
49.8 205.9 145.3
451.1 19.5 -20 -26.8 57.8 21.5
2042.4 214.3 97.7 89.2 -148.7 -15.1
2749.5 52.8 53.5 189.4 -66.7 -95.6
50.3 212.3 155.7
449 19.1 -19 -26.4 59.2 21.1
2051.1 224.4 107.7 103.1 -139.4 -14.5
2775.6 54.8 45.9 188.7 -51.2 -105.3
53.7 221.9 171
449 13.8 -17.3 -19.9 54.2 24.3
2037.5 206.7 126.2 142.9 -121 -19.7
2791.4 58.3 47.2 201.7 -38.2 -103.9
60.5 223.9 182.7
454 3.4 -17.8 -9.7 41.8 33.1
2037.5 198.8 132 157 -126 -16.4
2804.9 64.4 54.3 214.8 -33.8 -96.4
60.8 223.1 177.3
453 2.9 -19.1 -10 42.7 32.9
2050.2 212.3 129.9 149.6 -142.2 -11
2813.8 75.4 62.2 231.8 -6.7 -84.4
65.4 241.4 152.2
455.7 -2.1 -21.1 -6.2 36.9 36.7
2023.6 143.3 58.8 105.8 -170.9 21
2817.4 44 10.6 225.4 13.9 -63.6
86 238.4 182.3
468.7 -21.1 -23.9 12.8 11.1 52.8
2048.5 154.4 57.9 119.2 -190.2 34.2
2863.2 52.9 -23 232.6 0.4 -50.8
98.6 232.4 231.4
476.5 -31.6 -27.3 24.8 -2.6 59.4
2087 189.8 76.6 145.8 -200.6 36.8
2928.4 98.2 -60.4 197.9 -34.4 -35.5
105.6 229.3 244.8
481.3 -37.9 -29.3 31.4 -10.6 63.8
2115 203.7 86.8 174.7 -212.4 32
2960.5 114.3 -74.8 202.1 -37.9 -30.2
88 226.5 245.3
472.8 -26.5 -28.9 18.1 8.2 53.2
2136.5 217 102.6 201.9 -225.9 9.7
2981.7 137.6 -76.1 201.4 -24.8 -43.3
107.7 227.7 267.7
483.2 -40.4 -30.9 34.3 -12.1 63.8
2171 217.1 112 245.6 -249.3 3.5
3018 127.9 -78.8 239.8 -43.3 -33
116.9 225.6 287.3
488.5 -48 -31 42.4 -22.7 70
2193.7 216.4 118 265.4 -263.1 -4.9
3059.2 99.4 -89 297 -74.6 -37.2
117.8 218.6 296.9
489.3 -49.4 -30.6 43.2 -23.6 70.8
2207.9 219.1 124.6 265.2 -271.1 -6.1
3085.8 91.7 -82.1 328.7 -85.3 -45.6
winner is: 7
