Regression analysis information for: mexican_mismatch_declarative-broad-focus_La-nina-lava-el-plato
number of formants: 3
number of coefficients: 5
70.6 299.1 218.1
519.9 0 0.7 -49.6 -4.1 80.4
1490 -90.1 -59.5 27.1 -90.4 -49.6
2063.5 -61 116.7 -61.5 -72.5 -128.7
61.1 234.3 283.3
529 -4 13 -55.5 3.8 75.5
1607 -14.4 -18.3 -14.3 -108 -70.1
2172.3 -61.4 95 -82.6 -61.6 -90.6
63.9 224.5 306.4
533.5 -5.1 9.8 -48.8 2.1 76.3
1646.5 13.1 -36.2 -31.1 -99.2 -57.5
2259.6 -74.6 54.7 -83.9 -53.9 -40.7
66.9 228.4 310.8
533.9 -6.1 5.7 -49.6 0.6 77.4
1661.4 13.8 -60.2 -38.5 -99.7 -60.8
2340.3 -79 9.1 -57.6 -55.8 -13.6
62 202.1 265.4
533.5 -0.4 8.5 -51.3 8.3 85.9
1706.3 58.7 -36.5 -30.1 -95 -18.8
2508.5 -46 -81.6 -68.3 -45.7 124.3
62.1 196.3 248
535.4 2.1 8.7 -48.1 10.9 91
1716.8 72.4 -23.7 -8.2 -63.5 2.7
2587.1 -15.9 -71.4 -66 -36.2 147.2
63.9 211.1 246.1
534.2 4.1 5.9 -46 9.4 93.9
1700.9 41.9 -35.4 8.3 -30.4 39.2
2610.1 -17.5 -80.7 -91.8 -81.1 141.5
64.5 207.8 246.5
532.5 6.9 5.2 -44.7 8.4 95.5
1710.5 34.2 -44.4 15.1 -36 39.4
2633.8 -15.9 -83.1 -80.6 -89.5 135.8
71.4 202.7 249.1
536.8 2.4 -2 -29.6 -1 91.1
1728.4 34.2 -46.6 34 -51.8 22.6
2656.7 -30 -100 -63.3 -112.2 122
70.2 202.2 259.9
533.9 4.2 -1.9 -27.3 -2.1 90.9
1737.5 41.9 -41.6 49.2 -55.8 15.6
2675.8 -26.2 -86.9 -52.1 -118.9 104.8
70.7 196.3 276.8
530.3 9.8 -6 -25.9 -2.9 87.7
1743.5 56.3 -44.3 64.1 -68.8 14.5
2699.9 -35.3 -82.9 -26.6 -131.9 92.3
71.6 184.3 275.5
531.2 9.5 -5.3 -26.3 -3.6 87.5
1788 57.2 8.8 56.9 -72.8 1.2
2758.9 -4.7 -13.1 4.3 -105.3 103.8
72.4 166.1 252.7
530.6 13.3 -6.5 -26.5 -4.1 86.9
1820.7 127.2 36.4 72.5 -105.1 -26.6
2831.1 137 62.2 65.6 -124.9 89.8
72.9 152 250.6
530.3 15.8 -7.5 -28.1 -5.1 87.8
1834.7 142.1 34.8 51.6 -134.2 -64.2
2878.8 189.9 72.6 41.9 -163.8 40.3
70.9 124.9 245.9
532.4 12.6 -3.3 -35.3 0.6 83.3
1866.9 174.9 60.4 26.9 -146.5 -90.8
2947.7 239.3 103.3 -29.2 -203.4 -35.2
71.8 126.3 252.3
533.6 11.1 -4.7 -35.9 1 82
1869.7 164.4 47.4 23.8 -154 -101.1
2964.7 230.8 95.5 -38.8 -197 -41.1
67.8 119.7 241.4
530.6 13.6 -1.9 -44.3 6.2 85
1878.4 149.8 64.4 0.1 -137.2 -109.1
2987.4 213.8 111.7 -89.6 -178.8 -71.7
68.2 118.1 246.3
530.9 12.4 -2.6 -45.9 7.2 85.6
1881.6 146.3 56 1.7 -140.5 -110.4
2997.8 224.1 90.1 -97.5 -191.9 -76.5
69.4 113 257.7
532.8 9.2 -3.1 -46.4 8.3 84.3
1886.9 139.7 55.2 -2.2 -133.3 -118.4
3019 195.1 92.8 -120.2 -172.7 -98.9
71.1 116.1 268.5
531.2 11.4 -4.4 -48.1 8.2 88.1
1889.9 140.6 55.1 1.7 -131.9 -108.7
3023.5 189 98.6 -111.6 -155.6 -53.5
winner is: 17
