Regression analysis information for: mexican_mismatch_interrogative-partial-wh_Cuando-comia-la-fruta
number of formants: 3
number of coefficients: 5
84.3 217.5 198.4
507.9 36 -26.4 10.3 -0.1 -66.4
1478.6 -32.5 -114.7 157.5 29.2 -101
2144.1 -247.9 -147.5 102.9 25 -113.6
82.2 224.2 216.7
506.3 36 -24.5 9 5.4 -66.5
1492.8 -34.8 -139.6 165.7 42.9 -86.2
2199.7 -242.2 -163.8 91.6 36.9 -151.7
83.3 213.9 243.7
509.7 33.3 -22.7 2.1 8.3 -63.9
1526.1 -38.4 -145.6 134.7 65.8 -55.1
2278.1 -214.4 -153 33.2 21.4 -172.6
88.3 237.7 275.1
509.5 33.1 -22.9 4.7 6.2 -64.6
1531.8 -43.6 -154 133.4 78.8 -47.3
2330.1 -177.4 -124.6 24.9 33.1 -171
89.5 234 310.1
509.2 33.3 -23.1 0.6 9.6 -62.7
1539.3 -75.5 -168.2 108.6 104.6 -21.5
2377.9 -133.4 -94.5 1.1 39.2 -191
97.3 226.4 316.7
513.4 27.4 -22.6 6.4 3.4 -63.7
1553.5 -107.7 -163.9 81.6 105.4 -35.7
2424.7 -120.7 -72.1 -16.1 51.2 -211.6
99.3 199.1 284.9
519.6 17.7 -20.4 8.3 4.8 -67.4
1590.7 -132.1 -139.4 56.8 126.7 -68.5
2489.8 -133.6 -53 -20.5 68.1 -238.4
108 187.4 280.2
527.3 12.1 -21.7 19 -5.1 -68.9
1617.8 -113.3 -131.5 60.6 132.3 -64
2531.5 -129.1 -66.8 7.3 54.7 -246
116.8 159 253
533.6 8.1 -24.5 28.4 -16.8 -71.5
1656.1 -52.3 -115.9 61.6 117.1 -82.6
2629 -61.1 -58.3 25.1 33.9 -263.5
121.8 158.9 247.2
534.5 7.4 -23.8 30.9 -20.4 -70.9
1667 -59.5 -106.8 75.1 109 -84.5
2671.1 -65.5 -41.6 63.1 -2.5 -256.4
118 170.1 233.1
531.7 11.5 -20.8 25.1 -17.1 -71
1664.7 -62.7 -85.5 76.8 89.7 -83.1
2683.2 -40.2 32 70.7 -43.3 -237.5
114.7 169.9 224.7
526.7 17.4 -18.2 17.6 -12.1 -67
1673.9 -64.9 -93.6 87.1 100.9 -80.1
2717.8 -50.2 22.1 99.5 -22 -254.1
132.6 190.6 242.9
535.8 9.8 -22.6 24.4 -32.8 -53.8
1686.8 -68.5 -95.2 85.1 79.4 -70.4
2777 -59.5 -15.6 117.8 -31.5 -269
165.8 213.9 288
555.2 -13.2 -32.2 52.6 -69.2 -40
1702.9 -102.9 -90.5 118.3 55.2 -62.6
2836.4 -102.4 -16.6 144.7 -82 -247.8
180 232.7 298.7
563.7 -27.8 -42.8 81 -81.1 -50.3
1713.6 -123.3 -101.5 150.1 42.9 -69.8
2851.9 -132.4 -20.4 173.9 -88.6 -254.9
188.6 241.2 318
572.6 -36.8 -49.6 91.7 -88.7 -54
1725.2 -142 -110.5 161.3 29.8 -68.4
2868.3 -162.3 -38 168.9 -109.7 -240.5
193.9 239.5 340.5
577.5 -38.5 -54.9 95.2 -95 -53
1727.6 -156.3 -109 173.3 9.6 -71.9
2887.7 -182 -66.4 190.1 -141.3 -231
207.5 233.3 369.6
588.9 -51.7 -60.1 114.2 -113.5 -49.7
1732.5 -179.8 -96.4 203.8 -29.1 -81.8
2949.2 -252 -77.6 224.9 -167.7 -247.2
215 214.1 394.2
599.7 -65.8 -58.2 119.8 -117.6 -53.3
1725 -176.7 -78.4 184.4 -28.8 -77.8
2986.2 -296.2 -43.6 188.2 -185.1 -218.1
216.9 223 404.7
601.3 -65.7 -58.5 117.8 -113.3 -58.2
1734.1 -175.2 -87.5 194.7 -37.9 -83.8
3013.2 -305 -48.6 177.3 -205 -214
winner is: 1
