Regression analysis information for: mexican_mismatch_declarative-broad-focus_El-nino-oye-el-rio
number of formants: 3
number of coefficients: 5
40.9 427.7 243.1
464.4 24.9 -25.5 -40.2 36.9 21.3
1630.2 -56.8 -162.5 141.5 -117.3 -54.9
2293.9 37.8 138 209.5 -155.6 -48.5
39 386.1 245.8
465.5 28.8 -24 -36.6 39.4 19.5
1684.2 19.8 -62.7 231.4 -74.7 -87.6
2350 19.6 118.1 282.2 -143.6 -150
38.4 322 245
466.8 30.6 -19.4 -36.2 40.1 19.5
1754.1 75.7 1.3 151.9 -85.8 -103.6
2425.9 22.7 130.2 303.1 -110.4 -186.7
38 297.5 243.6
468.4 29.7 -24.3 -40.7 38.9 18.9
1853.6 45 63.8 95.8 -79.5 -77.2
2503.2 12.5 143.9 302.8 -77.2 -158
38.5 254.2 205.8
471.2 34.4 -22 -36.1 44.3 24.1
1921.4 96.8 74.9 124.9 -20.5 -52.5
2582.3 28.8 83.9 299.1 1.4 -135.7
41.2 278 194.3
468.6 39 -28.9 -30.9 41.4 30.6
1911 114.9 37.4 152.3 -34.8 -13.4
2629.5 27.1 48.6 262.1 8.9 -93.3
40.7 274.7 189.6
469.5 36.7 -28.1 -32.6 44.2 30.3
1921 111.3 41.8 170.2 -24.2 -17.2
2662.8 16.7 36.8 234.4 20.1 -81.5
40.4 253.3 181.8
469.2 37.9 -27.7 -31.9 43.9 31.3
1948.6 132.5 72.9 191.4 -20.2 -47.1
2694.9 27 19.4 219.4 35.3 -79
40.7 248.8 180.8
468.1 35.6 -26.7 -32.8 45.2 32.4
1976.8 148.9 104.5 209.3 -14.9 -67.6
2725.2 37.9 20.3 215.6 66.2 -77.2
40.8 253.2 189.5
465.8 33.3 -24.6 -33.2 45.6 33.4
1985.2 129.3 124.6 221.1 9.1 -71.2
2751.2 34.8 36.2 206 97.2 -85.4
39.7 238.2 192.8
466 33.7 -22.1 -35 44.2 30.8
2000.5 124.7 119.8 211.6 -27.1 -114.7
2762.4 61.4 8.6 226.7 86.8 -83.2
39.7 216.2 197.6
465.7 33.6 -20.7 -36.3 44.3 30
2022 134.1 160.3 244.9 7 -103.8
2777.2 59.4 22.8 237.5 118 -81.2
40.1 212.6 196.2
465 33.6 -20.5 -38.2 44.6 28.7
2030.4 134.7 166.7 244.3 4.9 -101
2777.3 57.4 25 244.5 119.1 -83.9
44.5 205.6 199.3
468 29 -21.5 -35.1 38.6 31.8
2050.6 140.3 173.1 230.7 -12.6 -107.4
2795.2 56.7 19.8 227.2 112.3 -78.5
61.5 205.6 217.2
479 12.7 -25 -19.2 15.9 45
2077.9 151.3 167 206.4 -61.6 -126.8
2841.8 61.7 21.5 184.2 79.7 -76
68.8 202.8 239.7
482.2 7.6 -27.6 -14.9 8.5 50.1
2103.5 156.6 160.8 183.7 -98.2 -149.9
2907.8 58.7 27.6 108.3 46.1 -107.6
69.9 203.1 255.1
481.4 8.6 -30.2 -15.9 9.3 50.6
2126.4 171.3 167 190 -109.4 -152.4
2953.4 66.7 23.1 69.4 39.5 -115.6
81.3 209.5 278.6
486.5 1.1 -31.9 -8.2 -2 59.9
2144.3 166.6 167.6 213.3 -122.7 -140
2974.6 31.7 6.5 60.9 35.3 -98.6
100.5 229 313.6
498.5 -16.1 -31.8 7.3 -25.4 79.3
2150 122.4 144 227.8 -139.6 -102.1
3016.6 12.5 -0.7 48.8 13.4 -69.6
111.5 236.1 322.2
505 -24.8 -33.9 17.6 -37.1 86.4
2160.6 85.7 133.9 233.7 -150.7 -92.8
3040.3 -26.6 11.9 36.9 34.1 -63
winner is: 13
