Regression analysis information for: mexican_mismatch_interrogative-total-yn_Mi-madre-come-la-fruta
number of formants: 3
number of coefficients: 5
80.4 287.8 291.3
502.3 -7.2 -30.1 -33.4 -25.8 -52.1
1458.8 -67.3 -128.6 -38.6 -183.2 -133.9
2179 -78.1 -43.7 104.3 -128.3 11.8
76.4 280.1 325.7
502.7 -6.6 -31.5 -38 -27.8 -47
1520.6 -62.7 -139.3 -93.4 -186.4 -32.8
2256 -110.8 -23 70.5 -156.9 55.9
75.9 286.5 338.2
502.2 -7.5 -29 -40.4 -24.8 -45.5
1550.4 -32.7 -93.2 -65.7 -138.2 -7.3
2298 -127.4 24.7 49.9 -115.7 54.7
75.9 268.2 361.2
503.6 -9.5 -29.5 -40.1 -24.6 -50.2
1603.6 46.9 -35.2 -19.6 -118.5 -41.3
2323.3 -117.1 60 41.7 -67.6 34.6
75.3 252.7 379.8
503.9 -8.2 -27.2 -40.5 -21.4 -51.6
1632.3 109.9 12.7 31.4 -77.9 -12.7
2327.9 -101.1 54 49.1 -56.8 70.9
75.7 230.3 348.4
505.7 -3.5 -28.3 -37.8 -18 -49.5
1664.9 140.9 35.1 75.7 -54.5 31
2388 -101.9 11.4 73.5 -64.4 112.7
75.3 207.7 307
506.9 -5.1 -27.8 -41.3 -14.1 -50.8
1696.4 115.5 61.3 36.5 -38.3 -8.8
2469.1 -149.5 27 17.8 -26.1 65.9
74.9 203 276.8
504.2 -1.2 -29.1 -48 -6.5 -50.3
1707.3 122.2 54.8 30.6 -47.7 -23.3
2531.2 -118.6 -5.7 -9 -67.1 6.9
75.3 206.4 226.1
502.6 2.6 -31.4 -56.3 1.8 -45.7
1716.7 124.7 44.3 26.2 -40.4 -14.3
2596.3 -145.5 -3.4 -59.1 -80.6 -30.6
74.1 187.1 193
500.2 3.7 -31.4 -60.2 6.7 -45.7
1743.3 126.8 67.4 20 -9.3 -22.2
2635.1 -174.3 14.2 -87.7 -73.8 -61.2
74.1 190.6 187.4
498.4 4.7 -33 -61 8.7 -45.2
1738.5 117.7 56.2 12.5 -12.7 -32.7
2647.3 -178.7 1.4 -91 -65.8 -65.9
73.1 186.2 174
496.7 5.5 -34.3 -60.9 9.2 -46.1
1729.7 108.8 41 -1.1 -23 -43.3
2665.7 -170.4 -1.2 -100.2 -90.1 -88.2
70.9 183.4 164.2
493.8 5.2 -32.4 -57.8 7 -49.4
1718.4 98 22.9 -12.8 -36.5 -43.7
2665.3 -173.9 2.4 -99.6 -103 -96.9
72.7 188.6 157.8
493.8 2.1 -31.4 -53 0.2 -49.6
1715.5 104.8 14.8 -7.3 -45.9 -37.8
2665.7 -170.7 2.3 -83.1 -126.4 -95.8
81.8 195.8 167.5
501.3 -9 -32.8 -40.4 -16.8 -41.6
1724.5 98.3 14 0.9 -63.6 -27.4
2681 -182 -0.6 -74.4 -150.8 -73.2
97.1 214.5 187.9
510.6 -23.7 -38 -25 -37 -36.9
1726.4 64.9 -7.1 -5 -102.3 -39.3
2704 -208.4 -13.2 -54 -182.7 -66
100 220.7 200.3
513.8 -25 -38.5 -20.3 -38.8 -36.4
1747.2 80.1 16.6 16.8 -95.6 -30.8
2728.4 -210.9 0.4 -32.6 -191.7 -76.3
128 253.4 270.3
534.3 -50.3 -45.1 12.6 -75.1 -20.8
1780.8 64 32.3 53.7 -119.6 -13.6
2800 -199.1 52.2 52.8 -198.6 -32.5
138.1 259.4 310.7
541.1 -62.5 -41.6 11.5 -77.6 -21.1
1799 40.4 43.5 50.9 -122.9 -7.6
2850.7 -196.2 92.5 70.7 -170.7 -3.5
145.5 246.5 343.7
549.3 -70.3 -41.4 17.7 -83.1 -15.8
1836.9 60.1 90.5 96.3 -91.2 31.9
2892.8 -182.5 165.5 130.4 -127.5 17
winner is: 13
