Regression analysis information for: mexican_match_declarative-narrow-focus_Emilio-ama-la-marcha
number of formants: 3
number of coefficients: 5
81.4 260.6 222.8
515.4 -72.5 31.3 -47 25.4 1.3
1521.9 -18.8 110.7 -84.2 -15.4 2.3
2114.2 78.8 242.8 -16.7 -63.8 -16.8
81.3 258.6 244.2
517.9 -74.1 37.7 -47.4 26.3 2
1573.7 39.7 167.6 -109.8 -78.9 -29.2
2152.7 63.3 294.7 -26.5 -77.7 -36
84.6 253.4 260.2
514.9 -78 38.5 -55.3 21.8 -0.9
1608.2 96.6 207.5 -138.5 -120.7 -96.9
2177.9 65.7 325.1 -40.2 -77.1 -56.8
81.5 217.2 278.2
520.9 -78.8 41.9 -51.3 27.8 1.2
1680.9 121.9 196.9 -104.2 -67.1 -120.3
2274.1 78 292.8 -66.2 -34.5 -76.5
82.7 210.6 288.5
523.8 -78.3 43.3 -53.6 30.6 1.5
1710.1 127.2 179.2 -109.4 -48.7 -107.8
2332.3 94.1 239.1 -132.5 -3.3 -87.7
84 210.8 288.1
526.3 -81.5 44.9 -55.1 32.1 2.1
1719.2 132.7 177.2 -113.3 -31.1 -111.3
2362.3 107.8 192.9 -160 56.5 -127.6
86.2 205.6 304.1
529.2 -86.3 47.7 -56.9 33.3 3
1738.6 117.5 180.9 -113.9 -37 -96.9
2456.3 65 130.5 -160.4 102.2 -90.2
90.4 201.8 299.4
533 -94.7 54 -60.3 34.9 4.1
1753 110.5 189 -118.7 -38.2 -91.2
2496.8 36.1 126 -173.1 129.2 -103.8
93.9 199.8 285.3
534.8 -100.8 59 -61.6 35.4 3.4
1770.1 105.9 194.1 -122.2 -38.4 -82.8
2532.5 5.7 137.3 -180.7 119.8 -87.1
97 196 268.7
539.6 -104.1 57.4 -66.9 37.3 9.3
1785.2 109.4 204.3 -118.6 -36.2 -81.9
2574.4 -15.6 131.7 -194.2 120.6 -69.3
94.3 188.1 269.2
534.7 -104.1 60.1 -60.9 35.8 0.4
1793.5 117.6 212.4 -106.9 -33.4 -90.8
2603.3 -32.2 124 -182.7 114.1 -69.9
95.7 176.6 268.4
535.5 -105.2 59.8 -61.9 37 -1.3
1811 124.1 230 -94.7 -25.4 -89.5
2642.7 -66.5 117.3 -164.5 114.4 -50.5
108.6 172.7 275.3
546.9 -124.9 74.7 -70.9 38.3 3.5
1830 129.6 248 -90 -23.5 -93.5
2699.3 -86.7 131 -147.7 117 -27.2
127.7 183.2 281
562 -150.2 92.4 -85.5 43.1 10.2
1847 131.3 252 -101.1 -15.2 -92.7
2718.2 -124.5 147.4 -159 104.9 0.8
155.4 209.7 291.9
597.7 -176.8 89.6 -126.8 68.6 46.7
1878.4 110.1 266.8 -130.3 -8.6 -78.2
2780.2 -154.7 130.3 -217.3 128.1 49
150.8 214.4 282.5
602.9 -189.5 101.8 -132.2 67.2 45.7
1887.5 109.2 266.3 -141.8 -11.6 -78.3
2822.6 -148.3 103.7 -268.2 135.2 85.8
156.3 221.1 291.4
624.4 -193.9 87 -162 84.9 71
1896.2 100.9 266.6 -150.3 -12.9 -78.5
2862.5 -158.2 96.1 -306.2 150.3 91.8
158.3 223.2 294.7
625.5 -195.7 89.4 -164.6 84.7 69.1
1896.8 99.8 263.3 -155.6 -13.5 -90.9
2870.1 -139.4 87 -321.9 156.8 59.3
170.2 232 307.4
634.9 -214 104.2 -174.3 91.6 67.1
1906 89 266.3 -160.4 -15.7 -97.3
2897.1 -146.8 99.3 -339.6 156 44.1
188.9 246.4 336.5
647.3 -217.6 95 -188.1 105.8 76.9
1930 66.2 275 -176.2 -9 -88.3
2943 -175.2 114.5 -370 160.5 57
winner is: 12
