Regression analysis information for: mexican_mismatch_interrogative-partial-wh_Cuando-lavaba-el-plato
number of formants: 3
number of coefficients: 5
63.2 183.2 288.4
545.1 50.9 40.4 -57.6 41.6 38.5
1459.8 -83.1 147.4 48.6 -157 -253.4
2106.4 -131.3 63.9 0.5 -258 -143.5
62 178.7 301.3
546.4 50.7 41 -60.3 40.9 41
1484.5 -90.6 137.1 38.9 -177.3 -229.4
2184.9 -171.9 56.8 -19 -309.4 -134.9
61 183 304.8
547.5 52.3 39.4 -65.1 44.1 41.5
1511.2 -94 141.8 26.1 -168 -201.1
2265.3 -168.5 25.8 -56.8 -310.7 -133.6
73.3 192.9 284.7
547.3 40.6 43.9 -46.8 36 36.8
1535.2 -86.2 137.2 41.3 -132.4 -160.9
2366.9 -132.9 -32.8 -52.7 -223.9 -102.3
68.1 176.7 252
546.8 49.3 36.8 -61.8 42.7 45.7
1570.2 -50.1 105.6 -13.1 -121 -83.8
2472.2 -18 -12.2 -58 -141.4 26.1
73.3 175.5 217.8
548.6 43.2 35 -57.3 41.4 45.4
1589.6 -65.2 95.3 -20.7 -103.8 -69.4
2523 -26.8 -2 -53.4 -100.3 59.4
91.2 197.8 212.2
561.6 20.9 28.1 -30.2 18.6 50.3
1595.3 -98.9 67.7 -20.4 -103.1 -52.5
2558.2 -51.3 -21.3 -32.9 -82.7 72.6
95.9 202.7 232.6
562.5 15.2 24.7 -22.3 15.7 51.1
1597.6 -134.7 23.6 -28 -120.3 -59.7
2556.4 -118.8 -75.7 -48.2 -76 84.3
103.2 198.8 229.1
568.1 7.2 23 -15.3 8.3 51.2
1610.9 -130 20.5 -36.8 -131.8 -61
2597.8 -133.5 -70.9 -50.7 -102 62.4
104.1 170.9 195.1
566.4 6.5 23.8 -14.7 9.2 50.1
1621.6 -83.1 37.2 -25.4 -150.9 -91
2622.1 -76.5 -44.9 -62.5 -141.1 12.4
105.6 152.5 195.7
567.5 9.8 25.5 -10.4 6.1 47.7
1644.3 -62.4 68.3 11.4 -161 -120.5
2645.7 -82.3 -33.9 -33.6 -158.2 -26.3
113.1 143.3 171.8
577.3 -4.2 37.8 -14.8 12.7 34
1678 -49.5 93.1 11.8 -186.7 -156.4
2712.6 -51 28.7 -27.2 -168.9 -79.1
122.4 148.7 190.3
587 -22.1 57.7 -31.9 31.4 15.5
1699.3 -57.3 123.8 16.5 -169.3 -171.5
2784.8 -39.2 101.5 21.9 -149.9 -99.6
130.6 145.3 204.6
592.4 -35.1 75.3 -51.6 53.2 -0.2
1701.7 -63.6 147.4 -1.6 -150.5 -177.2
2802.9 -64.3 137 -10.3 -125.5 -123.8
135.6 137 210.9
593.9 -43.1 80.1 -58 61.2 -5
1700.9 -59 143.6 8.8 -145.1 -179.6
2816.6 -82.7 151.2 -19.2 -100.4 -148.9
145.5 142.6 251.9
601 -61.7 88.6 -64.7 68 -11.1
1716.2 -85.1 155.8 13.8 -133.2 -191.6
2853.3 -138.8 174.6 -13.7 -95.2 -171
151 148.5 275.3
609.9 -81.3 96.4 -67.4 68.6 -9.8
1733.7 -119.3 169 16 -128.2 -187.9
2882.5 -206.8 196.3 -22.8 -82.4 -172.4
147.1 152.1 281
605.5 -75 87.2 -60 62.5 -1.2
1732.7 -135.3 164.3 20.4 -116.2 -185.6
2892.6 -249 200.8 -36.2 -65.8 -176.1
149.9 155.7 274.9
611.1 -87 96.1 -69.9 71.6 -6.1
1744 -168.8 169.6 9.7 -101.1 -184.8
2906.7 -292.5 207 -53.3 -52.5 -180.6
154.3 161.1 271.8
619.7 -102.6 105.4 -76.5 73.3 0.7
1750.5 -187.4 160.4 8.7 -97.7 -169.7
2918.9 -332.4 235.8 -88.9 -45 -155.1
winner is: 12
