Regression analysis information for: mexican_mismatch_declarative-broad-focus_El-bebe-comia-muy-bien
number of formants: 3
number of coefficients: 5
59 346.3 205
455.6 41.5 -49.7 33.5 14.7 41.7
1556 92.9 144 84.9 -51.9 84.1
2201.9 -60.1 142.4 152 27.4 170.5
60 333.8 222.9
454.8 42.8 -46.1 28.7 11.7 42.9
1597.5 80.7 180.5 44.8 -72.4 65.6
2260.6 -46.8 159.6 160.7 24.8 147.1
60.2 296.4 228.2
455.7 45 -48.5 26.7 11 43.6
1663.6 63.1 164.7 94.7 -161.5 115.3
2332.9 5.7 138.6 152.7 -23.5 127.2
61.6 270 223.3
457 42.7 -49.1 24.4 6.1 44.6
1716.2 -2.9 170.9 107.8 -188.6 105.6
2388.6 27.8 111.5 102 -58.2 113.1
62.5 253.1 199
458.9 44.2 -49.2 23 6.8 47.9
1749.1 4.9 171.2 113.8 -147.6 119.4
2435.7 80.6 107.5 84.1 -41.6 141.5
63.3 253.1 209.5
460.1 44 -50.8 20.7 7.8 49.2
1784.7 -0.1 121.1 117.4 -93 115.1
2469.5 73.2 104.2 68.5 -3.7 151.2
65 244.9 210.8
459.4 43 -50 19.6 8.7 48.6
1799.9 -16.8 128.6 113.7 -84.9 111.5
2482 58.3 103.8 79.7 1.9 145.4
69.1 229.2 207.7
462.1 45 -53.8 11.6 8.3 52.9
1826.7 -56.7 162 87 -71.2 110.7
2504.1 48 101.4 67.8 6.2 150.8
70.1 224.8 202.6
461 45 -54.1 10.4 9.4 51.8
1840.5 -69 161.9 79.2 -56.6 107.3
2511.8 48.8 95.3 69.7 10.4 156.2
71.9 219.4 200.8
461.6 47.4 -57.2 6.5 9.1 53.7
1850.3 -85 167.2 75.7 -50.1 97.5
2523.1 35.1 101.8 64.4 20.8 148.9
68.2 205.8 200.9
457.6 45.7 -54.7 13.2 9.7 48.7
1865.3 -116.1 176.2 78.8 -39.2 74.1
2544.3 -3.9 132.9 35.3 54.6 119.8
69.7 201.3 199.7
458.7 46.3 -55 8.4 10.4 49.4
1873.8 -132.4 177.2 78 -31.4 59.4
2565.1 -36.2 138.3 35.6 78.2 78.5
73.1 193.1 185.9
463.7 49.2 -62.9 2.9 9.5 54.2
1889 -139.6 156.5 81.4 -27.6 48.7
2611.1 -65.9 110.9 26.4 97.8 43.7
69.1 190.4 183.4
462 49.4 -62.8 7.9 7 49.7
1897.7 -144.2 146.1 86.1 -25.3 37.9
2614.7 -80.8 115.3 37.9 102.8 9.1
69.7 185.9 179
462.8 42.7 -56.4 8.7 12.8 40.3
1905.4 -149.3 144.8 90.6 -17.2 25.6
2624.1 -99.7 129.3 33.3 115.8 -14.7
70.2 187.4 177.4
463.6 44.6 -58.2 6 12.7 43.3
1907.7 -140.8 139.4 93 -18.2 26.2
2636.6 -116 138.5 29.5 129.5 -33.3
67.6 186.4 186.4
459.9 51 -63 12.1 7.4 49.5
1914.9 -129.4 136.1 92.1 -19.9 37.5
2645.5 -113.8 140.9 27.5 127.9 -25.8
73.1 186.3 210.3
464.2 55.9 -69.4 3 6.7 59.1
1930.5 -112.2 128.6 76.6 -19.6 56.7
2700.3 -85.6 106.6 -71.5 125.4 56.4
75.4 186.4 227.5
464.1 56.8 -69.5 3 6.5 61.1
1945.7 -103.9 142.5 68.8 -16.2 69.3
2723.5 -93.1 127 -95.7 127.3 73.4
86 192.9 243.3
473.1 55.7 -71.8 -13 11.5 66.9
1961.9 -87.1 151.4 52.6 -14.7 81.7
2748.2 -82.3 134.7 -132.1 123.1 105.3
winner is: 15
