Regression analysis information for: mexican_mismatch_interrogative-total-yn_La-maestra-vive-en-Paris
number of formants: 3
number of coefficients: 5
99.8 403.8 231.5
464.9 36.1 20.7 -20.7 14.9 -4.5
1533.1 -9.7 -12.2 -56.6 7.4 32.8
2247.3 -82.7 -50.8 -54.5 -13.1 155
95.2 358.6 249.2
470.1 41.8 10.6 -6.1 8.1 1.8
1602.6 -28.1 -37.7 -18.4 -25.9 54
2319.9 -78.6 -45 -82.1 -46.4 126.3
95 341.8 269.1
470.8 43.2 12.5 -7.1 5.8 -2.2
1649.3 -10.7 -40 -20.8 -53.7 38.3
2374.8 -96.4 -15.3 -132.9 -56.2 87.4
96.9 302.4 252.8
476.5 41.2 18.2 -20.2 11.1 -6.7
1717.5 52.6 -75.5 -102.3 -63.7 58.9
2424.9 -60.8 -13.4 -206.7 -53.4 128.4
102.5 293.7 250.8
477.8 41.5 20.6 -25.9 16.7 -13
1746.3 45.3 -59 -129.6 -61.3 71
2469 -25.9 35.3 -224.4 -54.1 112
102.6 221.4 230.7
482.8 35.3 24.9 -26.9 17.1 -14.5
1857.8 -106.4 32.6 -147.3 -62.9 107.5
2553.9 -17.3 89.1 -175.1 -32 72.5
104.3 218 210.6
484.5 35.7 22.1 -24.8 13.3 -16.8
1886.1 -138.4 59.8 -156.7 -73.6 130.6
2601.6 -9.5 137.2 -181.7 -24.1 57.8
95.3 213.4 189.2
478 49 12.9 -21.3 1.1 -5.9
1899.3 -147.2 66.5 -159.5 -84.3 143.1
2626.7 -2.6 124.6 -191.1 -33.5 46
99.4 206.5 174.3
477.5 41.7 10.3 -8.4 1.6 -9.5
1922.6 -170.6 71.6 -159.2 -82.9 134.5
2672.5 -38.4 147.9 -208.9 -14.7 9
99.9 209.7 180.2
472.6 40.6 10.8 -4.4 2.8 -8.4
1929 -176 72.2 -161.2 -89 134
2687.3 -45.8 158.6 -227.9 -6.5 -7.5
115.7 217.7 191.1
480 20.9 30.7 -23.3 21.6 -26.5
1930.1 -196.6 78 -179 -86.9 119.4
2700.4 -99.9 184.5 -246.6 29.2 -34
139.5 230.8 197.9
492.7 -6.9 58.2 -49.5 46.1 -49.3
1926.1 -225.8 103.8 -215.5 -71.1 106.2
2709.6 -152.2 242.1 -299.7 71.9 -70
152.1 230.3 204.5
501.6 -26.4 77.2 -67.3 62.4 -63.6
1937.5 -251.7 114.5 -222.7 -70.1 81.6
2742.9 -185.1 262.6 -326.3 77.3 -112.5
168.2 235.8 228.4
515 -49.3 90.7 -75 74.5 -82.6
1963.1 -292.8 140.4 -234.7 -47.8 43.3
2779.4 -228 296 -358.9 93.9 -167
172.9 238.8 243.7
519.1 -58 98.4 -80.6 79.3 -84.1
1982.6 -310.5 153.9 -252.3 -38.9 32.3
2802.9 -244 315 -390.1 97.4 -184.6
189.1 241.2 276.3
536.2 -92 127.4 -102.5 104.5 -107.4
2014.5 -344.5 184.4 -280.7 -11 1.1
2845.1 -263.6 337.4 -428.9 100.1 -226.9
205.2 240.6 334.8
559.7 -104.4 141 -135.5 105.6 -127.1
2043.4 -355.2 196.3 -294.1 -3.9 -16.8
2915.5 -263.5 349.9 -494.9 69.5 -293
215.9 233.6 363.8
575.7 -120.2 160.9 -165.9 120.8 -148.2
2077.1 -348.5 239.8 -301 38 -30
2953 -244.9 392.9 -509.6 109.1 -301.1
228.8 236 407.2
588.5 -112.2 155.5 -181.4 106.1 -149.8
2105.5 -337.1 249.6 -293.8 39.1 -41
2995.9 -229.7 396.5 -510.8 96 -313.4
235.3 241.2 436
596.1 -111 158.4 -193.3 103.6 -153.6
2139.9 -363.7 283.8 -317.8 64.4 -76.1
3044.2 -239.8 430.2 -536.4 107.5 -351.3
winner is: 9
