Regression analysis information for: mexican_match_interrogative-total-yn_Manuela-vende-el-carro
number of formants: 3
number of coefficients: 5
63.3 228.2 260.8
518.8 0.3 20.4 -38.7 -42.8 44.6
1557.8 110.4 -145.1 67.3 -85.8 -49.3
2140.9 1.9 -119.1 67 -45.1 -71.4
64.8 199.3 273.3
521 -3.1 20.5 -34.8 -46.6 47.1
1597.9 112.5 -96.3 72.8 -84.6 -19.6
2183.5 -9.5 -129.2 60.1 -29.1 -51.7
67 165.6 253
523.2 -7.9 23.3 -34.1 -51.4 46.6
1642.3 74.8 -76.7 85.7 -115 9.2
2238.7 -58.5 -102.5 76.2 -79.2 -19.6
70.2 144.1 226.5
522.9 -10.1 22.7 -34.2 -54.6 48.9
1699.9 57.4 -128.2 129.2 -75.6 -29.4
2301.9 -95.1 -126.7 136.6 -95.4 2.1
75.9 141.2 240.5
525.2 -17.5 19 -26.7 -64.6 50.6
1723.6 60.2 -140 138.7 -79.1 -55.5
2333.1 -95.6 -135.4 121.2 -107 12.2
76.8 152.1 248.8
524.2 -18.7 15.9 -26.5 -65.3 52.1
1721.4 65 -126.4 137.7 -108.2 -48.4
2373.4 -106.5 -176 106.8 -97.5 12.8
80.3 166.7 248.8
524.1 -21.3 13.5 -23.8 -69.1 54.6
1707.1 48.3 -127.8 111.8 -139.3 -25.5
2403.1 -114.5 -204.2 97 -122.1 29.9
83.9 178.9 246.7
524.2 -24.3 11.9 -21 -71.9 57.1
1693.9 38.7 -141.4 106.3 -159 -18
2402.7 -97.1 -220.6 85.4 -156.3 52.1
85.8 166.9 235.7
521.7 -23.8 13 -22.2 -72.4 58
1711.7 33.8 -153.4 98.1 -140.7 -31.8
2417.7 -84.8 -250.9 58 -153.7 55.9
86.8 140.9 212.3
520.7 -23.4 12.5 -21.5 -71.6 59
1739.3 41 -209.2 119.8 -94.1 -55.1
2432.7 -58 -331.1 56.2 -130.9 46.6
90.4 130.2 205
524.9 -28.3 10.5 -15.3 -74.9 58.6
1756.6 30.8 -209.5 122.8 -79.1 -79
2457.2 -68.4 -336.7 43.5 -139.3 33.2
89.3 125.1 208.4
523.8 -28.4 11.4 -16.5 -74.1 57
1776.4 42.4 -195.9 129.8 -63.2 -83.7
2485.8 -48 -315 39.5 -136.8 27.9
89.2 120.9 194.1
525.9 -27 12.3 -15.6 -72.9 56.8
1798.9 32.7 -203 126.5 -38.6 -96.2
2557.5 -4.2 -279.1 51.3 -98.1 -0.3
85.8 116.7 172.4
525.7 -24.5 14.2 -18.3 -69.4 54.8
1812.5 35 -199.5 129.7 -31.4 -107.7
2615.1 31.2 -228.8 41.8 -65.1 -47.7
86.3 116 157.4
527.1 -23.6 14.6 -17.5 -71.2 55.2
1823.8 34.2 -193.6 132.8 -26.7 -111.9
2667.2 62.8 -182.3 45.7 -53.3 -77.1
82.4 116.3 160.9
526.1 -21.3 17.7 -22.1 -68.9 54.5
1832.5 29.1 -183.8 129.9 -22.2 -115.1
2704.8 72.6 -136.9 32.5 -52.6 -104.4
82.6 116.5 167.1
526.4 -21.1 18.7 -23.7 -69.7 54.6
1841.9 25.3 -179.9 130.7 -23.3 -117
2722.6 49.5 -115.6 16 -49.3 -120.7
91.3 119.4 195.4
530.9 -26.8 16.4 -15.1 -79.9 57.4
1851.2 20.4 -181.2 141.5 -32.1 -116.4
2745.2 8.3 -90 6.6 -53.3 -143.4
97 120.8 212.2
535 -32.8 15 -9 -87.9 60.7
1858.8 9 -175.6 152.5 -51.4 -109.2
2759.5 -31.6 -85.4 14.7 -73.2 -149
96.5 122.8 245.1
534.7 -33.6 14.6 -9.5 -88.1 61.6
1860.2 3.2 -173.7 153.5 -60.1 -107.5
2789.9 -92.8 -80.2 24 -80.1 -167.1
winner is: 16
