Regression analysis information for: mexican_match_declarative-broad-focus_Mariano-habla-del-tiempo
number of formants: 3
number of coefficients: 5
82.3 185.5 211.9
492.9 82.7 -48.6 -50.3 -11.8 -5.7
1642.5 109 -79.7 168 -149.4 -87.4
2235.2 -96.8 -71.3 191.3 -112.9 -173.2
84.2 185.1 209.5
492.6 79.8 -43.5 -51.8 -10.4 -7.2
1659.6 98.9 -58 200.2 -163.7 -113.5
2295 -118.2 -106.3 241.1 -117.4 -238.4
87.1 172.6 202
492.4 77 -38.1 -53.3 -6.8 -8.5
1686.8 96.1 -50.2 193.9 -176.6 -115.8
2357.8 -92.8 -101.7 266.6 -144 -252.9
89 169.9 199.3
491.4 75.6 -34.3 -54.1 -3.9 -8.6
1701.3 91 -51.7 178.5 -179.9 -114.1
2386.4 -75.8 -87.9 281.9 -150.4 -268.3
91.9 189.1 232.1
492.7 71.6 -28.7 -58.1 1.9 -13.5
1692 90.3 -35.7 157.6 -160.9 -98.4
2380.4 -57.4 -45.4 271.9 -144.9 -249.9
90.8 188.9 246.7
489.8 76.5 -32.4 -53.5 -1.8 -9.1
1704.1 83 -40.6 159.3 -162.6 -87
2404 -58.3 -7.1 255.7 -153 -228.8
90.8 177.4 239.4
488.8 77.2 -32.3 -54.1 -0.7 -10.7
1724.9 67.7 -43.6 160.4 -154.9 -106.9
2454.6 -61 -11.9 228 -145.4 -232.5
106.9 175.6 245.7
501 50.1 -6.3 -76.1 16.2 -23.7
1751 23.9 -14.6 148.7 -152 -103.7
2478.5 -80.7 18.1 218.1 -141.3 -240.7
106 177.8 235.3
499.2 50.9 -7.7 -75.7 14.1 -22.7
1760.4 -3.9 6.4 145.2 -141.6 -110.9
2481.9 -98.2 12.9 239.8 -105.4 -232.8
106.6 177.8 232.4
499.2 48.9 -5.7 -78.7 15.2 -24.3
1770.7 -14.8 17.7 134.9 -140.9 -122.3
2531 -109.2 -29.6 190.3 -73.4 -234.6
105.7 171.5 236.7
497.3 50.3 -7.7 -78.9 12.3 -23
1779.6 -19.8 18.6 123.9 -157.2 -120.3
2595 -90.1 -52.5 96.3 -118.8 -224.1
99.2 166.9 218.8
490.3 63.9 -19.9 -69.7 3.5 -16.5
1779.8 -2.5 -0.2 130.9 -183.5 -110.7
2637.1 -73.4 -69.4 22.2 -171 -239.6
93 161.8 191.4
485.2 75.1 -29.5 -62.7 -3.7 -10.7
1784.6 -1.5 -6.5 133.8 -201.7 -100.9
2660.6 -45.5 -97.5 3.1 -216.6 -215.9
113.2 170.8 212.7
502.7 49.6 -20 -58.8 -7.9 -18
1799 -17.8 -0.7 138.6 -210.4 -100.3
2698.3 -61.8 -90.3 -9.6 -226.9 -216.6
123.5 178.6 231.1
509.5 39.4 -13.2 -60.4 -5.8 -22.8
1816 -39 11.5 134.9 -206.8 -105.8
2730.7 -85.4 -59.6 -20.5 -210.9 -241.1
146.5 187.6 258.2
525.6 11.7 9.7 -75.5 7.4 -33.4
1835.3 -60.9 26.9 132.4 -200.7 -108.2
2777.3 -130.2 -21.1 -44.3 -192.9 -255.3
179 202 283.5
552.6 -24.8 12.1 -48.1 -18.5 -31.5
1853.3 -78.2 27.1 151.2 -211.4 -106.7
2819.7 -173 -18.6 -11.3 -219.8 -246.2
184.2 202.9 290.8
558.6 -32.2 15.2 -47 -15.9 -39.5
1868.5 -95 41.6 148.8 -199.4 -114.3
2846.4 -196.5 -11.4 -12.5 -211.7 -256.9
208.4 205.6 310
574.6 -52.6 10.4 -19.2 -50.2 -18
1888.2 -120.2 58.3 146.8 -198.3 -110.1
2887.3 -248.4 1 -7.7 -218.4 -252.4
222 209 335.8
585.2 -70 20.7 -22.4 -49.6 -19.5
1909.7 -146.5 77.3 142 -178.7 -127.8
2933.5 -312.2 29.1 -26.7 -188.7 -287.8
winner is: 13
