Regression analysis information for: mexican_match_interrogative-total-yn_Mariano-habla-del-tiempo
number of formants: 3
number of coefficients: 5
74.4 235.3 244
495 69.7 -23.9 -72.5 42.7 9
1530.2 118.4 -44.4 289.9 -188.7 -67.4
2116.2 -9.4 -1.8 235.4 -108.5 -48.5
74.5 236.2 299.8
493.3 73.8 -20.9 -71.5 37.9 10.7
1546.7 158.6 -66.6 275.1 -221 -74.6
2161.1 23.9 -69.1 255 -130.3 -98.6
73.5 216.2 323
495.2 73.3 -23.7 -73.3 44.6 13.5
1561.1 179.9 -94.6 234.5 -188.6 -84.8
2237.3 24.3 -131.6 223.1 -119 -113.8
74.7 201.4 324.8
497 71.4 -20.9 -71.1 49.9 11.9
1595.2 156 -115.1 244.9 -160 -26
2323.9 51.7 -193.2 163.3 -69.5 -48.4
74.8 187 301.7
500.7 67.3 -20.9 -74.3 55.4 13.8
1620.8 134.6 -118.2 250.5 -129.6 -18.7
2391.7 36.1 -162.3 132.5 -32 -57.8
75.5 180 280.5
500.3 65 -21.6 -74.7 56.4 14.6
1647.7 92.2 -112.3 266.9 -131.7 1
2434.7 26.6 -148.6 136.6 -31.2 -66.8
76.2 164.6 259.3
499.1 63 -21.3 -74.5 56.9 15.5
1664.4 96.2 -99.8 268.3 -155.1 -7.3
2471.7 48.3 -150.7 142.6 -28.4 -72
75.3 151.7 231.9
498.2 63 -19.5 -74.9 55.8 14.8
1680.7 93.8 -97.1 266.5 -172.6 -7.2
2514.4 53.6 -174.6 142.5 7.3 -45.4
74.9 150.6 223.2
496.6 63 -18.8 -74.9 55.2 14.5
1684.2 92.6 -109.7 279.2 -175.6 -14.6
2537.6 44.8 -195.7 170.5 30.3 -74.8
74.4 152 221.2
494.5 62.9 -19.1 -74.8 55 14.8
1687.8 92.1 -107.4 279.1 -186.5 -15.5
2553.6 44.3 -202.5 165.4 21.2 -87.8
73.8 150.5 214.7
492.9 62.9 -19 -75 54.6 14.2
1694.5 92.6 -100.4 274 -196.8 -21.1
2564 41.6 -202.4 164.4 5.5 -98.7
72.9 149.1 209.6
491.9 63.4 -18.8 -75.8 54 13.5
1699.2 98.8 -95.1 268.8 -204.3 -37.5
2573.5 51.1 -194.5 153.2 -8.7 -118.1
72.8 148.7 200.4
491.2 63.6 -18.1 -77.3 54.6 12.9
1702.9 94.4 -91.4 268.6 -205.2 -40.9
2584.4 51.2 -189.1 146.6 -18.5 -137
79 150.3 204.2
497.3 56.2 -20.9 -67 44.7 14
1713.3 86.5 -83.1 272.2 -207 -38.8
2614.8 22.2 -169.4 132.3 -21.4 -158.3
83.4 147.8 204
500.3 52.9 -22.8 -62.6 40 15
1725 84.3 -76.1 279.7 -208.6 -33.1
2647.7 -0.4 -151.1 122.2 -22.6 -174
88.1 149 217.2
503 51.1 -25.5 -56.8 34.6 17
1733.8 83.7 -75.6 290.1 -213.1 -26
2687 -35.2 -122.4 103.2 -6.7 -200.9
101.6 159.9 244.4
509.9 40.8 -22 -54.7 29.4 22.7
1756.1 54.8 -53.6 281.7 -203.5 -30.7
2738.9 -92 -78.8 86.5 14.8 -223.4
120.9 165.5 272.9
529.3 8.3 -4.2 -59.6 27.2 25.6
1776.4 25.1 -27.4 263.6 -185.1 -38.3
2794.2 -162.4 -45.3 79.6 32.5 -246
135.6 173.3 303.4
542.4 -11.5 1.4 -56.5 23.2 26
1792.1 4.8 -18.5 262.4 -180.6 -38.7
2836.5 -215.1 -50 114.5 24.8 -254.8
145.1 179.2 317.2
549 -17.7 -5.3 -44 16 21.3
1803.1 1.2 -27.5 282 -184.5 -43.9
2874.5 -252.2 -64.6 147.9 24.5 -290.3
winner is: 13
