Regression analysis information for: mexican_mismatch_interrogative-total-yn_El-bebe-comia-muy-bien
number of formants: 3
number of coefficients: 5
52.3 341.1 176.3
459.8 -9.9 -21 -2.1 35.8 7.2
1595.2 -16 112 167.6 -111.8 124.8
2196.8 -29.4 127.2 148 -61.6 186.1
54 344.5 188.9
460.1 -6.9 -22.6 -5.3 30.6 10.9
1645.6 -67.1 145.3 201 -110 188.7
2250.5 -62.8 151.3 186.2 -30.7 267.8
59.6 350.6 195.9
464.3 3 -27 -13.4 25.7 18
1661.3 -19.5 131.4 212.9 -131 185.6
2302.1 -62.9 149.3 212.1 -50.4 273.2
59.4 319.2 223
465.6 6.1 -29.7 -17.1 22.6 19
1743.2 -23.4 117.3 156.2 -155.4 198.8
2367.7 -57.7 114.4 182.4 -50.7 279.8
57.2 297.3 230.5
466.9 2.3 -26.2 -17.2 24.2 19.9
1781.7 -42.1 131.2 150.7 -175.6 236.3
2422.5 -25.7 101.3 158.2 -69.1 263.2
56.8 282.4 238.6
464.5 -2 -27.2 -15.6 24.1 17.1
1801.9 -23.6 131 170.3 -146.4 262.1
2461.8 6 76.6 145.8 -63.2 251
56.2 259.5 235.2
463.1 -2.5 -23.4 -9.3 29.1 16.4
1830.8 -1.2 140 136.5 -140.8 279.8
2481.7 19.1 70.2 142.5 -58.6 239.2
59.7 245.1 218.8
468.4 4.3 -29 -22.5 20.4 19.1
1837.3 -5.2 161.7 121.3 -164.4 285
2487.7 30.5 90.8 118.9 -104 252.9
66.4 234.5 204.3
471.5 8.3 -32.7 -33 15.7 20.9
1854 -25.6 175.5 109.9 -155.8 280.4
2506.8 40.4 90.3 83.3 -131 273.6
73.4 230.4 203.7
476.3 14 -40 -44.2 10 22.6
1877.1 -36.4 160.9 106.6 -143.9 272.7
2530.2 35.8 68 81.7 -124.1 272.1
70.6 222 194.6
473.3 11.9 -39.5 -41.3 14.3 19.5
1897.5 -60.4 161.4 93.5 -117.4 268.8
2552.7 11.3 54.9 80.3 -84.3 271
73.3 218.3 202.9
474.5 13.3 -44.3 -42.8 16.3 16.8
1918.8 -78.2 137.2 94 -98.1 254.7
2589 -1.8 9.8 82.7 -41.7 249.6
73.6 213.2 204.3
475.5 13.1 -48.6 -40.9 19 12.4
1933.8 -90.7 118.3 109.2 -93 244.3
2597.6 1.6 -7.6 88.4 -30.2 242.7
74.2 204.8 202.4
477.5 12 -53.2 -36.9 21.8 4.9
1953.2 -101.9 97 129.4 -77.4 207.8
2601.9 10.1 -10.6 82.1 -26.5 223.3
75.5 203.2 205.6
477.8 12.3 -53.6 -35.6 21.3 0.1
1953.6 -101.7 107.1 133.7 -70.7 182.9
2605.6 23.9 -14.6 73.4 -20.1 202.2
75.4 208.3 212.8
476.6 12 -52.7 -34.8 22.5 0.2
1945.9 -96.6 120.6 141.5 -64 155.4
2605.8 32.4 -15.7 74.4 -16.3 191.6
73.9 211.4 211.6
474.8 12.9 -49.4 -36.4 21.1 1.8
1946.2 -96.8 130.4 141.4 -65.3 145.3
2600.7 29.1 -6.9 78.2 -11 182
72.9 213.4 220.4
473.1 15.1 -45.7 -41.3 18.7 6.8
1946.2 -85.1 143.2 139.3 -72.2 168.7
2606.2 30.8 5.1 59.8 -11.2 187.9
75.4 211.4 240.1
473.8 18.1 -44.6 -47.4 15.2 11.1
1953 -82.5 177.2 118.5 -67.3 192
2636.3 -11.3 54.4 3.7 23.9 157.9
76.1 213.8 261.6
474.4 18.5 -44.6 -48.6 14.8 11.9
1967.3 -73.9 184.3 121.2 -67 204.6
2662.4 -17.5 51.6 -36.5 -0.1 171.6
winner is: 14
