Regression analysis information for: mexican_match_interrogative-partial-wh_Cuando-bebia-el-vino
number of formants: 3
number of coefficients: 5
50.1 238.2 200.6
465.9 45 61.9 17.6 35.3 13.1
1565 116 -213.1 -148.4 266.5 34.2
2133.7 -133.7 -246.9 48.4 56.4 12.3
54.1 219.4 226.2
464.2 41.1 59.5 19.5 31.5 15.7
1663.3 18.7 -272 -13.3 143.4 59.1
2164.1 -168.6 -282.9 79.7 41.1 -2.7
54.6 204.4 223.6
464.8 38.2 56.3 22.2 25.8 17.2
1722.9 -33.1 -315.1 72.8 83.9 51.3
2227.1 -139.8 -305.8 75.7 14.5 -50.2
57.6 203.8 190.5
463.1 37.3 54.8 23.8 26.5 20.8
1715.5 -24.9 -310.3 97.8 71.3 23.2
2293.1 -61 -322.7 87.1 23.3 -44.7
58.8 191.1 176.9
462.5 37.6 53.8 22.1 24.6 21
1726.3 -0.8 -328.5 96 67.7 30
2372.9 63.4 -327 69.9 16.2 -44.6
59 189.9 194
462.8 40.3 56.7 22.8 26.7 24.2
1739 -9.4 -326.3 103.8 61.3 49.2
2427.1 121.7 -292.7 86.5 19.6 -15.2
59.1 188.1 193.7
462.5 41.7 58.6 21.9 27.5 26.1
1750.9 -24.3 -328.7 111.2 54 61.6
2463.7 136.5 -275.7 94.4 15.6 -16
58.8 180.4 192.5
462.3 42.5 60 21 28.8 26.6
1772.6 -54.7 -316.7 124.9 27.6 86.8
2499.5 144.1 -259 114.5 33.9 -2.1
57.9 177 191.9
461.4 43.8 61.5 18.9 30.4 27.2
1787.1 -74.8 -302.6 124.5 22 93.6
2505.6 149.8 -237.4 119.7 28.9 -11.3
58.2 174.5 192.4
460.2 45.4 61.6 18.6 30.6 29.1
1802.3 -98.9 -281.8 118.5 16.8 106.4
2519.8 141.7 -214.7 111.2 34.7 10.7
67 178.1 209
469.9 26.1 81.6 -1.4 50.2 10
1821 -128.1 -250.9 96.8 33.5 92.7
2560.8 84.5 -123.8 45.6 84.6 -15.5
71.9 168.2 197.3
475.3 15.6 91.9 -12 59.6 0
1836.9 -154.2 -224.2 76.9 44.2 88.1
2610.3 14.6 -61.2 0 118.8 -38.3
80.5 160.1 184.2
483.7 0.6 107.7 -27.3 74.3 -15.1
1839.4 -154.1 -216.6 68.5 51.1 84.8
2644.3 18.9 -38.5 14.8 108.2 -45
87 161.4 181.6
489.3 -8.1 117.6 -36.7 83.3 -24.6
1851.3 -163.5 -214.6 73.3 42.8 88.3
2667.1 19.1 -32.1 15.5 113.9 -60.7
88 169.6 188.7
490.9 -7.9 119.1 -37.5 84.4 -26.1
1867.4 -174 -215.2 81.9 32.7 92.6
2695.3 22.7 -29.9 28.4 116.2 -70
86.4 176.3 208.7
489.8 -2.2 115.6 -33 80.8 -22.3
1874.3 -173.6 -211.7 71.3 48 79.9
2739.6 14.2 -9.7 48.4 120.6 -79.1
84 178 214
489.4 2.1 113.7 -29.3 78.9 -19.6
1879.3 -171.4 -216.3 71.7 54.4 72.5
2771.3 20.1 -2.3 69.3 134.1 -90.4
83.2 178.2 217.2
490.9 3.7 115.8 -28.2 80.5 -19.6
1885.4 -173.9 -218.3 73.6 56.5 70.1
2799.2 11.5 9.8 75.2 153 -103.8
81.5 176.7 215.8
488.6 9 110.5 -22.6 75.8 -13.7
1892.3 -178.8 -222 78.6 55.2 69.5
2826.8 -12.8 28.9 61.7 181.4 -122.9
82.2 175.5 222.9
490.2 6.9 113 -24.3 78.9 -15.2
1900.3 -187.2 -222.8 79.4 57.2 67.3
2854.6 -44.4 45.1 41.6 219.3 -147.8
winner is: 13
