Regression analysis information for: mexican_match_declarative-narrow-focus_Maria-bebe-el-vino
number of formants: 3
number of coefficients: 5
61.6 246.8 177.1
481.9 52.8 9.4 -67.1 -31.4 -11.3
1734.2 -30.1 -140.7 51.4 -272.7 -152.7
2222.7 -101.3 -58.3 205.9 -183.5 -194.3
62.6 236.2 184.1
480.1 57.3 8.2 -62.9 -32.5 -7.9
1763.4 19.8 -93.2 59.7 -281.1 -189
2235.2 -95.5 -23.9 217.8 -225 -217
62.2 259.2 204.5
477.7 60.9 4.6 -59.1 -35.4 -2.2
1742.2 -29.4 -96.3 80.3 -211.1 -135.7
2257.3 -73.1 18.9 238.3 -237.6 -250.9
62.1 270 236.5
475.6 61.4 2.2 -58.9 -34.6 -1
1750.8 -24.9 -127.5 73.9 -224.2 -112.5
2311 -43.4 -19.1 221.4 -246.9 -233.1
62.5 269.9 247.3
478.8 56.4 6.6 -69.6 -30 -8.8
1758.8 33.1 -150.1 52.7 -259.9 -157.2
2384.3 -17.8 -76.5 167.6 -254.8 -227
62.2 263.9 237
479.1 58.7 5.2 -68.7 -32.2 -3.8
1778.4 47.7 -139.6 58.3 -288.6 -153.8
2462.8 1.7 -130.2 105.7 -254.8 -210.2
62.6 261 217.7
481.8 54.5 9.8 -76.1 -27 -8.1
1794.8 57.7 -131.3 48.8 -295.4 -161.3
2521.3 28.7 -183.9 36.6 -243.7 -170.5
63.6 241.3 202.8
484.9 47.2 15.7 -85.3 -21.5 -14.7
1826.9 55.6 -87.6 51.1 -280.3 -150.8
2558.1 52.1 -164.2 36.5 -212.4 -140.8
61.8 219.4 189.9
490.3 41.5 27.2 -92.3 -11.4 -20.9
1860.4 37.3 -32 37.4 -242.8 -158.6
2610 78.6 -129.9 23.1 -163.1 -123.2
61.8 210.3 194.7
490.3 42.5 27.5 -92.6 -9.5 -20.1
1881.1 50.6 3.5 60.4 -224 -125.1
2648.1 89.8 -56 59.7 -113 -103.9
62.9 180.7 169.2
494 37.9 36.5 -95.9 -0.2 -23.8
1925.5 -0.6 61 55.9 -228.5 -68.5
2694.7 78.5 -8.9 54.2 -98.8 -62
60.3 171.9 151.1
490.3 42.8 30.1 -89 -6.7 -16.9
1933.9 -16.4 74.2 53.8 -230.2 -58.7
2711.1 76.4 6.6 46.4 -94.1 -50.1
63.9 171.1 148
491.9 36.3 34.2 -94.4 -2.1 -22.5
1943.4 -8 91.8 63.7 -212.8 -48.7
2736.2 76.1 34.4 36.4 -67.5 -32.5
63.8 179.6 140.8
489.5 39.9 29.7 -90.3 -5.7 -18.6
1931.5 -8.5 70.4 66.9 -228.5 -44.9
2735.1 75.3 26.5 36.7 -65.1 -5.4
65.5 178.2 143
488.4 43.2 26.4 -87.2 -7.5 -15.8
1939.2 -37.7 77 46.3 -220 -64.1
2750.2 45.3 41.3 17.5 -49 -24.2
63.2 181.2 136
484.2 52.5 16.3 -78.9 -16.3 -7.6
1943.1 -31.9 71.7 55.5 -225.7 -56.9
2764.8 68.5 42.3 31 -56.8 -19.3
65.8 175.2 149.2
487.6 46.3 20.6 -86.7 -11.1 -14.6
1958.4 -30.5 87.2 56.6 -213.7 -56.5
2798.6 60.4 78.2 10.6 -27.6 -35.6
68.2 171.8 174.8
491.9 42.3 27.5 -92.3 -4.4 -19.8
1976 -8.8 109.6 74.9 -194.5 -45.1
2826.1 76.2 108.1 13.8 -4.6 -36.4
75 172.7 191.7
497.4 33.8 37.4 -101.4 5.1 -29
1985.4 -2.7 119.3 79.1 -185.4 -50.1
2849.4 65.8 137.5 -2.4 16.2 -59.6
83.7 183.1 200.2
502.6 23.4 47.4 -111.7 14.6 -39.4
1997.2 5.6 134.7 89.7 -172.1 -47.3
2863.8 53.8 155.7 -13.5 22.1 -77.8
winner is: 16
