Regression analysis information for: mexican_match_interrogative-total-yn_David-leia-el-libro
number of formants: 3
number of coefficients: 5
76.6 337.7 183.2
451.9 -31.9 5.3 -4.5 78.7 -6.4
1667.2 41.7 -407.8 36.5 -9.3 -15.9
2270.9 -7.9 -352.9 50.7 -39.1 4.8
75.2 295.9 195.5
453.2 -33.8 5.3 -4.1 78.7 -9.1
1726.6 2.9 -499.8 3 -35.3 32.3
2343.5 13.7 -408.2 -8.9 -66.1 16.3
74.1 260.2 151.9
454 -36 3.2 0.5 80.7 -17.8
1753.7 49.5 -468 -56.4 -92 -41.3
2445 91.9 -423.8 -61.8 -100.8 -5.3
73.8 260.8 149.8
454.5 -34.6 2.4 -0.8 80.5 -17.5
1746.8 37.6 -457.9 -70.4 -120.6 -90
2450.1 91.7 -410 -67.4 -114.2 -27.3
74.3 234.1 130.4
454.7 -32.9 0.7 -1.1 80.9 -16.3
1805.9 49.5 -515.7 -64.2 -123.9 -83.6
2470.9 94.8 -425.1 -86.6 -128.2 -29.7
74.1 222.3 126
454.6 -31.3 0.5 -0.6 81.5 -15.5
1856.9 71.1 -524.6 -29.9 -116.8 -99.4
2495.3 113.1 -430.6 -82.1 -129.7 -43.9
73.6 227.2 122.6
454.4 -30 1 -0.4 82.5 -15.1
1874.6 99 -514.4 -23 -108.2 -97.3
2534.9 189.4 -400.7 -52.5 -121.7 -40.6
73.7 229.2 123.1
452.9 -28.2 1.4 1.6 82.1 -13.5
1893.6 130.1 -507.1 -4.9 -97.9 -83.4
2571.9 251 -379.3 -20.4 -99.7 -18.8
71.3 238.4 127.1
452.8 -29.2 6.5 1.6 84.3 -13.6
1911.8 146.1 -475.3 -7.4 -77 -63.2
2592.8 281.2 -364.9 -8.6 -69.8 -6
69.4 247.6 131.7
450.4 -30.5 10.7 3.9 84 -15.3
1911.7 140.3 -458.5 -20.9 -65.6 -64.6
2602.7 289.8 -359.1 -27.5 -49.5 0
68.8 240.9 148.6
448.3 -33 11.8 3.2 81.7 -17
1923.2 158.1 -437.7 -13.6 -32.4 -48.5
2627.1 303.2 -300.1 -26.8 -2 37.3
66.6 228.3 172.3
447.7 -32.5 14.6 6 82.5 -16
1937 189.1 -410.7 21.7 -6.6 -16.2
2638.6 323.4 -250.8 -10.5 15.6 83.3
65.6 206.4 195
447.9 -33.2 16 6.8 83 -15.4
1968.2 212.2 -389.3 60.5 15.3 9.7
2665 323.4 -203.2 4.2 30.2 121.4
64.7 201.9 217.4
448.3 -33.7 17.3 7.8 83.8 -14.8
1989.6 204.3 -400 84.4 13.3 -2.2
2684.4 296.7 -189.5 7.7 30.4 131.5
64.4 203.8 237
448.8 -34.9 17.9 8 84.3 -15.1
2018.2 182.9 -413.8 88.3 16.1 -32.5
2725.1 261.5 -193.1 21.1 37.2 104.5
64.5 205.5 253.5
449.2 -36 19 8.7 85.4 -15.2
2041.4 177.5 -418 75.1 16.9 -45.3
2771.2 255.1 -201.8 42.9 39.5 75.3
68.2 212.7 275.2
453 -32.5 18.6 3.6 80.4 -17.2
2061.9 185.2 -427 58.2 4.3 -51.6
2827.3 265.1 -234.4 77.3 37 24.5
82.6 221.9 303.4
464.9 -18.8 14.5 -16.6 59.8 -23.9
2086.3 199.6 -430.2 34.9 -8.9 -54.2
2884.5 306.2 -217.6 49.4 26.3 25.6
89.3 226.1 328.7
469.3 -14.2 13.3 -23.4 52.7 -26.5
2105.9 208.6 -437.3 13.9 -19.8 -52.3
2928.8 336.8 -232.9 24.1 2 21.9
90.5 231.5 353.9
469.1 -14.5 12.3 -23.1 52.4 -25.9
2119.5 219 -447.8 4.4 -29.4 -47
2974.4 374.5 -251.3 5.2 -13.6 41.5
winner is: 6
