Regression analysis information for: mexican_mismatch_interrogative-total-yn_Mi-tia-odia-la-lluvia
number of formants: 3
number of coefficients: 5
72.3 374.1 254.3
481.3 -2.6 -63.1 -89.6 11.5 -10.9
1588.3 -69.7 -171.7 90.8 -312.2 -282.4
2279.9 -50.4 83.2 182.4 -151.9 -129.4
72.6 405.1 311.7
481.6 -4.5 -64.5 -94.2 8.4 -10.9
1632.8 -127.3 -54 39.7 -348.9 -214.3
2378.9 -62.4 44.5 172.1 -154.4 -132.3
70.4 404.5 337.4
485.5 -3 -64.3 -98.1 13.3 -1.8
1666.4 -96.2 -1.8 47.8 -299.4 -108.2
2482.3 -30.3 -18.8 116.8 -124.6 -89.3
70.9 400.9 341.9
483.7 -5.1 -62.5 -101.3 13.8 -0.8
1678.7 -124.3 10.6 9.2 -219 -143.4
2528.3 -47.6 -18.6 36.9 -21.5 -146.6
72.2 355.8 303
484.6 -5.3 -63.3 -95.1 15.6 -6.3
1730.1 -189.6 -18.4 25.4 -165 -220.9
2580.8 -62.2 -49.2 18.3 52.2 -206.9
71 330.7 278.2
486.1 -4.6 -64.9 -97.8 17 -6.2
1806.3 -110.7 48.8 100.3 -111.9 -226.3
2633.4 -58.2 -61 14.9 64.5 -159.9
70.3 318.5 239.7
487.8 -1.5 -63.6 -97.4 19.2 -3.4
1841.3 -86.1 64.8 106.7 -117.8 -228.1
2684.6 -81.8 -77.7 -14.8 16 -120.4
71.9 283 197
487.2 -1.3 -63.4 -99.3 18.3 -3
1897 -24.7 103.6 95.6 -109.4 -201.7
2740.3 -70.1 -77.9 -53.1 -2.9 -113
72.4 254.7 168.5
486.7 0.6 -61.4 -98.8 19.1 -2.1
1932.4 16 152.2 111.3 -84.6 -190.5
2782.6 -68.7 -82.3 -56 -7.2 -130.6
73.1 252.7 157.7
485 1.5 -60.5 -99 18.6 -1.9
1939.4 26.4 158.9 109.9 -89.9 -187
2813.4 -35.3 -75.6 -63.4 -24 -134.7
73.2 259.9 150.6
482.8 1.6 -60.1 -99.2 18.2 -2.7
1940.5 29 166.9 116.3 -90.8 -186.6
2841.7 -5.7 -64.2 -58.9 -28.8 -139.5
73.2 255 147.3
479.9 2 -60.1 -98.5 18.2 -2.8
1948.2 41.7 186.5 129.1 -96.6 -196.3
2852.6 6.1 -48.2 -46.8 -24.8 -135.7
77.1 250.8 150
484.3 13.2 -54.5 -98 11.2 -15.3
1955 52.1 201.4 135.1 -103.5 -209
2860.2 14.1 -28.5 -46.8 -27.2 -149.7
77.1 246 151.1
483.6 14.4 -54.2 -97.5 10.1 -18
1960.7 61.5 219.5 145.8 -98.3 -213.2
2868.3 11.6 2.2 -52.9 -13.6 -169.6
76.6 239.6 152.2
482.4 13.9 -56 -97.9 9.3 -18.7
1967.6 71.6 235.7 159.1 -82.2 -205.4
2874 15.3 26.6 -62.1 18.8 -175.4
77.5 242.5 169.6
482.1 14 -57.5 -98.7 8.8 -18.9
1969.1 61.6 228.4 153.9 -84.5 -209
2885.4 10.2 27.3 -71.8 25 -186.1
80.7 263.2 179
485.4 19.5 -55.9 -99.4 5.7 -23.7
1954.9 13.5 185.5 131.9 -95.4 -209.1
2895 12 16 -82 31.1 -196.6
85.7 267.5 200.4
488.8 24.7 -54.7 -101.2 1.9 -28.6
1960.4 5.5 164.9 121.5 -108 -237.9
2912.9 32.8 3 -89.6 26.1 -220.4
94.4 274.8 241.1
496.4 36 -50.3 -102.9 -4.8 -38.8
1964.7 -12.7 133 102.1 -133.5 -272.8
2951.2 15.5 -29.5 -75.7 -23 -247.7
105.7 270.1 267.6
503.7 46.1 -47.1 -104.9 -10.5 -47.1
1991.5 7.5 135.7 111.2 -137.5 -288.3
2988.9 41.3 -34.2 -84.3 -40.1 -277.8
winner is: 15
