Regression analysis information for: mexican_match_declarative-broad-focus_Ana-lleva-el-abrigo
number of formants: 3
number of coefficients: 5
63 327.4 325.8
496.7 73.5 -14.6 7.9 50.3 10.6
1585.5 214.5 38.7 49.7 -252.4 -62.6
2180 87.6 -13.1 -125 -114.3 17.9
64.2 289.4 304.7
494.3 78.2 -22 16.4 46.4 12.1
1602.4 251.8 -5.7 54.3 -234.3 -61.3
2201 120.2 -108.6 -93.9 -139.3 32.2
65.9 251.8 263.8
490.5 82 -22.8 14.7 43.9 18.2
1592.1 301.2 -15.1 10.7 -196.4 -24.2
2270.4 108.4 -97.7 -138.7 -166 66.9
65.6 218.2 237.9
494.1 80.1 -27.5 17.1 45.1 17
1643.1 309.3 -48.9 58 -183.5 -35.5
2368 111.3 -138.4 -95.8 -173 0.9
67.5 207.9 231.6
495.7 76.7 -26.2 16.6 48 16.6
1693.8 284.1 -74.7 81.3 -199.6 -34
2486.8 119.2 -154.6 -72.9 -170.4 -48.9
69 210.8 250.1
496.3 75.7 -25.4 18.1 50.2 17.4
1735.7 258.5 -85.8 74.8 -234.6 -24.5
2570.2 156.8 -109.2 -70.8 -198.4 -48.5
73 231.8 262.7
500.8 66.9 -15.1 10.4 60.4 10.2
1755.5 228.8 -71.1 74.5 -248.7 -19.2
2626.9 178.6 -52.2 -72.4 -211.1 -23.8
74.1 247.8 273.8
505.7 56.2 -2.5 0.4 72 0.9
1774.2 195.6 -51.9 64 -242.1 -30.5
2659.6 180 -26.1 -75.1 -198.6 -23.3
73.6 253.7 274.8
503.3 59.2 -3.3 3.9 70.2 4.9
1777.8 190.2 -43.2 57.2 -236.1 -36
2666.5 174.7 -26.7 -77.2 -192.3 -28.7
83.8 257.8 295.2
512.9 38.1 19.8 -16.5 92.3 -15.5
1783.1 188.8 -29.1 50.2 -228.1 -39.5
2690.3 143.7 17.7 -120.1 -151.3 -66.2
92.9 262 304.5
520.7 20.6 38.4 -32.7 110.2 -32
1785.5 189.9 -20.1 47.7 -220.7 -48.4
2711.1 112.6 52.7 -156.6 -120.4 -111.2
95.9 262.4 300
523 14.1 45.6 -38.1 116.7 -35.8
1775.8 199.1 -32.5 55.3 -226.8 -49.5
2716.5 129.4 61.3 -146 -122 -117.9
87 253.3 282.1
515.1 28.9 31 -22.3 102.9 -20.8
1777.8 213.3 -30.4 70.8 -226 -41.5
2723.7 169.9 67 -104.6 -129.9 -100.1
87.4 253.9 279.9
514.5 29.9 29.8 -20.4 102.5 -19.8
1781 209.3 -31 74.2 -224 -39.7
2744.3 174.3 92.9 -93.3 -114.9 -109.6
91 256.6 289.7
519.5 20.9 38.2 -28.2 110.5 -27
1799.9 185 -12.1 59.4 -205.3 -48.7
2787.9 130.1 150.2 -125.3 -62.6 -139.8
91.6 259.2 297.8
525 12.8 46.4 -35.4 118.1 -33.2
1829.1 145.8 15.7 30.5 -180.6 -61.5
2846.9 70.7 216.8 -178.1 -8.3 -170.8
99.2 255.1 282.4
537.5 -9.2 67.9 -56.3 138.2 -51.3
1864.9 96.6 51 -7.9 -153.1 -72.6
2925.3 -45.3 316.9 -280.5 70.6 -221.6
90.8 255 252.9
538.9 -9.3 67.1 -55.9 136.8 -48.8
1885.1 80.6 53.7 -21.6 -143.6 -71.4
2965.1 -82.1 343.7 -322.4 97.8 -238.3
88.2 254 234.6
540.6 -9.2 67.1 -55.8 137.1 -47.2
1903.2 68 52.4 -32.9 -135.1 -66.8
2992.4 -98.1 349.8 -346.1 109.2 -239.3
88.5 256.9 243.6
540.7 -6.1 64.2 -52.7 134.9 -43.5
1915 64 43.5 -34.6 -135 -58
3007.3 -99.4 337.6 -352.8 108.3 -233.3
winner is: 5
