Regression analysis information for: mexican_match_interrogative-total-yn_Emilio-ama-la-marcha
number of formants: 3
number of coefficients: 5
76.6 282.2 253.4
529.9 -43.3 -11.1 -36.3 21.5 22.1
1468.3 -12.8 174 -56.7 -193.2 -133.4
2091.5 10.2 262 115.1 -139.2 -17.5
74.2 286 322.9
530.4 -45.4 -19.9 -36.6 21.5 15.3
1528.4 10.8 153 -7.1 -121.9 -135.7
2163.6 15.7 216.2 153.9 -80.8 -39.1
74.2 234.7 364.8
534.9 -40.5 -13.8 -33 30.9 20
1606.3 93.4 244.8 89.4 -15.3 -57.9
2211.6 23.1 260.7 187.7 -36.3 -14.6
72.1 234.4 385.4
537.9 -36.4 -11.7 -28.8 34.9 25.4
1629.5 159.9 227 136.8 3.3 -22.1
2244.7 45.9 241.9 191.7 -0.6 6.9
72.7 221.7 386.2
538.3 -35.5 -13.7 -27.8 35.3 26.8
1657.3 178.7 229.1 145.6 -0.5 -23.9
2292 43.7 190.3 194.1 33.6 5.4
73.5 222.2 388.6
538.4 -34.5 -15.3 -28.1 37.2 27.4
1674.9 183.1 231.4 134.5 -8.6 -25.6
2350.3 26.4 139.5 185.5 69.3 -12.3
82.9 218.2 386.4
543.8 -45.6 -6.7 -31.8 36.7 32.2
1696.4 162.4 274.1 129.2 -7.2 -37.7
2390.5 -15 179.1 158.8 76.5 -45.7
86.4 196.5 321.7
549.5 -56.5 -0.3 -38.9 40.5 36.4
1731 140.1 296.3 81.7 36.1 -53.1
2504.9 -31.1 106.8 6.7 199.3 23.1
97.2 203.4 290.8
555.1 -69.1 5.9 -42.5 38.6 44.6
1748.2 106.3 292.8 56.7 14.1 -59.6
2574 -76.3 103.1 -44.4 211.8 18.2
108 200.1 278.4
561.6 -84.1 14.1 -45.9 36.3 53.7
1766.4 98.4 323.2 68.4 37.5 -41.8
2599.3 -109.5 123.5 -55.8 226.8 37.8
109.6 189.4 254.4
561.6 -86.7 14 -46.4 34.6 54.6
1768.9 85.5 323.4 73.8 43.8 -12.5
2624.9 -112.1 126.4 -84.4 216.7 54.5
113.8 187.4 249.4
563.9 -93.6 17.6 -47.7 32.7 56.1
1786.8 80.6 339.9 68.1 41.9 -23.6
2649.9 -123 138.3 -91.7 208 44.4
133.1 195.5 266.6
576.3 -118.7 32.8 -52.4 25.1 70.5
1806.1 71.9 347.1 74.8 20.8 -24.4
2689.9 -162.6 152.3 -83 177.2 68.6
146.1 205.2 282
583.8 -134.7 41.9 -55.5 20.9 77.8
1814.7 66.5 345.9 78 13.6 -27.3
2712.8 -186.9 159.4 -78.5 178.4 64.5
149.6 205.1 302.3
586.8 -142.1 44.5 -55.5 17.3 81.4
1826.4 70.6 351.9 87.1 8.6 -28.7
2744 -224 172 -67.2 167 76.4
146.9 208.5 314.1
585 -140.4 42.4 -56.6 20 76.1
1833.7 75.9 352.7 87 6.4 -39.5
2745.5 -251 139.6 -84 156.9 44.1
148 210.5 328.1
585.6 -142.1 41.9 -56.9 19.1 76.9
1844.4 74.8 356.5 89.5 2.3 -36.9
2761.9 -274.1 130.3 -85 153.6 47.4
152.5 227.2 344.2
588.4 -147.6 44.7 -60.1 19.8 78.4
1840.4 51.8 338.8 73.8 -4.1 -39.2
2782.6 -270.7 145.7 -81.7 178.1 56.1
155.2 248 378.8
590.1 -149.5 44.7 -60.7 19 80.5
1850.3 17.6 333 61.1 -20.4 -24.7
2821.9 -311.3 168.8 -77.4 163.5 101.1
144.3 267.5 381.5
582.9 -135.5 32.5 -57.1 21.1 72.4
1842.4 -10.9 304.3 37.4 -32.5 -28
2828.8 -309.7 157 -80.1 172.7 98.7
winner is: 12
