Regression analysis information for: mexican_match_interrogative-partial-wh_Cuando-vendia-el-carro
number of formants: 3
number of coefficients: 5
65 259.2 210.6
524.5 -16.2 50.3 38.2 -14.5 27.4
1545 -24.1 -226.4 138 11.4 -28.4
2134.3 -148.3 -262 15.9 20.9 -95.7
70.1 262.1 238.5
529.7 -25.4 50.1 47 -21.2 24
1535.6 -25.9 -160 104 -26.2 5.4
2165.7 -164.1 -256.2 -4.5 4 -31.7
75.6 259.2 246.7
530.5 -28.6 46.3 52.7 -26.9 23.1
1576.5 -9.8 -190.3 122.5 -9.9 -15.8
2255.5 -129.7 -272.1 50.4 16.9 -19.3
82 256.9 223.5
531.7 -28.8 39 60.5 -32.5 27.1
1607.3 5.6 -218.2 174.6 -17.2 -59.4
2359.3 -29.1 -225.2 125.2 -4.5 9.7
84.5 258.4 206.6
530.2 -28.3 39.1 61.5 -30.6 28.8
1630.2 24.1 -228.7 164.9 -32.9 -68.1
2470.2 84.9 -189.9 135.8 -23.7 4.6
90.1 255.1 192.8
532.3 -28.6 32.3 69.6 -36.9 30.8
1638.6 29.8 -244.6 180.1 -34.2 -74.6
2509.2 124.6 -197.7 143.5 -66.9 -17.9
92.9 255.1 202.8
530.7 -28.8 34 68.1 -35.8 30.6
1643.1 22.2 -255.9 181.2 -24.5 -81
2514 119.1 -204.6 145.5 -53.1 -3.6
102.5 223.7 190.3
546.1 -46.4 26.8 83.5 -38.1 12.6
1691.3 23.6 -297.3 116.1 -11.8 -48.2
2558.8 105.5 -229.2 121.1 -50.4 17.1
103.8 209.8 183.3
550.5 -50.4 22.3 86.1 -36.6 7.4
1708.5 26.7 -309.1 96.5 -7.5 -50.1
2575.4 109.4 -237.8 117.6 -47.4 16.9
105.6 118.4 162.5
553 -57.3 20.3 88.3 -35.6 0.8
1781.9 36.3 -393.9 -12.2 40 45.9
2615 109.5 -284.3 72.9 -34.2 64.5
108.7 119.9 176.4
556.4 -63 16.8 92 -36.1 -4.9
1789 19 -388.4 -15 39.8 34.5
2619.9 79.7 -272.1 75.3 -29.5 54.6
110.2 120.1 186.2
557.2 -64.6 17.8 91.4 -36.7 -4.6
1803.2 -11.9 -360.4 -37 55.2 18.3
2643.6 42.9 -214.9 37.7 -0.3 11.8
109.8 111.8 168.8
560.3 -68.6 19.2 91.5 -35.3 -8.1
1814.7 -24.4 -345.7 -45.1 56.4 13.5
2658.5 45.1 -189.3 21.4 -2.5 7.4
114.1 113.7 158.3
564.7 -73.1 17.8 99 -40.2 -10.8
1828.2 -32.7 -340.7 -43.1 54.1 9.6
2695.9 24.8 -152.8 -2.2 7 -13.1
111.4 113.7 148.1
565.5 -72.2 17.4 100.1 -36.2 -16.3
1843.3 -41 -339.7 -41.1 59.8 0.5
2739.5 3.8 -133.8 -2.3 13.3 -36.3
107.5 116.3 151
562.9 -68.3 20 96.5 -32.4 -16.5
1855.2 -43.8 -346.4 -32.6 63.6 -9.3
2765.9 -6.7 -131 12.2 19.4 -60.1
107.9 121.6 159.2
563.2 -67.4 21 98 -33.3 -16.3
1862.5 -40.5 -360 -16.4 62.7 -15.2
2798.6 -39.4 -120.3 41.9 29.1 -104.8
117.7 126.3 163
570.4 -73.2 13.9 113.5 -40.8 -22.8
1877.9 -50.2 -370.2 1.8 62.6 -28.8
2811.6 -62.2 -98 76.8 30.1 -149.4
143.7 142.6 194.5
588.9 -89.6 -5.3 149.5 -54.5 -43.5
1892.6 -64.1 -386.7 42.9 51.5 -56.6
2836.2 -92.1 -101.9 130.2 25.6 -200.2
166.3 157.2 216
606.4 -104.6 -25.2 184.2 -66.4 -65.5
1904.1 -73.5 -412.8 88.1 35 -78.1
2857.1 -102.5 -130.2 157 23.5 -219.4
winner is: 15
