Regression analysis information for: mexican_mismatch_interrogative-total-yn_La-nina-lava-el-plato
number of formants: 3
number of coefficients: 5
83.1 379.5 251.9
499.4 -13.5 -12.8 -50.9 58.5 56.9
1438.9 61.4 -114.6 -4.6 -115.8 -61.7
2121 43.1 -17.1 38.6 -124.1 -36.5
73.3 287.9 289.5
508.8 -17.2 -1.3 -54.9 52.6 71.2
1513.7 119.9 -29.3 -2 -120.7 66.4
2233.8 79.6 42.6 58.2 -112.3 108.5
75 267.1 313.5
506.7 -18.5 -3.2 -54 56.6 74
1525.6 137.9 -5.6 -18.1 -147.6 91.7
2289.3 106.7 78.1 98.2 -127.9 124.7
74.7 231 323.3
512.5 -20.2 -7.4 -48.3 44.5 70.4
1565.2 208.4 -8 -24.1 -212.6 54.3
2315.4 152.1 80.1 138.2 -155.7 96.8
71.6 185.1 321
516.2 -16.4 -4.6 -43.1 43.4 71.1
1621.7 263.3 6.2 20.2 -180.4 43.5
2384.3 182.9 107.4 173.6 -100.1 82.1
71.7 225.4 312
518.6 -18.2 -5.9 -40.3 45 71.8
1635.3 220.9 -35.3 28 -135.4 70
2443.3 179.7 70.2 177.8 -33.3 102.8
75 225.2 287.1
521.7 -22.8 -8.5 -33.3 39.4 72
1658.6 202.1 -43.8 45.7 -130.1 50.5
2506.4 154.8 54 128.6 -51.6 119.5
76.3 217.6 273.8
522.4 -23.5 -10 -32.4 39.5 71.2
1683.8 209.4 -50 31.9 -151.1 24.5
2580.2 195.3 37.5 89.4 -31.8 143.3
75.8 191.3 249.2
520.2 -22.7 -8.5 -35.4 42.7 72.1
1709.5 234.3 -37.9 35.3 -169.1 -8.5
2606.1 203.9 2.9 81.5 -30.2 112.7
76.1 158.2 238.7
519.5 -21.9 -6.8 -35.8 42.9 72
1743.7 275.2 -21.9 25.5 -200.8 -59.8
2658.7 276.7 8.2 43.6 -59.4 65.6
78 205 220
518.7 -23.8 -5.9 -36.8 42.9 72.5
1710.8 202.5 -29 66.4 -122.5 7.5
2681.4 239.9 -21.1 78.7 -15.7 93.1
79.5 183 217.1
517.9 -23.7 -7.2 -35.9 39.3 75.2
1739.9 210.9 -11.7 46.7 -150.7 -15.4
2744.8 232.8 -9.5 77.9 7.3 99.4
83.4 171.3 229.4
521.5 -30.7 -7.1 -33.1 35.5 73.6
1760.1 209.9 15.4 19.4 -159.1 -40.1
2778 228.4 44 42.2 8.5 73.4
85.5 162.6 229.3
521.6 -34.6 -6.5 -34.4 35.5 73.1
1774.8 209.6 22.6 -1.3 -177.1 -71.1
2806.1 225.1 50.5 34.2 -15.4 35.9
86.8 170.6 230.1
519.4 -35 -5.7 -36.6 37.2 76.3
1761.7 200.9 21.9 2.1 -165.3 -61.1
2815.6 223.8 60.8 18.2 -36.5 31.4
87 175.3 241
519.5 -38.4 -5.7 -37.1 38 76.8
1765.6 188.5 22.5 0.2 -157.1 -61.1
2846.9 218.3 64.4 24.6 -45 14.6
84.1 174.3 242.6
516.7 -37.9 -4.7 -43.2 42.3 78.3
1770.2 179.3 20.1 -12.1 -162.7 -68.1
2862.1 205.5 67.1 19.4 -49.8 9
87.5 180.8 273.3
520 -42.2 -6.6 -38.2 38.8 79.4
1776.9 172.2 20.1 -1.1 -153.7 -58.9
2883.9 162.8 62.4 52.6 -38.5 19.4
92.4 205.2 325.9
523.1 -46.5 -10.1 -31.9 34.5 80.9
1772.4 131.4 10.9 -3.7 -129 -40.4
2900.7 89.7 30 34 -49.9 38.1
95.3 160.5 326.2
528.3 -50.7 -12.4 -27.6 29.2 79.5
1814.1 167 15.1 -52.5 -186.5 -86.3
2961.5 137.7 28.2 -23.2 -138.4 -12.8
winner is: 10
