Regression analysis information for: mexican_match_declarative-narrow-focus_Marta-abre-el-regalo
number of formants: 3
number of coefficients: 5
67.6 187.2 223.3
512.9 46.5 -7 -21.8 -86.8 40.4
1618.4 -120.7 -126.8 130.1 -109.6 -56
2206 -179 -105.2 200.6 11.7 -203.4
67.3 169.3 243
511.9 47.1 -8 -22.2 -86.5 42.1
1634.6 -106.4 -156 105.9 -104.4 -32.3
2248.1 -184.6 -124.4 180.6 15.7 -204.4
67.1 163 267.2
510.9 47.9 -8.3 -22.7 -87 42.4
1634.5 -105.2 -182.9 105.1 -141.5 -10.4
2280.8 -187.2 -117.9 190.7 4.5 -215.3
67.8 148.4 260.5
510.2 48.2 -8.8 -24.7 -89 42.1
1656.1 -136.6 -159.3 94.5 -139.6 -4.4
2330.2 -199.1 -112 177.4 2.8 -205.9
66.2 130.1 258.6
519.5 58.3 -10.8 -29.5 -101.7 22.4
1679.1 -130 -170.2 67.4 -164 -16.4
2415.9 -175 -146.5 93.8 -53.1 -176.5
64.2 131.9 242
517.9 59.7 -9.3 -33.3 -105.2 24
1677.5 -149.2 -179.8 46.4 -174.2 -28
2455.6 -176.9 -140.5 42.3 -69.7 -153.8
66.9 127.2 240.6
519.6 58.4 -14 -31.3 -104.8 17.9
1686.5 -164.5 -168.7 29.6 -165.8 -46.8
2494.8 -131.8 -117.8 -18 -67.4 -153
71 121.8 234.6
523.6 58 -21.2 -26.1 -102.4 8.6
1703.5 -168.7 -150.4 24.8 -154.6 -64.3
2550.6 -57.9 -88.5 -35.3 -68.1 -155.3
72.8 120.2 228.7
522.1 56.7 -24.2 -27.8 -105.5 4.6
1709.7 -171.9 -144.4 21.1 -160 -74.7
2563.8 -8.9 -98.2 -21.7 -71.1 -179.6
71.6 118.2 240
523.5 60.5 -20.5 -20.3 -98.3 9.9
1733.8 -149.2 -102 51.8 -111.6 -53.4
2614.5 41.5 -49.8 47.8 -43.1 -156.3
71.4 120.6 225.7
522.2 61 -19.4 -16.9 -94.4 14.5
1743.7 -139.4 -90.5 63.6 -97.6 -54.5
2660.4 53 -30.9 77.9 -45.3 -140.1
76.3 121.2 208.2
525.1 59.7 -24.4 -11.1 -91 10.1
1742.9 -124.8 -105.8 83.1 -109.5 -45.1
2702.4 44 -23.3 103.4 -63.9 -146
76.9 116.9 199.4
521.7 54.4 -26.3 -8.4 -85.1 17.6
1750.6 -103.9 -98.1 108.8 -100.6 -24.2
2728.1 43.3 -15.6 123.5 -60.6 -137.5
83.8 116.7 199.5
523.7 50.1 -33.1 -2.4 -78.3 15
1757.6 -110.2 -100.4 110.5 -93.6 -27.5
2746.1 44.3 -20.8 131.4 -43.2 -124.5
85.6 119.7 199.5
525.9 53.1 -33.2 -5.5 -82.1 12.5
1764.5 -112.5 -101.5 107.3 -90.8 -31.9
2763 42.1 -27.2 121.7 -34.1 -117.3
84.5 124.8 194.8
523.7 50.7 -34.4 -3.2 -78 18.2
1766.6 -112.6 -108.8 110.9 -87.5 -27.2
2776.6 12.6 -23.8 105.2 -8.5 -108.2
84.7 120.8 200.8
524.1 52.3 -33.5 -4.7 -78.6 19.6
1777.8 -123.1 -96.1 105 -60 -28.7
2804.6 -5.9 -0.4 86.4 28.1 -111.1
99.8 132.4 216.3
533.8 47.8 -48.7 6.4 -68.8 3.4
1784.2 -135.9 -114.6 113.2 -44.9 -33.3
2827.3 -21.9 -15.5 87.6 43.9 -115.2
113.8 137.9 238.9
543.1 48.5 -59.8 11.5 -66.2 -12.2
1795.9 -145.5 -122 109.6 -39.8 -51
2859.8 -49.2 -12.6 71.2 58.7 -133.9
127.5 143.1 271.5
554.4 53.7 -68.3 12.7 -70.6 -31
1812.4 -147 -123.4 111.1 -34.9 -64.6
2901.2 -44 -5.3 60.6 56.8 -153.9
winner is: 13
