Regression analysis information for: mexican_match_declarative-broad-focus_Maria-bebe-el-vino
number of formants: 3
number of coefficients: 5
52.8 217.8 159.8
466.3 54.9 -1.9 -24.3 -31.1 2.8
1731.9 158.3 -93.7 -25.5 -12.1 -214.5
2346 -4.1 -222.6 3.9 -51.3 -53.4
53.7 251.9 204.6
466.3 50.9 3.1 -23.3 -32.8 4
1709.4 115.7 -0.1 62.5 -62.2 -276.7
2332.7 -32.2 -147.6 73.4 -89.4 -119.2
55.1 256.1 218.5
462.9 54.7 2.4 -21.4 -31.9 3.9
1733.5 103.8 -22.5 68.8 -52.9 -256.4
2351.6 -19.8 -153 61.8 -78.6 -124.1
54.9 225.6 215.6
462.4 57.4 -0.6 -17.8 -36.3 9.6
1805.4 99.5 -53.2 68.3 -85.9 -166.5
2402.7 17 -156.6 61 -83.7 -104
56 225.3 202
460.7 59.3 -2 -16.3 -38.1 11.1
1809.2 115.8 -68 71.4 -95.7 -170.3
2431.1 44.6 -149.6 83.1 -96 -107.7
56.6 227.4 173.5
459.7 60.3 -2.3 -16.9 -38.5 11.5
1810.2 130.7 -80.1 78.2 -102.8 -170.8
2473.2 87.5 -157.6 69.3 -124.3 -97.2
57.1 225.9 156.3
458.9 60.1 -2 -18 -39.6 11.9
1819.2 125.3 -86.1 99.8 -123.8 -154.7
2504.5 115.9 -162.2 68.9 -163.4 -103.5
57.9 219.7 147.4
457.4 61.1 -1.7 -19.6 -39.6 10.6
1833.4 105.4 -72.9 99.7 -130.5 -144.5
2528.2 130.1 -156.5 58.1 -189.2 -108.8
57.7 200.4 155.4
456.9 59.9 -0.9 -19.9 -42.1 11.7
1865.6 55.1 -50.8 114.3 -173.5 -97.1
2546.2 112.1 -150.3 67.6 -212.1 -89.9
58.4 194.9 153.9
455.6 60 -0.5 -20.2 -42.9 11.3
1877.9 34 -32 106.7 -175.6 -92.7
2547.3 117.4 -150.8 68.4 -210.4 -98
59.6 188.8 157.6
453.8 61 -1 -19.5 -44.1 11.8
1890.9 5.6 -10.7 97.8 -181.7 -87.9
2551.7 102.1 -142.4 64.9 -216 -96.3
70.4 184.1 176
461.3 44.1 15.7 -35.9 -27.8 -4.3
1909.2 -35.5 17.6 82.1 -181.4 -88.8
2575.9 33.9 -93.9 27.9 -193.7 -110.6
87.9 179.6 187.4
481.6 2.5 56.1 -75.5 10.1 -40.1
1929.7 -82.4 48.7 58.6 -174.9 -93.2
2616.8 -56 -16.3 -36.1 -149.1 -143.7
87.3 178.3 177.3
482.9 -0.4 58.5 -78.8 13.5 -43
1934.1 -102.2 52.9 46.3 -178 -95.8
2640.4 -101.9 21.8 -66.8 -134.3 -144.9
92.5 181.6 174.3
490.5 -14.3 72.4 -92.3 26.7 -54.9
1945.4 -111.3 61.2 41.3 -165.1 -100.1
2669.3 -136.3 56.6 -98.4 -104.7 -155.3
94 182.8 184.6
489 -9.1 67.6 -88.2 23 -50.6
1954.5 -107 61.4 44.9 -159.1 -97.1
2686.6 -133.6 54.1 -95.6 -110.6 -143.2
100.6 183.5 192.6
495 -17.9 77 -97.6 32.1 -58.4
1966.4 -103.4 64.2 47.4 -153.3 -92.7
2712.1 -141.5 64.2 -103.3 -105.1 -144.2
100.6 183.8 205.2
494.2 -13.1 73.6 -94.6 29.6 -55.8
1975.7 -90.7 63.3 55.7 -149.7 -86.2
2722.9 -119.5 55.2 -97.9 -106.1 -147.5
104.2 183.7 216.8
497.1 -15.2 77.3 -98.4 33.7 -59.8
1985.6 -79.3 65.1 60.4 -140.6 -87.7
2735 -95.7 55.5 -100.2 -90.2 -168.2
103.1 185.3 220.5
496 -9.6 73.6 -94.5 30.3 -56.4
1991 -68.6 65.6 58.8 -127.8 -97
2741.7 -65.4 52.7 -93.7 -84.3 -174.3
winner is: 11
