Regression analysis information for: mexican_match_interrogative-partial-wh_Cuando-leia-el-libro
number of formants: 3
number of coefficients: 5
60.7 236.4 181.6
474 27.3 33.2 -13.8 24.6 3.1
1685.1 -109.5 -452.7 -74.3 -28.5 5.5
2317 -153 -351.9 -92 -201.5 -62.1
61.8 242.4 182.1
471.8 26.6 34.2 -11.2 27.4 5.6
1690.1 -137.4 -421.1 -47.1 -65.8 9.5
2353.6 -160.3 -343.4 -101.3 -234.2 -57.5
63.4 223.8 194
469.6 27.3 29.3 -8.7 22.1 7.6
1730.7 -127.4 -447.4 -33 -58.1 28
2395.9 -131.4 -331.4 -77.3 -204.8 -31.5
65.7 169.9 195.7
469.9 27.8 30.6 -6.4 26.6 10.8
1809.7 -44.3 -443.5 -6.4 5.9 79.6
2515 40 -219.2 49.3 -63.5 79.8
66.6 151.5 169.5
470.9 34.3 31.8 -2.2 26.8 11.7
1838.3 -31.4 -467.6 15.7 39.8 71.4
2544.5 58.6 -235.1 51.7 -43.5 92.6
68.6 155.6 159
470.1 35.2 32.1 -2 28.2 11
1848.1 -20.2 -477.4 31.8 41.1 63.3
2559.9 86.1 -270 63.3 -14.5 78.4
69.2 161.8 161.6
468 37.4 31 -0.6 27.4 12
1851.1 -19.3 -493 40.6 36.1 59.2
2570 87.1 -281.4 66.8 -17.4 85
69.7 171.5 168.7
465.4 38 30.5 -0.1 26.7 11.3
1860.6 -25.6 -498.2 40.7 39.1 48.7
2586.7 83.3 -279.1 51.8 -7.9 80.4
69.9 176.1 179.9
463.7 35.7 31.8 -1.3 28 9.2
1874.4 -42 -488 27.5 55.3 30.1
2606.7 69.8 -263.9 32.9 7.7 73.9
69.1 176.7 195.2
461.2 34.8 30.8 -1.2 27.5 9.1
1865.2 -27.3 -479.3 14 55.1 43.6
2610.1 61.5 -233 22.9 21.1 55.4
67.7 177 181.2
458 36 27.5 0.8 24.6 11
1838.6 3.7 -475.6 6.9 46.4 68.9
2585.2 88.4 -222.2 44.5 -3.1 60.2
67.8 175.1 171.5
457.9 34.1 27.9 -0.3 25.4 10
1847.1 -9.1 -460.9 -1.9 55.6 50.1
2577.3 58.7 -183.3 37.9 -9.9 39.6
72.4 185 202
466.1 17.8 43.5 -16.1 40.5 -5.3
1884.2 -41 -420.4 -32.8 87.5 -10.3
2619.1 -20.6 -123.9 -28.2 53.5 -11.4
71.3 188.1 182.8
464.8 21.8 40 -12.8 37.4 -3.2
1898.9 -36.7 -430.8 -17.5 81 -29.1
2642.8 6.4 -177.3 -9.4 36.9 17.5
73.4 193.8 216.6
470 13.7 48.4 -20.4 44.8 -10.5
1927.4 -49.6 -440 -5.7 83.9 -61
2709.9 -9.9 -202.1 -50.2 84.1 34.3
72.7 200.6 238.7
470.2 16.1 46.6 -17.9 43.3 -8.8
1950.8 -53.2 -463.8 20.6 83.4 -85.3
2768.1 -7.5 -225.9 -60 112.1 40.8
71.4 196.7 284.3
470.1 19.2 44 -14.3 41.1 -5.7
1967.4 -55.8 -469.7 27.1 80.1 -91.7
2865.6 -60.2 -298.5 18.7 143.9 -49.6
72 193.7 315.8
472.5 17.2 46.5 -15.5 43.7 -7.1
1976.5 -47.8 -476.4 32.6 72.2 -86.4
2942.8 -86.4 -347.7 71.3 186.7 -99.9
71.4 187.7 324.1
472.6 19.5 44.9 -12.7 42.4 -4.5
1988.9 -59 -471.9 24.7 79.7 -88.7
2991.9 -94.6 -359.5 85.4 225.5 -104.6
71 186.5 310.7
472.8 21.2 43.8 -10.7 41.4 -2.7
1995 -59.3 -475.7 20.5 81.1 -88.3
3022.9 -73.5 -405.8 115.4 216.2 -108.9
winner is: 6
