Regression analysis information for: mexican_mismatch_interrogative-total-yn_El-nino-oye-el-rio
number of formants: 3
number of coefficients: 5
57.6 424.7 222.1
462.3 -7.3 -22.2 -57.5 38 43.9
1661.1 -17.6 -138.9 244.5 -35.6 121.8
2346.9 58.8 -41.7 314.7 -117.5 -3.5
51.9 320.4 242.6
467.6 0.8 -13.1 -54 40.5 39.3
1829.8 158.6 47.2 250 -87 59.6
2449.3 83.9 -7.2 321.6 -133 -52
49.8 325.7 282.3
468.5 4.8 -7.4 -53 38.5 37.7
1869.8 171.3 96.5 260.6 -102.5 60.4
2479.4 92.3 36.9 345.3 -143.4 -84.4
47.5 298.4 285.3
468.7 10 -6.7 -54.1 34.9 33.8
1893.3 219.6 122.4 272.8 -149.5 -4.8
2508.6 137 48.5 352.5 -150.5 -122.4
46.5 291.1 279.1
467.4 10 -7.7 -56.9 36 35.8
1906.1 234.8 126.9 316.5 -165.6 -39.9
2544.8 131.9 48.8 370.1 -132 -175.2
46.5 278.7 279.3
466 14.7 -6.9 -55.9 33.9 35.8
1920.2 266 115.2 330 -183 -49.5
2541.6 176.9 6.1 393.9 -150.4 -162.8
45.6 275.3 278.9
465.8 12.9 -4.3 -59.6 35.4 36.7
1934.2 270.1 103.6 319.8 -181.5 -42
2553.5 182.9 -7.8 396.5 -157 -165.4
46.9 275.4 284.1
464.8 13.3 -4.3 -61.2 35.8 39
1945.2 260.8 117.5 278.2 -148.3 -26.6
2606.7 138.2 5.1 342 -110.2 -161
46 262.6 263.8
465 9 -0.5 -64.6 39.4 37
1968.6 262.9 109.8 259.5 -137.6 -23.3
2683.7 121.6 -39.2 257.4 -46.4 -115.8
47.1 249 193.6
463.5 6.6 -1.1 -65.3 41.3 38.9
1997.6 262.4 111.5 226.3 -122.1 -9.8
2765.7 133.6 -110.5 159.2 -1.1 -4.9
47.7 247.7 183.7
462.2 4.7 -0.7 -66.4 42.3 38.5
2012.9 259.2 124.3 220.4 -122.4 -16.6
2783.3 146.1 -135.8 153.5 6.6 26.8
48.2 248.8 188.1
460.8 3.8 -0.6 -66.4 42.3 37.9
2026.9 251.1 124.3 228.5 -120.4 -22.8
2800.7 133.9 -125.6 146.8 20.3 18.1
48.4 250 195.7
458.8 2.5 -0.2 -65.5 42.6 37.5
2030.7 252.9 126.5 246.4 -123.9 -27.6
2807.6 126.9 -127.7 161.9 37.4 13
51.2 242.1 198.6
460.5 -3.2 -1.7 -58 37.3 37.5
2045.8 238.5 140.6 254.5 -128 -44.8
2838.6 79.3 -91.6 133.3 69.3 -17.2
51.5 234.7 202.1
458.9 -5.1 -2 -57.5 38.7 37.2
2064.2 240.7 154.9 248.9 -140 -66.2
2863.8 28.7 -39.8 102.4 111.8 -70.4
60.2 228.4 219.7
465.1 -18.2 -7.7 -43.3 25.9 39.7
2081.3 244.2 163.1 256.1 -151 -82.6
2887.5 -14 -9.2 88.5 146.8 -95.3
66.1 231 228.2
467.6 -24.8 -11.1 -36.9 20.1 41.7
2086 242.2 169.1 273.4 -151.4 -84.6
2897.7 -42.9 2.3 85.4 159.2 -106.3
67.2 273.2 235.3
467.2 -26.4 -12.5 -36.9 19.8 42.4
2057.8 170.9 125.7 269.6 -131.1 -33.8
2909.7 -74 -8.1 48.3 160.3 -104.9
73.2 307.4 236.4
470.4 -31.6 -15.5 -30.7 13.9 44.1
2043.7 120.6 92 272.3 -124.9 2.7
2903.9 -104.4 -38.8 43.7 159.5 -83.2
79.1 313.3 231
474.2 -35.9 -18.8 -24 7.9 44.3
2047.5 102.6 70.2 270.4 -141.7 -1.7
2899.1 -122.2 -89.1 36.9 132 -77
winner is: 11
