Regression analysis information for: mexican_match_interrogative-partial-wh_Por-que-abre-el-regalo
number of formants: 3
number of coefficients: 5
93.6 233.4 277.8
502 20.2 -27.2 -17.9 -81.8 63
1542.2 70.9 -197.4 79.6 -110.2 -195
2113.4 -37.9 -119.7 82.9 99.9 -176.5
97.7 190.2 333.9
511.1 29 -18.3 -26.6 -95.5 45.3
1605.4 -40.1 -120.1 24.9 -117.4 -151.2
2192 -124.2 -70.8 48.9 46.9 -142.3
97.2 166.3 321.1
513.6 28.1 -10.3 -25.8 -93.7 43.6
1617.1 -10.4 -65.1 7.8 -77.7 -107.8
2240.9 -57.9 -9 33.7 89.3 -118.8
100.2 144.7 289.9
516.8 34 -9.4 -28.4 -99.7 40.8
1653.9 -13.2 -70.1 22.5 -101.1 -98.8
2312.2 -31.7 13.8 54.9 92.5 -61.9
100.5 129.4 255.9
517.2 35.8 -8.9 -27.5 -102 41.2
1687.4 -5.7 -74.6 22.4 -132.4 -107.1
2386.1 -57.3 8.9 85.4 37.3 -30.8
97.2 131.3 216.9
512.9 29.1 -12.6 -26.7 -98.9 47.9
1703.1 -0.8 -79.5 11.8 -165 -121.9
2438.8 -72.6 -38 82.8 -42.8 -37.9
97.9 123.4 197.4
513.2 30.1 -12.9 -27.1 -100.3 47.2
1721.6 2.5 -79.2 17.5 -189.8 -138.6
2499.9 -53 -53.3 88 -126.4 -65.6
104.8 117 185.5
518.9 41 -8.3 -28.9 -108.4 35.2
1736.4 1.1 -62.1 0.6 -191.3 -157.9
2527.2 -36.2 -32.2 79.1 -125.9 -74.6
108.1 115.7 187.7
520.5 46.3 -7 -29.7 -112.1 30
1737.2 -0.3 -61 -2.4 -188.9 -162.3
2541 -31.7 -29 64.1 -130.4 -87.5
107.8 122.8 188.5
518.9 47.9 -8.3 -29.1 -112.6 29.9
1734.2 18.8 -69.7 6.1 -197.1 -166
2546.6 -18.3 -30.6 61.3 -124.4 -96.8
108.6 140.6 190.6
518.2 51.1 -8.8 -28.5 -114.4 28.7
1722.8 46.8 -93.8 25.9 -212.1 -156.1
2541.2 -3.1 -44.7 69.3 -122.5 -94.7
109.9 147 192.9
518.6 53.6 -8.7 -28.5 -116 27.5
1723.9 51.8 -99.2 25.7 -210.5 -159
2539.8 10.7 -61.5 76.1 -127.5 -84.6
109.9 142.9 191.1
518.1 54.3 -9.7 -27.5 -116.2 29.3
1736.7 42.9 -88 16.1 -196.2 -169.5
2557.2 14.1 -55.6 74.4 -120.4 -82.8
104.8 139.4 197.6
516.1 48.1 -10.5 -27.2 -110.4 36
1755.4 21.9 -72.2 -2.8 -178.2 -185.6
2591.8 -3.8 -36.9 50.2 -103.5 -94.1
107 134.2 197.8
519.9 45.4 -16.9 -23.6 -104.3 32.5
1778.9 4.8 -58 -15.1 -158.2 -203.8
2641.9 -29.6 -1.8 21 -76.6 -120
111.1 136.1 200.3
525.3 45.4 -23.4 -20 -99.9 26.6
1796.2 -8.1 -58 -20.3 -144 -212
2678.2 -54.1 9 7.9 -66.5 -116.1
115 140.3 206
527.5 50.8 -23.9 -18.5 -103.5 25.6
1809.4 -13 -60.6 -20.1 -133.5 -214
2708.3 -61.7 20.2 2.5 -62 -117.6
134.4 155 211.5
546.6 36.7 4.4 -44.4 -87.4 -7
1835.5 0.9 -54.5 -24.5 -138.1 -239.3
2753.6 -93 65 -33.9 -29.6 -159.2
141.8 182.6 234.5
555 34.2 15.6 -54.7 -83.5 -21.3
1868.9 -11.6 -35.2 -46.2 -113 -278.9
2803.3 -134.6 122.5 -79 16.2 -214.9
151.3 193.5 255.6
564.1 28.8 5.2 -49 -70.5 -35.3
1887.2 -16.4 -53.9 -40.2 -92.3 -289.6
2849.8 -161.1 155.7 -108.8 46.7 -268
winner is: 8
