Regression analysis information for: mexican_mismatch_declarative-narrow-focus_La-maestra-vive-en-Paris
number of formants: 3
number of coefficients: 5
96.9 248.4 240.7
474.4 50.4 2 -25.1 -15.1 30.5
1671.7 -38.9 -1.9 -98.7 170.3 -9.7
2226.3 -98.4 38 -24 200.4 -14.6
95.2 227.1 250.3
474.6 47.6 0.7 -23.8 -17.4 30.3
1698.8 -85.1 -14.9 -100.2 160.8 -13
2271.8 -140 1.6 -43.2 207.7 -16.1
94.3 206.1 264.1
476.9 46.1 1 -27.8 -18.8 29.8
1734.6 -98.1 -0.6 -140.9 160.2 -17.1
2334.4 -136.9 -30.1 -79.9 198.3 -3.4
91.6 198.8 270.7
475.4 49.5 -3 -24.2 -23.7 33.8
1746.2 -123.4 16.5 -115.3 175.9 -14.6
2370.5 -147.5 -24.8 -74.3 201.9 12.7
85.4 190.1 250.6
471.2 59.9 -13.1 -15.6 -34.4 44.6
1760.7 -127.8 28.3 -117.5 176.3 -25.1
2401.5 -147.9 12.7 -49.3 198.9 27.5
86 181.7 233.7
471.4 60.2 -11.8 -18 -33.5 44.2
1779.1 -110.2 30.6 -154.2 175.7 -19.5
2455.6 -111.4 82.7 -30.1 204.7 73
87.1 167.5 223.3
471.5 61.6 -11.4 -19.3 -34.7 45.4
1799.8 -105.3 24.8 -175.6 148.3 -7.2
2488.2 -92.2 107.2 -34.4 165.1 91.9
87.5 152.6 208.4
470.6 63.4 -12.2 -19.1 -35.5 46.1
1820.7 -110.8 -1.8 -162.9 136.3 -10.6
2527.4 -64.3 85.3 -67.9 127.3 79.3
92.7 151.2 193
472.7 58.7 -6.9 -24.5 -29.9 41.1
1825.7 -109 -0.6 -181.3 139.7 -10.4
2571.7 -8.9 99.3 -113.6 98.9 52.1
103 145.9 185.8
476.4 48.7 2.1 -32 -20.9 33.1
1838.5 -129.1 7.7 -187.5 142.5 -12.6
2636.2 33.1 109.3 -152.7 87.2 14.3
147.2 133.4 188.4
508.1 -17.7 68.1 -95.3 43.2 -29.6
1871 -187.7 43.7 -206.6 167.1 -58.5
2709.1 5.2 147.8 -241.1 126.2 -58.3
154.8 133 186.9
512.8 -27.3 77.6 -104.5 52.9 -39.4
1879.6 -197.6 42.7 -196.1 164.7 -69.6
2726 6.6 135.5 -253.3 142.1 -63.1
155.6 128.8 191.8
513.7 -28.2 78.4 -105.5 54.3 -40.5
1889.8 -210.4 49.9 -193.8 166.6 -77.6
2738.1 -7.4 139.6 -256.8 160.6 -65.2
161.4 125 182.3
519.6 -39.1 89 -115.2 63.5 -49.1
1899.3 -212.3 55 -195.3 167.6 -79.8
2766.3 -14.7 139.9 -285.3 170.6 -54.1
168.6 123.2 184.2
525.2 -49.2 99.1 -125 73.8 -58.5
1900.6 -200.9 56.4 -198.9 177.7 -90.5
2774.1 0.2 138.4 -284.8 184.3 -62.3
180 118.8 175.1
541.8 -80.8 130.5 -155.6 104.1 -87.2
1911.6 -215.8 86 -227.7 203.4 -101
2805.3 2.6 192.2 -301 204.7 -96.8
182.2 113.6 179.2
550.9 -95.9 146.5 -170.5 117.9 -100.2
1913.6 -208.2 80.7 -222.3 195.2 -88.7
2830.6 -1.1 226.9 -331.6 222.1 -115.3
187.9 112.8 192.5
557.9 -108 155.2 -176.6 121.9 -104.3
1926.7 -223 92.1 -234.8 200.4 -91.9
2853.5 -14.2 242.9 -350.8 219.7 -117.2
196.5 116.1 215
566.1 -119.5 158.9 -172.4 115 -101.5
1942 -234.2 100.3 -238.7 199.6 -91.7
2891.6 -39.3 260.8 -352.9 201 -111
198.7 129.4 234.5
567 -121.8 160.4 -173.9 116.5 -102.2
1952.6 -243.5 111 -258.5 210.4 -98.7
2923.6 -101.5 279.1 -393.5 206 -99.3
winner is: 10
