Regression analysis information for: peruvian_match_interrogative-total-yn_Marta-abre-el-regalo
number of formants: 3
number of coefficients: 5
85 128.7 147.8
553.5 74.4 11.9 -62.7 -85.8 22
1417.1 -41.8 -176.1 124.9 -111.7 -43.8
2318 41.7 -27.2 26.2 -48.2 -29
84.5 130.1 84.9
553.4 73 14.2 -62.7 -81.9 19
1428.5 -55.5 -170.9 137.9 -106.4 -52.1
2385.5 -26.9 30.9 -27.4 -0.7 -33.8
82.7 136.4 78.8
558.3 82.6 25.5 -52.6 -72.7 26.2
1445.8 -39.9 -151.7 169.8 -87.1 -35.8
2406.2 -17.1 36.5 -25.6 -4.7 -41.5
80.8 147.1 78.3
563.4 95.9 34 -39.6 -64.1 38.6
1460.7 -13.6 -135.1 198.3 -69.1 -9.9
2418.2 -10.4 39.6 -34.1 -7.6 -43.9
78.3 144.6 76.4
564.1 116.4 35.2 -21.2 -58.4 55.3
1470.4 3.5 -134.3 212.8 -61.4 0.7
2425.4 -9.6 43.3 -32.6 -2.1 -38.1
76.4 140.2 72
564.8 120.8 32.1 -19.8 -63 56
1476.6 12.6 -145.9 214.5 -68.9 -0.6
2429.8 16 36.6 -33.1 -7.9 -51.8
77.3 141.1 72.8
566.5 123.2 33.1 -18.8 -64.6 57.9
1485.3 13.8 -148.2 211.6 -75.7 -1.1
2437.5 15.5 40.2 -28.3 -8.4 -40.3
79.8 145.7 80.6
568.7 126.2 35.2 -16.3 -66.5 59.2
1495.6 13.7 -147.8 215.5 -83.5 1.8
2449.4 12.4 46.2 -23.6 -18.8 -28.6
84 150 85.9
573 129.5 34.3 -9.8 -65.2 56.8
1507.4 7 -147.7 229.2 -82.1 3.3
2460.5 10.2 49.3 -19.7 -17.5 -35.8
89.6 154.6 90.2
579.6 133.5 33.5 -3.7 -62.3 53.5
1523.5 5.4 -150 245.7 -78.9 6.8
2472.1 5.7 50.2 -18.6 -14.3 -45.5
97.1 164.9 101.9
588 139.3 32.9 2.1 -59.4 49.3
1547 17.4 -146.1 270 -69.8 15.4
2492.2 14.3 64.6 -10.3 -0.1 -49.7
102.8 174.2 113.3
593.1 143.6 34.5 3.5 -57.8 46.7
1563.8 19.2 -159.3 281.6 -62.3 7.3
2510.3 13.9 84.4 -13.8 16.9 -61.2
113.9 207.3 154.2
608.3 138.9 46 0 -42.3 35.9
1614.7 -21.7 -132 264.3 -0.7 -38.5
2560.2 -3.1 129.6 -21.1 84.5 -94
125.2 232.5 173.9
621.9 128.4 55.3 -10.3 -28.3 22.8
1653.8 -71.6 -96.9 225.3 41.6 -91.2
2591 -36.1 153.5 -50.3 123.1 -137.1
130.3 256 201.2
637.8 124.2 60.5 -29.8 -20.9 15.2
1696.4 -86.7 -87.1 193.2 59.2 -125.5
2631.1 -31.3 160.3 -71.6 151.5 -150.1
149.9 288.2 272.8
682 87.6 61.3 -44.5 -20.7 20.8
1772.8 -130.1 -43.5 161 91.3 -139
2726.7 -56.1 168.7 -90.7 188.3 -164
154.8 271.9 314.1
716.1 52.2 80.9 -63.6 -27.2 33.6
1873.4 -237 45.5 73.4 124.2 -119.8
2818.8 -93.2 219.2 -119 206.4 -144.9
167.7 276.6 374.4
742.5 33.4 48.6 -75.6 -30.7 51.6
1923.2 -258.6 8.6 57 110.4 -109.2
2884.4 -86.7 139 -122.2 199.9 -164
181.8 300.3 416.7
775.6 22.8 55.3 -67.2 -50 94.2
1991.5 -254.9 6.2 55.9 89.1 -32.6
2957.3 -63.1 101.2 -169.5 177.5 -97.9
204.9 295.5 451.8
821.7 18 51.2 -33.4 -70.5 105.6
2100.1 -233.9 -29.7 -3.6 55 30.3
3076.2 -35.1 42.9 -224.1 157.1 -43.1
winner is: 6
