Regression analysis information for: peruvian_mismatch_declarative-narrow-focus_Mi-novio-viene-del-lago
number of formants: 3
number of coefficients: 5
85 248.6 165.7
481.1 -126.6 63.7 9.7 -56.3 19.2
1564 199.7 -262.4 124.2 142.2 166.2
2464.6 173.2 -109.5 111.6 70.4 30.3
79.9 225.1 149.7
481.4 -126.2 72.2 7.7 -51.5 17
1588.7 244.7 -207.9 134.1 171.7 183.7
2485 115.8 -18.4 36 93.2 61.7
76.9 205.1 147.8
481.4 -123.2 75.6 10.7 -52.8 18.2
1602.1 285 -168.4 162.4 184.5 203.7
2486.7 103.6 27.6 15.1 75.1 114
76.4 202.5 140.2
480.5 -118.9 75.8 15.5 -57.4 20.9
1612.2 299.8 -161.4 180.1 184.5 200.4
2497.9 107.2 32.5 18.1 72 104.1
77.5 203.7 122.6
480 -118 76.2 17.4 -60.5 20.3
1623.9 307.2 -158.9 192.2 185 192.3
2535.6 95.5 10.5 39.5 100 54
78.2 199.5 111
475.5 -113.9 67 22.1 -69.2 21.7
1634 329.8 -167.1 215.4 175.1 199.1
2559.8 94.5 -20.7 72.5 107.4 22.4
80.1 211.2 113.8
470.8 -118.2 60.7 14.8 -66.8 8.9
1652 318.2 -167.8 208.6 191.8 190.5
2582.2 97.5 -6.8 83.7 119.4 -2.5
83.5 233.2 123.6
470.9 -126 58.9 8.9 -68.3 3.4
1635 249 -209 171.2 178.3 178.8
2592.7 91.9 -3.4 77.5 123.5 -10.1
86.1 247 127.9
472.7 -130.8 59.1 5.2 -69.4 -0.7
1629.6 194.1 -239.7 136.6 162.8 152.4
2593.7 56.5 -6.5 52.4 125.9 -30.8
86.7 252.9 132.8
476 -133.1 61.5 3.8 -69.6 -3.1
1646.3 187.2 -237.6 141.2 172.3 146.5
2607.6 57 3.9 54.1 135 -38.7
88.2 269.9 144
479.3 -136.5 64.4 2.7 -69.3 -4.5
1684.3 189.8 -197.7 153.4 198.8 119
2629.5 61.7 30.5 56.3 150.2 -54.4
88.5 276.7 148.2
481.9 -139.3 66.1 2.2 -68.1 -5.5
1721.9 218.5 -167.7 188.2 210.9 104.1
2649.8 75 53.3 67.3 162.6 -60.7
90.3 284.5 151.5
487.3 -142.4 70.7 2 -69.2 -5.1
1746.7 222.5 -158.8 212.7 201.5 106.9
2663.8 71.9 61 66.1 167.1 -61.8
95.1 298.4 163.8
491.6 -145.4 75.8 0.2 -69.3 -5.2
1771.2 216 -139.1 210.9 198.2 110.2
2684.2 47.4 81 52.5 170.1 -57.1
99 334.5 207.8
512.9 -179.1 97.3 -3.3 -88.8 24.7
1828 143.4 -80.9 173.2 200.6 130.1
2737.7 -35.9 144.1 19.4 165.8 -24.6
102.5 355.5 226.1
526 -193.9 112.4 -12.3 -95.1 27.5
1877.9 87.9 -12.7 132.1 251.5 158.9
2792 -62.8 222.4 5.4 210.3 -4.7
117.2 277 267.4
555.5 -175.7 137.4 -30 -114.7 -0.4
2072.5 236.2 114.3 -21.9 105.8 -49.5
2912 42.8 306 -53.8 161.3 -70.1
126.7 238.7 256.4
572.2 -167.4 132.7 -55.5 -135.6 -4.1
2123.7 247.5 98 -62.6 89.6 -70.5
2952.8 108.7 276.1 -89.4 120.1 -81.4
131.4 215.3 283.8
587.8 -195.2 128.8 -56.9 -157.6 20.6
2196.7 182.1 92.6 -58.9 37.1 -15
3039.9 61 247.5 -125 58 17.5
159.1 229.5 318.6
611.7 -217.5 86.5 -28.7 -140.3 -1
2238.6 133.1 59.4 -3.2 29.1 -8.9
3080.9 2.3 206.9 -103.3 100.3 15
winner is: 6
