Regression analysis information for: peruvian_mismatch_interrogative-total-yn_El-nino-oye-el-rio
number of formants: 3
number of coefficients: 5
53.9 358.1 161.1
415.4 -43.1 7.7 -49 41.5 13.5
1580 118.8 -13.1 327.2 20.6 8.3
2535.7 114.3 -36.8 -2.3 -46 -75.1
50.8 347.5 152.9
417.9 -34.5 11.1 -47.4 37.6 6.9
1632.6 206.3 10.4 319.5 -6.4 -43.9
2556.9 137.9 -16 24.7 -51.3 -47.8
49.9 319.4 133.9
420.3 -30 13.8 -48.3 34 1.3
1668.2 261.5 22.3 295.9 -62.2 -98
2572.6 140.9 -6.7 16.2 -22.4 -48
49 311.9 115.1
423 -28.7 15.1 -50.2 33 -1.3
1712.8 278.5 23.5 283.6 -115.7 -115.7
2604.3 114.8 17.7 5.9 12.9 -47.8
49.2 326.6 121.3
425 -29.8 16.3 -53 32.2 -2.7
1756.1 268.5 21.9 291.2 -169.8 -105.2
2638.7 96.5 37.8 15.2 8.4 -23.7
49.5 324.6 129.8
426.5 -31.8 16.6 -56.2 31.3 -2.9
1781.3 283.7 32.1 285.7 -191.9 -124.7
2670.5 84 48.2 29.6 -7.4 -0.9
51.8 367 139.5
423.7 -39.8 14.5 -55.8 37 3.5
1762.6 241.1 36.5 330.5 -136.3 -100.2
2696.6 86.4 53 37.5 -12.9 -1.1
52.7 380 158.1
419.4 -48.8 10.9 -55 44.1 13.2
1753.7 211.3 19.9 334.1 -128.5 -98.1
2715.8 87.2 44.7 20.6 -34.4 -18.5
54.7 384.1 154.9
417.2 -52.8 9 -56.3 49.7 21.1
1743 183.5 22.5 389.5 -67.5 -53.4
2733.8 100.6 49.9 26.5 -28.1 -21.2
56 362.4 123.5
415.4 -58.8 8.8 -53.1 52.4 23
1700 102.2 -13.9 418.4 -0.2 27.8
2713.5 59.5 63 63.5 0.7 23.2
56.1 374.9 138.5
417 -58.3 12 -52 51.7 18.3
1744.4 175.6 21.8 421.3 -48.7 -51.1
2738.9 98 93.6 62.2 -13.1 -25.1
67.8 326.4 164.2
432.8 -64.6 1.5 -42 47.4 -3.4
1869.3 307 31.6 301.9 -231.4 -226.8
2821.5 138.4 66.5 33.6 -56.7 -94.5
76.5 326 176.3
440.9 -67.7 1.3 -44.6 45.1 -10.7
1900.2 301.3 26.9 283.6 -236.4 -241.8
2860.2 115.5 55.1 31.6 -54 -91.8
98.5 319.8 192.7
456.5 -80.6 -9 -31.6 29.2 -8.4
1937.5 303.6 -6.7 276.5 -265.9 -226.7
2912 85 34.1 36.7 -70.9 -90.1
124.6 323.7 216
477.4 -107.4 -18.9 -16.8 25.1 -11.1
2036.2 265.5 -31.4 152.7 -241.2 -179.2
2979.2 56.2 24 -33.6 -56.6 -58.2
128.2 301.4 231.9
484.2 -111.1 -24.1 -33.3 33.3 0.4
2123.6 228.4 -49.8 44.8 -196.3 -126.1
3030.3 25.9 16.1 -47.2 -50 -48.6
143.4 276.2 259
494.6 -129.9 -29.8 -31.4 36.8 -9.2
2198.4 105.4 35.5 15.1 -164.5 -112.1
3084.9 -27.9 22.2 -30.6 -40.9 -56.5
167.6 267.9 282.7
509 -141.5 -35.4 -8.3 32.9 -18.1
2245 75.4 42 32.4 -144.7 -113.5
3138.9 -72 33.8 7.3 -19.6 -86
217.1 273.9 304.9
541.7 -130.5 -24 47.6 61.3 -19.3
2302.9 40.8 63.7 37.7 -96.8 -129
3202.7 -119.5 63.7 55.5 37.4 -131.5
254.4 302.7 348.5
565.7 -69.5 28.8 93.7 111.9 30.4
2326.7 85.5 63.6 70.2 -79 -84.2
3228.1 -78.9 89.8 85.7 82.9 -86.4
winner is: 4
