Regression analysis information for: peruvian_mismatch_interrogative-partial-wh_Cuando-lavaba-el-plato
number of formants: 3
number of coefficients: 5
71.9 112.3 169.2
525.6 -43.9 32.2 -37.6 6.7 109.6
1297.6 -140.9 -133.5 59.7 -143.6 -94.7
2362.1 62.8 -31.4 -48.8 -49 -17.3
72 110 136.4
523.7 -44.9 34.6 -35.2 9.3 103.8
1313.8 -150.1 -137.5 83.2 -129.5 -111.8
2401.7 35.2 -15.3 -44.8 -39.9 -44.1
73.1 110.2 90.5
524.1 -48.9 41.5 -36.1 11.3 101
1328 -165.5 -124.2 96.5 -129.4 -114.8
2453.5 -9.4 -7 -42.5 -51.7 -37.3
74 114.3 87.2
520.1 -44.2 42.9 -35.7 9.8 103.7
1331.2 -171.2 -116.2 93.1 -127.2 -125.7
2472.8 -28.5 2.6 -42.7 -56.3 -45.6
81.3 119 84.8
525.4 -48.3 37.5 -19.7 2.1 98.5
1338 -179.5 -118.7 99.5 -133.7 -140.8
2496.5 -45.4 -5.2 -23.2 -65.4 -70.8
84.1 119 84.6
527 -47.1 41.1 -18.2 2.7 96.8
1333 -184.4 -131.8 95.4 -153.3 -149.1
2503.7 -44.4 -5.2 -22.3 -70.7 -77.8
88.2 122.4 86.5
530.2 -45 39.5 -9.5 -0.6 95
1337.7 -183.1 -130.4 99.4 -158.9 -153.2
2515.5 -42.5 -8.1 -14.7 -74.7 -84.9
89.3 130 86.5
533 -45.7 45.9 -14.1 5 91.5
1346.3 -184.4 -118 94.5 -151.5 -160.9
2526.3 -43.4 3.3 -21.4 -69.7 -92.8
93.4 140.1 92.2
537.1 -47.4 48.9 -10.5 6.8 85.9
1356.9 -193.5 -106.4 92.2 -143.1 -178.5
2540.6 -51.3 10.6 -17.7 -65.7 -108.8
105.5 148.4 99.1
546.4 -60.2 38.9 5.8 -4.2 74.8
1361.7 -185.5 -104.5 109.9 -136.5 -168.5
2551.4 -43.6 -1.6 26.4 -71.7 -97.6
109.2 163.4 133.2
549.2 -68.9 37.8 5.6 -4.7 69.8
1375 -168.7 -80.6 132 -110 -146
2573.1 -26.7 24.2 60.7 -44.5 -78.9
115.4 185.8 189.7
552.3 -75.2 35.8 12.1 -6 69.1
1398.2 -141.6 -43.8 168.7 -71.9 -118.7
2618.8 -7.2 65.3 116.2 -0.6 -71.5
130.6 231.9 235.4
577.1 -58 51.9 13.8 -24.4 39.7
1474.2 -61.6 60.3 195.9 -33 -142.7
2681.1 55.7 137.2 159 36.1 -74.7
136.2 265.5 265.4
598.8 -25.7 71.9 7.3 -37.2 10.4
1541.8 -27.4 137.4 198.2 -14.9 -199.8
2744.8 90.6 193.2 188.7 60.1 -105.5
141 281.9 268
621.5 -4.1 72.4 -4 -49.8 -8.4
1578.6 -9.6 173.7 193.2 -18.1 -232.7
2782.1 91.9 196.8 186.4 54.1 -117.3
153.6 369.8 354.8
657.1 21.2 58.7 -25.6 -81.3 -25.1
1703.7 65.1 116.8 118.4 -14.1 -222.8
2898.9 143.7 116.2 148.7 72.4 -112.6
167.5 358.9 383.1
707.9 27.2 59.3 -46.3 -68.7 -15.1
1925.7 126.2 47.1 -17.4 152.2 -84.4
3099.4 159.1 70.5 66.3 182.6 -41.2
175.7 325.1 355
733 24.3 43.8 -45.8 -74.7 -5.4
2010.4 137.1 38.5 -22.7 162.5 -63.5
3173.1 154.5 32.4 89.2 196.1 -26.8
170.2 303 335.5
740.4 29.8 45 -65.3 -79.5 -1.5
2054.1 158.1 9.9 -81.4 115.4 -51.8
3228.9 162.2 -0.1 35.5 170 -24.2
178 263.5 331.4
733.6 22.5 46.2 -76.8 -68.9 8.2
2102.5 149 10.5 -158.8 113.9 -62.3
3305.2 163.3 12.7 -8.8 157.1 -73.6
winner is: 3
