Regression analysis information for: peruvian_match_interrogative-partial-wh_Cuando-vendia-el-carro
number of formants: 3
number of coefficients: 5
89.7 174 131.1
478.8 -53.2 82.4 54.3 -44 60
1461.9 5.7 -451.9 41.8 102.8 -56.9
2364.4 147.7 -108.8 -119 18.5 -69.5
94.1 150.9 112.2
483.5 -59.9 66.2 70.9 -54.2 60.5
1484.5 5.8 -481.8 24.2 105.9 -32
2399.3 136.5 -128.8 -131.1 19.6 -67.5
100.9 152.4 105.3
493.8 -66.5 59.3 79.6 -59.9 51.7
1522.4 0.1 -521.8 -2.2 138 -6.6
2437.7 143.2 -166.3 -114.4 22.1 -68.6
108.7 151.2 103.3
503 -71.5 46.6 95.9 -62.9 43.2
1530.1 9.3 -542.3 1.8 140.2 3.4
2466.3 143.2 -195.7 -121.1 44.7 -61.9
112 146.3 98.6
505.4 -74.1 39 108.8 -64.2 44.4
1534.9 8.9 -551.8 2.8 138.6 12.9
2472.3 153.4 -215.7 -118.1 44.1 -42.3
113.3 149.1 94.3
506.6 -72 43.9 112 -65.8 44.3
1544.3 3.5 -558.6 1.1 127.4 9.2
2488.8 143.4 -205.2 -133 53.2 -57.4
112.4 161.4 122.7
511.2 -63.1 54 102.8 -64.2 36.3
1563.2 -9.2 -553.8 -1.8 112.7 -8.3
2518.4 127.5 -208 -96.3 28.1 -98.3
109.9 182.4 132.4
509.4 -55.4 69.6 98.8 -61.3 30.6
1560.4 -9.1 -521.3 11.6 109 -35.1
2519.5 130.8 -185.4 -93.5 23.3 -115.1
108.4 197.1 129.9
509.4 -50.7 79.6 108.6 -62 24
1555.8 -8.4 -503.8 38.2 103.2 -54.2
2525.5 132.8 -172.7 -89.7 14.5 -122.1
118 200.5 156.6
518.5 -70.3 73.2 126.7 -65.5 23.9
1561.7 -38.3 -502.9 65.8 111 -42.8
2554.5 121.2 -169.8 -48.7 19.7 -113.3
128 203.5 177.1
529.9 -80.6 67.3 139.4 -78.4 17.6
1584.4 -20.7 -511.8 101.5 103 -10.8
2587.3 131.9 -178 -19.9 20.1 -93
133.6 205.3 211.3
543.4 -91.4 59.9 157.1 -87.5 21.8
1641.1 23.4 -512.1 115.7 130.6 68.9
2629 155.8 -171.9 13.4 46.5 -67.8
147.1 220.7 241
559 -108.3 53.1 166.1 -105.3 16.7
1694.8 11.4 -510.1 114.4 121 95.7
2687.6 166.7 -185.4 43.9 58 -63.8
159.3 242.3 292.1
575.5 -110.5 46.8 174.1 -133 10.2
1757.1 27.4 -496.1 131 115 121.3
2762.2 167.7 -179 81.7 81.4 -82.9
172.1 304.4 339.1
630.1 -58 87.9 194 -145.4 -27.1
1873.2 106.2 -395.3 144.4 100 90.3
2855.3 221.8 -136.8 103.8 79.9 -114
169 286.7 357.9
660.5 -37.2 105.5 187.3 -175.9 -52.7
1980.3 250.4 -371 59.7 -65.2 -27.3
2927.4 291 -134.2 93.1 32.5 -158.9
173.2 241.8 335.9
679.1 -12.6 133.6 184.5 -181.7 -66
2027.5 312.6 -310.5 115.6 -47.8 -25.8
2981.9 366.5 -102.5 126.7 39.7 -163.9
201.9 249.5 366.6
704.9 2.6 118.2 161.2 -175.4 -58.8
2062.6 348.3 -286.1 108.4 -27.4 -48.3
3034.4 378.8 -90.9 112.4 81.9 -173.4
239.4 288.6 422.8
722.9 -18.6 82.7 171 -159 -90.4
2100.5 278 -252.1 51.5 34.9 -96.8
3102 298.4 -47.7 41.1 152.5 -236.6
295.5 296.6 445.2
746.6 -97.9 6.5 182.5 -117.3 -109.7
2165 121 -195.7 -66.5 150.6 -174.6
3203.7 147.3 44.8 -73 291.4 -364.3
winner is: 6
