Regression analysis information for: peruvian_mismatch_declarative-narrow-focus_El-hombre-mira-la-luna
number of formants: 3
number of coefficients: 5
66.4 187.9 131.8
435.4 -43.7 -8.2 20.3 50.9 -80.6
1540.1 88.2 -128.5 -33 318.2 187.4
2453.2 50.6 -96.7 30.3 91.2 39.8
66.5 188.8 119.7
431.7 -43.3 -7.2 21 50.7 -81.1
1540.4 91.7 -133.9 -28.1 309.5 190.3
2480.1 39.4 -92.8 34.9 81.1 57.3
67.4 184.8 119.6
429.3 -43.5 -4.6 19.4 53.4 -81.5
1549.9 100.3 -148.1 -44.3 318.1 204.3
2497.6 29 -72.4 7.7 107.7 42.1
70.6 199.9 117.4
434.8 -33.2 1.7 12.4 44.9 -95.8
1573.1 126.5 -136.8 -62.4 292.2 170.9
2527.7 26.5 -47.9 -3.3 99.9 25.9
72.4 204.5 110.6
441.3 -24.5 7.8 6.3 35.8 -109.2
1596.2 136.2 -122.7 -70.5 266.5 152.3
2561.6 12.9 -23.8 -0.3 75.7 27.7
72.1 200.8 96.5
447.4 -16.4 13 -0.8 27.3 -120.5
1599.8 134.1 -117.3 -73.5 268.5 155
2563.1 -3 -13.6 8.9 91 46.5
72.4 203.4 94.5
448.8 -15 16.4 -1.7 26.1 -123.1
1612.6 146.4 -105.6 -90 264.6 143.4
2575.5 -1.4 -3.9 5.8 97.8 54
73.1 207.3 95.7
451.9 -13.2 20.1 -1.6 22.2 -127.1
1622.6 148.9 -98.1 -95.1 266.1 142.4
2588.1 -0.1 6.1 5.5 95.7 52.6
74.2 215.8 104.7
456.3 -8 23.9 -2.7 16.1 -135.4
1648.3 166.8 -81 -95.5 239.1 120.2
2605.5 6.4 17.4 6.7 85 41.4
74.7 225.6 103.6
459.2 -7.1 27.5 -0.6 13.6 -139.8
1675.3 159.3 -52.4 -92.6 223.1 107.7
2615.5 5.5 23.7 11.7 92.8 36.6
76.1 206 108.3
443.9 -33 21.1 16.8 44.3 -110.7
1646.2 69.1 -63.3 -37.9 293 205
2621.8 -3.6 23.6 26.4 102.2 43.1
75.2 218.4 121.6
450.9 -26.9 21.1 12.3 32.8 -122.7
1685.7 95.8 -46.6 -44.9 262.8 159.2
2645.6 11.4 31.1 24.3 96.6 17.1
81.2 252 158.5
469.7 -15.7 27.5 -5.6 11.6 -145.2
1754.8 113.8 -36.4 -68.5 190.2 128.9
2689.4 32.4 40.8 5.5 66.7 -9.4
88.3 281.6 178.5
484.1 -26 34.3 -6.1 5.8 -155.6
1821.6 113.7 -46.7 -86.4 137.9 109.9
2728 24 50.4 -2 55.2 -7.8
107.4 295.1 214.8
509 -41.9 37.2 9.5 -18.9 -165.4
1905.3 156.8 -41.3 -104.2 59.6 57.4
2787.6 45.3 61.5 -7.8 14 -30.4
132.7 267.8 223.9
535.6 -35.5 47.3 -12.5 -37.4 -175.7
1989.3 228.9 -14 -127.9 -1.6 22.8
2867.3 123.4 61.5 -55.8 -39.1 -31.9
155.4 232.4 209.8
552.1 -16.4 53.5 -36.4 -52.3 -174.6
2019.3 273.8 25.6 -140 -14.3 30.2
2908.1 182.9 80.8 -99.6 -49.4 -30.6
193.2 237.8 234.4
587.5 -54.1 85.3 -80.5 -48.5 -191.4
2076.7 219.6 61.8 -140.4 -15 36.6
2952.6 194.2 82.3 -100.6 -85.9 -32.4
228.4 258.6 272.6
631.7 -73.7 140 -64.7 29.5 -200.1
2140.1 157 66.6 -101.3 26.4 33.7
3009.5 193.6 110.8 -58 -49.2 -43.7
249.6 270.2 303.3
659.5 -97.4 156.4 -60.1 70.7 -212.7
2192.6 97.3 63.9 -50.5 58.6 32.4
3047.2 171.2 132.3 -13.8 -19 -27.9
winner is: 6
