Regression analysis information for: peruvian_match_declarative-broad-focus_David-leia-el-libro
number of formants: 3
number of coefficients: 5
68.7 263.9 139.5
387.1 -16.2 46.1 11.9 59.7 -78.4
1669 -167.1 -387.7 145.6 76.9 17.9
2472.1 -44.2 -166.8 6.2 47.9 -13.7
69.2 221.6 141.9
385.6 -13.6 45.5 13.7 55.5 -75.4
1737.6 -140.8 -408.1 170.6 20.2 36.2
2520.3 -2.3 -168 34.2 84.9 -11.5
70.2 229.3 160.6
385 -10 43.6 16.2 51 -73.6
1812.6 -96.4 -432.8 139.3 -102.9 23.5
2573.8 18.1 -170.7 36.1 34.5 -10.6
71.1 219 165.2
383.9 -6.3 42 17.4 48 -72.5
1840.1 -68.2 -469 91.6 -148 16.9
2591 17.6 -185.2 24.2 1.8 -22.9
73.2 216.2 162.2
387.4 4.1 49.4 25.4 52.5 -66.8
1875.6 -10.4 -457.4 87.4 -165.3 25.6
2618.4 57.4 -159.9 25.8 -8.9 -15.8
74.7 188.3 156.4
386.9 6.3 51.9 27.8 53.3 -66.6
1912.5 33.3 -476.9 33.4 -203.4 49.3
2646.4 91.5 -154.8 19.9 -8.6 -3
73.9 183.9 158.5
387 7 53.7 28.6 55.5 -65.3
1925 52.4 -461.1 32 -202.7 49.5
2651.6 96.5 -142.3 21.6 -14.5 -8.1
74.7 176.3 156
387.1 6.2 55.4 28.8 56 -66.9
1932.3 46.9 -469.6 5.2 -211.2 52.6
2660.8 98.3 -145.5 10.5 -13.3 -5
74.8 174.8 155.9
387.5 4.1 57.3 28.1 58.1 -67.7
1941.4 40.1 -465.6 -1.6 -211.4 53.9
2672.3 95.4 -147.2 0.7 -9.6 -4.8
79.2 177.9 162.5
393.2 8.3 58.4 23.9 62.2 -61.1
1948.6 29.3 -469.4 -5.8 -214.5 56.2
2687.1 90.5 -146 -9.2 -0.9 -1.1
86.9 190.2 170.9
401.3 7 57.1 22.7 61.9 -56.8
1986.3 13.8 -432.1 -14.7 -180.2 62.6
2710.5 82.8 -137.2 -15.4 9.7 6.2
87.3 195.9 173.6
400.1 -1 55 15.8 60.3 -63.3
2009.6 -3.6 -425.2 -20.6 -179.8 67.5
2720.4 70.2 -142.6 -17.7 11.7 6.1
103.8 211.1 189.8
414.7 6.2 55.4 13.4 62.5 -51.7
2047.2 -15 -410.4 -37.2 -169.6 79.9
2760.2 62.8 -139.3 -27.4 16.3 8.3
123.8 224.1 215.4
429.5 14.6 56.7 11.8 65.5 -40
2088.7 -32.3 -391.7 -68.5 -151.5 87.1
2810.1 48.8 -144.5 -22.8 7.9 14.2
146.5 235.2 234.7
444.3 11.8 56.2 5.1 62.6 -25.3
2141.2 -61.1 -345.1 -93.9 -122.8 108.8
2885.1 8.1 -124 -49.3 7.1 48.2
167.9 217.3 247.9
459.7 12.2 62.8 12.6 54.4 -29.4
2192.5 -138.8 -281.8 -159.6 -90.1 59.6
2951.3 -27.6 -116.8 -77.3 6.3 35
191.8 199.8 256.7
475.6 20.8 80.9 18 45.5 -39.2
2224.3 -109.9 -270.1 -166.1 -122.5 23.9
3004.9 4.3 -142.7 -76.3 -47 17.6
226.3 209.6 304.6
502.8 42.3 99 25.5 41.8 -32.7
2275.9 -74.1 -214.8 -147 -97.4 34.1
3087.7 64.6 -106.8 -50.7 -38 54.4
268.8 216.2 322.5
529.5 23.4 106 50.1 26.7 -20.5
2310.2 -61.8 -209 -133.8 -108.8 56.3
3146.4 46.9 -116.8 -50.9 -58.2 77.7
392.8 249.3 379.5
620.7 -48.6 98.5 125.3 -126.5 74.8
2385.9 -20.6 -164.2 -59.4 -119.1 128.6
3263.2 45.3 -93.2 38 -101.2 177
winner is: 9
