Regression analysis information for: peruvian_mismatch_interrogative-total-yn_Mi-novio-viene-del-lago
number of formants: 3
number of coefficients: 5
81.6 234.5 164.5
455.6 -79 4.8 35.6 -50.7 4.3
1505.3 224.1 -339.3 152.1 178.7 165.9
2407.5 134.8 -117.5 53.2 137.1 -7.4
80.9 227 135.4
454.3 -78 8.3 39.3 -50.3 2.7
1520.7 244.2 -323 165 189.9 173.3
2455.9 121.6 -111.2 45.3 135.9 4.4
83.6 231.2 119.1
453.1 -84.9 14.7 36.6 -48 -5.3
1537.8 254.2 -298.8 173 202.1 164
2492.3 86.8 -92.8 48.4 140 19.3
84.4 237 112.6
453.3 -91.5 22.2 32.6 -47.6 -13.7
1552.6 265.1 -278.5 176.2 208.4 146.2
2516.7 73.8 -72.3 46.2 151.6 2.7
84.8 242.5 124
449.4 -100.2 22.5 26.2 -50.2 -19.2
1560.8 267.9 -273.6 177.7 223.7 154.9
2543.7 91 -49.1 44.1 165.4 -13.7
83.8 257.2 126.7
447.2 -100 23.8 24.3 -53.4 -21.9
1555.9 239 -283 154.4 223.9 138.4
2553 72.9 -48.2 20.1 169.1 -33.6
86 268.4 127.4
449.7 -102.5 29 20.5 -55.4 -25.8
1568.5 232.8 -262.7 144.2 234.7 113
2551.8 39.9 -57.4 -7.5 158.7 -59.2
87.4 275.1 132.9
449.3 -91.7 29.7 22.4 -53.9 -31.4
1579.3 254.6 -245.3 155.4 237.4 103.4
2556.1 56.7 -40.1 -4 159.3 -65
94.2 284.5 144.4
454.2 -88.6 33.4 27.2 -59.9 -26.7
1604.7 267.4 -211.3 168.1 240.9 100.6
2580 72.5 1.4 10.1 162.2 -56
96 291.9 151.3
456 -87.3 33.1 27 -63.7 -31.4
1619.7 267.3 -200.7 168.8 250.7 82.2
2601.4 86.4 22.9 18.7 179.5 -62.9
102.3 299.7 150.5
460.5 -84 42.2 31.3 -52.5 -29.8
1633 255.6 -189.8 167.5 273.6 65.1
2614.6 89.1 36.5 22 205.7 -73.4
103.8 319.6 160.1
466.1 -84.1 34.2 22.9 -68.8 -42.4
1656.8 260.6 -193.7 157.1 260.7 40
2636.7 89.7 29.9 12.1 204.3 -99.3
111.5 346.6 181.6
478.3 -98.3 35.4 22.2 -75.6 -50
1705.7 235.4 -164.7 127.1 275.2 5.2
2677.8 70.6 61.6 -3.4 221.9 -110.3
122.5 370.8 213.5
500.2 -121.5 52.6 30.1 -81 -34.2
1759.6 186.1 -132.9 98.4 279.3 12.7
2725.5 28.9 113.9 -31.1 235.9 -89.9
122.4 356.4 233.7
505.7 -124.4 58 22.5 -84.8 -40.9
1816.4 211.7 -70.6 86.9 313.9 35.7
2779.3 47 167.7 -29.2 263.3 -83.8
122.9 355.8 255.3
506.2 -139.5 63.6 14.3 -84.5 -39.3
1877.4 220 -15.3 33 312.6 -2.9
2833.6 46.8 200.2 -73.2 246.9 -118.5
144.5 298.5 295.2
534.3 -123.1 71.9 -4.4 -104.9 -39.3
1986 327.6 -8.7 -52.9 188.6 -77.5
2924 104.7 184.8 -141 169 -132.5
186.1 292.2 311.6
576.2 -133.7 21.5 40.4 -77.4 -76.5
2047.5 329.4 -39.7 -50.1 198.5 -141.6
2987 120.6 151.7 -156.9 205.9 -174.1
221.7 290.3 353.9
622.5 -142.9 -20 83.8 -118.4 -118
2123.6 285.1 -9.4 -70.2 142.9 -132.6
3080.9 81.2 154.1 -162.8 162.4 -163.7
217.4 267.7 373.6
692.1 -234.3 -62.7 166.5 -167.9 -141.8
2226.4 116.4 34.8 -66.9 93.1 -68.8
3168.8 -77.9 132 -183.6 95.6 -161.7
winner is: 3
