Regression analysis information for: peruvian_mismatch_interrogative-partial-wh_Por-que-oia-el-rio
number of formants: 3
number of coefficients: 5
79.5 277.1 158.1
438.4 43.5 34.7 -18.1 6.4 -55.5
1586.9 -166.4 -72.2 24.5 -366 -54.3
2467.5 -98.1 -99.1 31.3 -36 54.5
80 286.7 157.8
440 49.3 38.7 -16.6 11.1 -54.7
1601.4 -139.8 -84.8 16.1 -341.7 -86.5
2496.6 -75.5 -105.7 29.3 -35.5 37
81.2 315.5 164.6
443.3 55 43.5 -14.4 16.2 -53.3
1668.2 -147.1 -154.6 6.3 -270.1 -72.2
2533.3 -67.2 -130.6 24.1 4.8 30.8
82.8 332.5 154.1
446.4 58 46.3 -14.1 19.3 -53.8
1711.5 -172.3 -182.2 -18 -199.2 -85.7
2559.4 -51.1 -142.5 -6.5 24.2 22.1
84.7 347.9 160.7
448.6 57.8 49 -15.7 23.2 -54
1741.1 -159.3 -221.1 -27.3 -156 -55.6
2590.1 -59.2 -136.5 -14.5 38.6 44.6
81.2 344.3 168.2
445 47.8 42.5 -25.7 17.3 -61.3
1746.8 -153.6 -253.5 -34.8 -161.9 -49.2
2615 -76.4 -153.6 -11.4 6 62.7
81.4 349 184.1
442.7 46.2 39.1 -28.5 12.5 -62.2
1752 -161.3 -252.6 -41.7 -163.9 -61.4
2632.6 -97.4 -154.6 -21.9 4.8 57.2
89.7 356.2 194
451.4 62.5 57 -13.8 26.9 -45.9
1772.9 -148.1 -241.9 -27.3 -148.8 -43.6
2657.6 -76.4 -144.4 -7.4 26 70.7
93.5 359.7 215.3
453.5 67.2 61.2 -14.2 22.4 -47.6
1789.1 -129.3 -242 -6.8 -148.6 -28.9
2676.6 -57.1 -153.6 1.4 26.5 73.9
97.6 354.4 213
456.1 70.8 66.8 -12.4 24.6 -45.5
1794.9 -128.2 -244 2.3 -171.5 -29.6
2680.1 -49.1 -135 2.3 5.8 70.8
105.6 364.2 194.8
463.5 73.8 76.8 -0.1 31.4 -41.9
1813.6 -125.5 -223.8 25.4 -158.5 -25.4
2668.4 -40.6 -59 17.8 -38.8 67.2
118.5 383.6 237.5
476.4 81 92 16.1 40.5 -40.8
1849.1 -158 -183.6 16.5 -125.7 -52.4
2721.6 -69.7 -52.8 8 29.8 45.1
122.1 378.9 276.9
485 90.7 109.6 10.1 55.6 -41.3
1907.8 -213.4 -131.6 -30.1 -74.4 -88.9
2812.5 -115 -57.9 -33.5 119.9 24.7
127.1 385.2 297.7
496.1 102.6 121.1 7.5 62.1 -35
1957.9 -190.6 -94.2 1 -44.6 -64.6
2884.9 -116.7 -33.4 -12.5 118.4 38.3
145.5 286.3 294
519 103 125.2 30.6 47.2 -24.7
2122.8 -105.9 37.2 15 62.2 49.4
3035.9 -140.9 44.2 10.7 137.1 87
171.9 243.2 280.8
543.8 88.6 118.4 57.7 21.9 -26.5
2188.1 -86.3 30.9 6.5 51.4 90.2
3121.2 -164.3 54 39.6 82.3 70.5
176.2 245.6 284.1
545.8 89.9 115.3 58.7 20.9 -35
2192.1 -89 38.9 24.4 32 57
3158.1 -175 35.8 49 53.8 52.6
190.5 245 299.7
555.1 80.8 105.3 78.7 5.8 -46.4
2209.2 -114.4 22.4 38 15.4 34.5
3207.7 -186.1 12.5 81.4 42.6 36.7
196.5 247.8 301.2
553 67.4 75.4 67 -26 -64.1
2218.6 -123.7 -1.2 34.7 7.5 22.9
3248.4 -188.1 -28.6 85.7 34.8 30.1
223.5 259.3 294
572.4 44.8 60.6 103.3 -58.3 -35.4
2241.1 -130.7 -18 65.3 -2.2 19
3277.1 -199.6 -58.5 102.1 31.6 27
winner is: 1
