Regression analysis information for: peruvian_match_declarative-narrow-focus_David-leia-el-libro
number of formants: 3
number of coefficients: 5
59.7 261 167.8
388 -9.8 46.6 -10.4 60.6 -58
1762.7 -68 -337.3 41.1 11.5 -99.7
2428.4 -10.4 -136.2 -19 51 -72
61.3 230.7 144.2
389.4 -0.3 52.5 -3.3 62.9 -49.5
1792.7 -50.7 -323.8 63.4 -1.1 -13.8
2448.1 20.4 -92 25.6 62.9 -69.2
61.6 215.8 151.7
389 4.4 51.6 -0.7 60.5 -45
1848 -13.5 -369.7 -10.1 -99.8 -1.2
2462 25.8 -66.4 -3.6 -16.7 -34.4
62.9 199.4 151.8
387.2 12 45.7 5.4 54 -38.7
1902.7 43.4 -391.8 -55.5 -145.1 -8.5
2533.8 69.8 -101.8 -46.7 -57.8 -13.6
64.7 187.9 152.1
390.8 17.9 50.2 10.2 57.6 -35.7
1921.4 54.2 -399.5 -42.8 -130.9 -4.1
2576.4 82.6 -147.3 -53.7 -36.1 4.6
64.7 183.4 131.4
391.7 18.1 49.9 10.9 58.3 -35.6
1929.6 61.2 -401.4 -33.4 -132 1.5
2602.3 83.8 -180.5 -33.7 -16.1 -12.5
64.1 181.4 132.3
392.5 17.8 50.4 12.2 60.2 -35.1
1943.9 75.7 -385.8 -12.6 -118 17.4
2621.6 102.3 -174.7 -10.9 7.1 -0.4
64.7 185.3 140.9
392.1 17.5 49.3 13.4 60.6 -34.5
1960.4 84.7 -363.6 3.4 -94.1 32.2
2634.7 107 -163.4 -6.1 22.2 6
65.3 190.6 149.3
395.3 11.1 56.3 8 68.1 -40.6
1980.1 76 -329.9 6.3 -60.8 31.4
2650.1 113.6 -138.9 4 50.2 12.7
66.1 186.5 144.4
395.3 11.7 56.7 8.8 69 -40.1
1983.2 69.1 -327.2 9 -60.2 31.2
2652.3 112.9 -133.9 1.3 53.4 11.5
70.6 188.2 145.2
399.1 3.6 64.4 2.9 73.3 -42.7
1992.4 55.2 -317.6 1.4 -57.7 28.6
2656.1 107.1 -124.8 -5.9 49.8 13.1
74.7 193 163.4
402.1 7.7 71 8.8 76.6 -34.7
2012.9 36.7 -292.6 -3.6 -41 32.1
2677.5 96.3 -109.6 -7.3 70.3 20.3
87.4 204.9 187.8
412.7 5.7 84.1 -2.9 86 -33.5
2039.5 16.7 -269.8 -19.5 -31.2 31.6
2709.5 85.2 -99.9 -26.5 86.4 19
111.3 207 214.3
427.3 -0.6 80.8 8.3 70.1 -26.7
2063.1 -21.5 -264.6 -43.5 -47.8 20.4
2750.9 71.9 -99.2 -27.4 83.7 25.9
156.1 207.2 247.5
452.9 -20.1 84.7 28.6 55.5 -26.3
2091.6 -34 -261.2 -49.7 -61.4 28.6
2808.3 57.1 -101.4 -13.1 61.7 53.8
287.6 210.1 310.6
542.5 -107 76.1 49.3 1.2 -20.8
2161.6 -71.4 -241.1 -62.4 -65.7 47.3
2912.2 16.4 -107 4.9 35 78.8
335.8 201.6 321.3
584.4 -143 81.3 69.7 -12.8 -9.7
2189.5 -102.7 -260.2 -87.3 -80.8 45.3
2958.9 4.7 -127 -0.2 4.7 91
429.7 184.6 358
673.8 -138.8 29.1 164.1 -27.1 -34.9
2285.6 -19.3 -213.6 -42.7 -90.9 25.7
3092.2 96.6 -130.7 47.3 -19.8 69.2
460.9 161.9 332.3
718.3 -164.7 18.1 222 -69.2 -55.1
2333.9 29.2 -173.1 -9.8 -95.2 14.1
3164.9 152.4 -116 85.5 -47.7 37.4
517.4 176.5 349.6
763.2 -144.6 -14.8 219 -86.4 -81.9
2384.7 48.9 -147 3 -78.1 17.3
3239.2 146.4 -104.2 97.4 -39.7 24.7
winner is: 7
