Regression analysis information for: peruvian_match_interrogative-partial-wh_Por-que-hablaba-del-agua
number of formants: 3
number of coefficients: 5
85.7 161.8 229.3
560.6 -30.7 8.4 5.2 0.1 29.1
1429.8 143.2 -155.3 -79.8 -298.5 -147
2321.9 66.2 -214.8 41 -131.3 -37.2
85.7 168.2 211.5
562 -29.2 15 5.2 2.1 24.7
1442.9 146.6 -145 -76.6 -304.6 -173
2373 21.9 -151.2 33.7 -148.7 -68.2
88.3 165.2 195.8
562.8 -22.7 19.4 5.7 5.9 18
1461 148 -128.2 -73.6 -305.1 -189.6
2422.9 -22.4 -112.2 19.8 -109.1 -126.1
88.6 161.3 158.9
566.2 -25.3 25.4 1.2 9.9 14.4
1474.1 145.9 -124.1 -77.7 -300.9 -186.1
2475.7 -68.6 -65.7 -25.4 -73.2 -145.8
90 157.8 138.2
568.6 -26 28.2 0.6 12.8 16.1
1486.3 153.9 -125.6 -80.6 -302 -185.1
2503.9 -84 -45 -44.1 -72.5 -146.3
92.6 153.4 116.1
571.7 -25.6 30.3 0.8 12 18.4
1497 156.2 -128.9 -80.4 -308.3 -179.6
2534.6 -91.9 -22 -59.4 -84.2 -150.1
95.5 153.5 110.8
573.9 -21.9 31.3 2.7 11 21.1
1505.4 166.5 -129.4 -76.3 -310.2 -170.8
2546.9 -86.1 -12.4 -59.3 -79.5 -151.2
97.8 155.4 109.3
575.1 -17.3 32.3 5.2 10.3 22.3
1512 178.7 -125.6 -72.4 -314.8 -170.5
2555.6 -76.6 -4.5 -54.7 -76.1 -148.6
100.3 157.7 110
574.2 -15.5 32.5 6.6 9.1 19.2
1511.4 189.2 -119 -61.8 -321.5 -179.7
2557.7 -72.5 1.1 -50.5 -76.1 -150.3
99.9 167.3 112.6
574.8 -11.3 35.3 10.4 12.4 20.1
1515.4 202.3 -109.8 -48.3 -314.6 -173.9
2560.9 -64.7 9.9 -41.7 -68.8 -146.6
99.6 176.4 116.3
574.6 -11.2 34.7 10.8 13.1 18.9
1520.6 210.5 -105 -36.5 -311.5 -170.6
2564.1 -58.9 14.9 -33.3 -62.6 -146.5
99.3 185.8 121
576.8 -10.1 36.1 13 15.7 21.6
1530.9 217.5 -102.5 -23.7 -303.8 -157.9
2572 -54.6 19.1 -26.2 -56.8 -141.2
101 191.3 122.1
578.9 -12.8 36.3 11.3 16.1 21.1
1540.7 217.6 -108.2 -14.9 -303.2 -148.7
2581.1 -57.9 21.9 -23.5 -54.3 -140.2
104.8 200.5 125.1
582.3 -11.4 40.4 9.9 20.2 23.1
1554.7 223.6 -115 -5.7 -306.9 -140
2592.9 -59.4 28.4 -23.5 -52.4 -139.6
117.2 223.2 135.4
600 -5 45.6 20.9 7.3 15
1583.8 243 -109.1 13.6 -304.1 -133.8
2618.2 -50.9 45.7 -22.1 -48.9 -148.7
137 260.4 162.2
625.4 18.1 63.4 13.4 -11.3 -11
1624.2 270.1 -85.5 13.1 -286.1 -132.9
2657.3 -35.4 79.8 -35.3 -48.2 -170.7
170.1 344.5 251.3
664.1 25.3 108.8 -11.8 -4.6 -51.1
1743.2 295.3 98.3 -0.6 -112.7 -128.5
2761.4 42 210 -25 -0.4 -199.2
184.4 369.5 273.2
680.7 27 113.7 -19 1.7 -58.6
1804.8 280.4 119.9 -76.5 -79.8 -134.5
2813.7 54.2 239 -50.5 -9.6 -215
197.6 369.6 340.4
705.6 14.9 124.2 -31.5 7.9 -63.1
1949.7 188.1 147.1 -136.3 -46.9 -121.8
2944.2 33.7 198.6 -106.7 -3.3 -159.9
202 307.8 342.8
717.3 -18.4 126.5 -33 26.7 -50.4
2100.7 75.5 86.3 -133.1 24.3 -110.4
3073.5 -22.1 88 -98.1 49 -109.4
winner is: 7
