Regression analysis information for: peruvian_mismatch_interrogative-partial-wh_Por-que-odiaba-la-lluvia
number of formants: 3
number of coefficients: 5
58.9 322.6 198.7
461.2 52.1 -29.4 -21.9 73.4 -50
1472.4 -145.6 36 -114.2 -69.4 -136
2377 -52.1 -54.2 -87.9 -53.8 76.7
65.8 335.6 180.7
468 64.9 -18 -19.6 67.7 -64.8
1494.1 -141.9 49.9 -98.7 -71.7 -152
2438.1 -78.6 -19.9 -96.1 -53.4 54.7
64.7 347.8 155.1
469.5 67 -10.9 -13.7 72.3 -70
1521.7 -133.6 49.8 -93 -65.3 -158.3
2490.4 -88.7 -8.4 -116.6 -35.4 24.1
66 353.4 138
471.7 66.3 -8.6 -13.2 73.6 -74.1
1541.2 -138.1 33.1 -79.3 -70.8 -167.4
2536.9 -109.6 -14.4 -121.4 -12.5 -13.2
69 354.9 138.2
474.1 64.8 -6.2 -11.6 75.1 -78.7
1558.3 -133.6 26.1 -76.8 -83.4 -176.9
2558.5 -108.7 -25.3 -116.3 -14.7 -23.1
69.8 358 140.4
474.5 63.6 -8 -6.9 77.1 -75.9
1564.4 -136.2 23.1 -68.9 -84.9 -174.5
2568.9 -109.7 -27.4 -119.6 -9 -18.3
75.8 365.9 148.8
477.5 74.7 -1.8 5.2 84.2 -64.4
1575.2 -124.7 34.2 -53.2 -80.2 -173.5
2583.3 -100.6 -16 -110.4 -0.4 -14.3
82.1 378.5 154.5
480.6 85.6 7.8 14.7 92.7 -55.7
1582.8 -106.9 55.8 -32.7 -66.5 -171.4
2594.7 -91.6 -1.5 -95.4 11.7 -7.5
85.1 386.8 166.3
481.6 93 17.7 21.9 99.4 -51
1587.3 -104.5 65.8 -9.7 -64.2 -176.3
2601.4 -96.9 1.4 -64.1 7.8 -12.3
84.2 389.9 166.9
483.3 95.7 20 24.7 100.6 -50.3
1590.3 -100.5 74.5 8 -58.6 -174.7
2602.5 -92.4 2.4 -52.7 7.4 -4.1
83.1 400.4 159.3
484.9 97 22.3 27.6 104.7 -48.4
1583.6 -102.1 88.9 36.1 -30.8 -165.3
2596 -69.1 12.8 -68.6 22.5 13.6
86.5 413.8 176.1
489.6 99.4 27.8 29.5 108 -49.8
1609.9 -92.3 82.3 24.3 -38.2 -155.3
2627.7 -81.4 14.4 -69.9 10.1 7.7
97.5 443.4 223.4
499.9 94.4 37.4 28.8 115.6 -53.5
1655.4 -107 77.7 20.5 -44.7 -144.7
2710.3 -127.2 19.9 -57.8 -13 9.2
156.5 421.9 278.6
544.8 51.8 94.6 -4.8 132.8 -80.1
1806.5 -209.6 159.5 70.1 -152 -79.8
2834.9 -173.6 97.7 -47.9 -80.6 17.5
191.8 373.2 298.8
582.5 50.4 126.3 -35.1 118.2 -128.8
1911.9 -154.4 187.4 -1.3 -238.3 -68.6
2961.3 -110.2 138.4 -77.7 -186 9.1
216 315.9 297.1
628.5 31.2 159.3 -64.9 115.2 -156.8
2044.9 -22.1 243.9 -63.7 -266.1 16.8
3102.1 -41.5 164 -141.7 -230.5 62.8
222 310.2 301.3
649.2 36.2 164.7 -74.7 121.4 -173.4
2128.1 42.3 159.1 -92.4 -146.8 19.9
3206.5 10.5 70.8 -162.1 -169.9 57.6
238 318.5 296.8
666.9 38.6 174.2 -69.8 139.8 -180.6
2160.7 43.6 143.5 -114 -54.1 -8.1
3254.5 23.7 32.2 -183.1 -99.3 54.7
250.6 294.4 280.7
683.6 49.1 164.9 -49.9 150 -188.1
2222.6 43.4 89.5 -120.9 -6.3 -13.4
3316.6 47.7 -5.9 -164.7 -44 43
255 293.7 285
685.9 47.5 157.5 -60.1 161.2 -213.4
2245.9 3.7 83.2 -68.4 3.8 -50
3369.8 39.1 -16.5 -124.9 -12.3 16.1
winner is: 4
