Regression analysis information for: peruvian_mismatch_interrogative-total-yn_Mi-madre-come-la-fruta
number of formants: 3
number of coefficients: 5
77 207.3 133
489.1 -46.4 -25.8 -57.1 4 -97.1
1508.7 43.5 12.1 9.5 -49 -51.8
2381 -38.9 53.3 8.5 -44.8 -13.3
78.8 199.7 107.4
489.8 -48.8 -32.4 -57 4 -94.4
1529 62.5 23.1 28 -28.5 -37.5
2422.9 -30.4 36.3 25.1 -27.3 -6.7
85 192.9 97.8
493 -52.2 -41.3 -52 -0.3 -91.3
1559.5 108.3 52.7 58.9 3.1 -14.1
2450 -28.7 46.7 42.4 -10.5 -10.6
87.7 189.5 93.4
493.1 -51.3 -44.7 -47.9 -2.8 -89.2
1564.1 107.9 46.2 57.9 3.4 -12.7
2456.5 -40.5 44.1 30.5 -13.6 -18.8
89.2 192.7 92.8
490.5 -48.2 -46.4 -43 -6.4 -88.6
1573.9 121.9 55.6 71.9 4.6 -11.3
2463.8 -39.6 44.7 29.1 -13.1 -20
89.1 194.7 94.5
488.1 -42.6 -45.9 -48 -3.6 -85.5
1584 134.6 63.3 79.5 3.7 -7.6
2475 -29.7 56.1 32.2 -3.7 -16.1
94.7 201.7 95.2
489.4 -45 -47.9 -35.5 -14.8 -87
1592.5 138.6 69.7 95.8 -13 -6.6
2485.3 -22.7 58.9 37 -11.2 -14.9
100.5 214.4 98.6
493.3 -50.7 -50.2 -24.6 -25.4 -90.4
1599.6 130.5 76.3 113.3 -37.4 -17.7
2498 -24.5 62.1 36.3 -22.8 -20.9
105.6 218.9 104
495.9 -56.7 -51.4 -13 -31.7 -98.3
1602.2 106.1 67.2 130.2 -56.7 -31.3
2504.4 -27 66 48 -30.2 -32.3
125.9 234.5 139.2
515.3 -67.5 -71.7 7.5 -43 -106.7
1627.8 81.5 35.9 145.6 -80.6 -35.6
2544.9 -35.3 38.3 68.7 -35.7 -33.8
142.3 244 171.2
532.5 -83.5 -76.1 15.3 -54.6 -98
1654 50.8 22.9 156.8 -102.4 -21.3
2585.2 -62.5 29.7 81.3 -52.9 -23.1
144.7 251.5 195
536.1 -89.1 -76.1 17.2 -57.6 -97.9
1670.6 33 31.3 166.5 -120.2 -7.1
2611.8 -81.8 37.3 83.4 -54.5 -20.3
157.1 264.9 249.2
553.5 -103.5 -88.2 40 -73.6 -98.6
1724.5 19.4 33.4 206.2 -137.3 30.5
2666.3 -104.5 28.3 99.8 -60.5 5.1
166 283.4 292.8
565.2 -117.1 -76.2 25.3 -62.4 -105.8
1774.4 -7.2 42.4 180.9 -135.2 61.6
2724 -137.6 17.1 63.1 -38 8.2
175.9 281 332.4
584.9 -133.7 -75 22.7 -53.4 -113.7
1854.7 -10.4 39.9 188.2 -97.7 93
2787.3 -123.9 -7.5 75.6 1.9 21.3
187.9 269 364.8
601.2 -141.7 -80.9 17.4 -42 -113
1926.9 -1.2 43.1 207.6 -75.7 157.3
2883.2 -68.8 9.9 85.7 61.7 87.6
199.7 233.4 375.6
622.8 -140.3 -99 18.9 -43.5 -114.6
2018.4 22.9 15.1 221.6 -23.3 211.8
3016.5 -38.1 -3.6 128.1 83.6 175
210.6 210.1 387.2
648 -151.9 -102.4 19.3 -51.5 -125.9
2079.8 -2.8 -12.8 228.8 -26.2 218.6
3104.6 -63.7 -24.4 171.3 44.2 195
235.2 193 372.8
671.4 -137.7 -101.2 6 -58.9 -160.5
2139.1 -10.7 -26.4 249.9 -36.6 169.9
3181.2 -89 -26.4 203.3 44.8 169.9
254.9 184 380.7
692.3 -138.7 -118.3 15.3 -78 -186.7
2186.8 -22.3 -29.1 256.9 -43.6 126.5
3222.3 -128.7 -32.5 220.2 11.5 128.5
winner is: 4
