Regression analysis information for: peruvian_match_interrogative-total-yn_Maria-bebe-el-vino
number of formants: 3
number of coefficients: 5
85 248.5 134.4
459.6 15.6 30.4 -48.1 19.7 56.6
1630.5 85 -245.3 175 -181.1 -70
2424.4 -39.3 57.4 65.4 -136.6 -80.2
80.8 242.7 127.6
456.2 15.8 29.1 -45 17.4 59.5
1670.2 60.4 -252.6 189.8 -221 -37.7
2462.1 -50 29.9 67.6 -139.2 -78.6
77.5 222.4 114.7
455.1 16.7 27 -38.6 13 66.1
1717.3 21.3 -240.3 227 -299.5 20.9
2510.8 -45.6 6.4 52.3 -122.8 -31.8
75.8 211.8 119.4
453.6 20.2 25 -33.3 10.2 70.6
1730.4 43.5 -230.6 228.8 -311.4 3.8
2521.2 -60.1 10.4 52.4 -118.6 -22.5
75.6 219.2 126.5
454 21.8 25.9 -31.6 9.8 72.7
1761.6 94.2 -205.4 211.9 -340.7 -49.4
2538.6 -63.5 35 39.8 -118 -28.6
76.4 226.6 127.2
455.2 22.7 27.8 -30.9 10 74.3
1782.9 117.6 -185.6 206.5 -351.7 -68.5
2554.5 -56.4 50 35.2 -121.1 -35.2
78 232.6 138.5
456.4 23.5 29.4 -30.2 10 75.5
1797.8 131.5 -174.3 206.4 -358.6 -77.4
2583.5 -36 69.3 29.3 -143.7 -57.7
81 233 144.9
454.2 27.2 30.7 -34.1 15.9 70.8
1802 144.1 -174.3 209.9 -361.4 -82.9
2590.8 -14.1 79.8 21.3 -135.9 -78.7
83.5 239.4 154
453.5 32.2 32.9 -33.6 22.1 68.4
1816 145.6 -162 220 -357.8 -85.8
2604.4 6.8 99.1 22.3 -128.2 -97.6
85 244.1 152.5
456.4 39.6 40.9 -29.4 32.9 70.8
1840.7 143.2 -140.6 245 -353.8 -68.8
2612.8 -4 110.3 26.4 -117.1 -92.9
84.2 244.1 156.6
457.1 47.7 44.4 -27.9 41.8 69.2
1842.3 171.6 -143 249.6 -318.2 -92.7
2628.7 -24.1 118.3 44.4 -115.4 -65.2
83 237.9 167.3
458.2 54.7 46.8 -23.3 46.5 71.1
1827.1 225.9 -156.6 249.6 -268.4 -138
2650.8 -7.4 131.6 68.8 -117.2 -71.7
85.9 236.3 177.9
463.9 59 56.3 -19.1 54.9 76.7
1849.2 220.8 -148.8 257.5 -265.3 -137.6
2680.8 -3.8 156.4 69.1 -108.2 -90.4
86.5 253.9 188.3
462 45 51.3 -34.1 50.8 62.8
1874.6 188.9 -131.6 241.9 -252.2 -156.5
2705.4 -3.9 165.6 67.3 -122.3 -118.6
87.7 264.7 212.8
465.1 38 56 -43 55.4 58.7
1920.4 131.1 -99.7 226.6 -249.5 -146.4
2748.3 -20.9 203.6 57.8 -128.4 -136
93 279.1 232.5
476.2 21.4 73.7 -56.2 66 57
1989.3 39.7 -42.2 189.5 -231.1 -131.3
2798.7 -78.6 262.7 26.9 -111.2 -156.4
97.3 287.6 232.3
486.2 8.6 90.3 -66.8 70.4 64.9
2035.1 12.8 -51.6 170.3 -204.1 -116.5
2824.5 -109.9 285.1 28.3 -114.9 -150
145.4 278.5 264.7
534.1 -25.5 55.9 -40.6 94.9 33.4
2129.3 -86.4 -15.5 119.2 -103.7 -161.9
2908.5 -160.5 241.1 39.7 -43.8 -163.6
186.5 249.5 286.8
576.8 -21.7 32.7 -26.2 124.4 42.3
2181.5 -76.2 -45.8 96.4 -95.9 -110.8
2996.6 -134.8 145.3 21.2 -9.6 -88.7
202.4 198.1 275.4
592.6 10.2 19.8 -24 156.1 44.3
2247.3 4.9 5 119.9 -44.2 -52.7
3106 -14.3 157.9 31.2 83.9 8.5
winner is: 4
