Regression analysis information for: peruvian_match_interrogative-partial-wh_Cuando-leia-el-libro
number of formants: 3
number of coefficients: 5
66.5 154.5 99
419.9 20.1 52.8 1.3 72.2 -24.1
1658.4 -257.1 -569.3 41.9 -16.1 136.2
2487.8 -30.1 -143.3 -28.1 -64.5 -19.5
66.8 165.4 112.9
416.5 21.1 53.7 1.9 72.7 -20
1654 -235.5 -568.4 3.8 0.4 161.9
2508.2 -20.1 -156.4 -49.9 -57.6 -13.8
67.2 153.8 107.4
416.9 28.7 52.9 4.3 65.6 -20.6
1676.8 -236.1 -595.7 21.1 -22.5 148.1
2537.8 -20.2 -176.2 -46.2 -72.4 -23
69.4 153 106
417.7 33.3 53.9 5 61.8 -21.2
1686.6 -231.9 -602.2 24.2 -34.1 143.6
2556.1 -14.5 -193.5 -48.5 -71.5 -14.3
72.2 161.7 112.5
421.9 41.7 57.4 3.7 55.4 -27.1
1687.5 -223.7 -588.5 29.3 -53 124
2568.4 -6 -204.2 -44.6 -69.6 -15.4
72.6 168.8 111.5
420.5 40.4 59 7 59.7 -24.1
1681 -220.4 -573.1 37 -64.7 105.9
2566.5 -11.1 -192.5 -30.3 -75.5 -33.4
74.6 168.6 108.6
421.6 42.8 62.8 9.8 63.5 -23.2
1685.2 -221.5 -568.2 45 -68.8 100.9
2567 -9.2 -181.9 -24.9 -69.2 -49.8
76.9 163.7 109
421.3 41.6 65.8 12.5 68.3 -18.6
1693.5 -232.8 -580.6 41.2 -54 118
2572.7 -5.3 -180.9 -41.7 -54.2 -46
78.5 176.9 107.1
427.7 50.3 74 13.1 66.3 -25.2
1710.1 -230.1 -573.3 50.6 -45.7 123.2
2584.5 -0.7 -153.4 -42.5 -71.6 -33.2
81.3 177.2 133.9
429.5 48.9 76.6 11.4 68.1 -26.8
1735.4 -223.9 -551.5 77.1 -28.4 156.7
2637.2 19.3 -169.3 -37 -25.7 19.3
80 173.6 192.5
432.8 44.6 81.9 7.2 74.7 -27.1
1790.2 -173.7 -490.3 138.8 31.5 228.5
2726.4 87.7 -159.9 20.4 116.4 90.5
80.6 172.2 210.7
435.7 43.4 87.1 6 79.7 -25.9
1831.2 -181 -454.7 159.1 29.8 286.1
2763.1 101.8 -145.5 30.6 148.5 127.9
86.8 207.1 230.7
435.6 29.8 92 2 89.7 -28.5
1882.8 -248.9 -412.3 92.2 48 267.5
2802.2 79.9 -120.7 17.3 145.2 143.3
100.5 278 272.8
471.6 76.4 87.9 -45.3 37.9 -54.6
1987.4 -140.9 -379.1 11.3 -67.4 192.9
2867.8 135.3 -103 -24.2 80.6 101.2
89.1 284.4 256.9
498.5 121.1 112.8 -46.1 16.1 -92.8
2059 -80.5 -301.4 12.8 -77.1 138.6
2904.4 138.5 -48.2 2.7 96.7 74.4
89.8 268.6 248.3
515.3 134.4 119.3 -45 8.3 -104.5
2116 -104.2 -228.4 -5.1 -23.3 102.5
2927.7 117.5 -32.8 10 137 61.5
109.5 243 243.2
538.8 153.9 123.1 -38 -6.5 -116.5
2174.4 -49.2 -172.7 37.1 -13.7 86.3
2985.3 161.2 -4.7 48.8 161.7 54.9
135.9 203.2 218.5
558.8 133.6 118.6 11.7 -5.5 -149.2
2230.6 -6 -124.1 71.6 -9.3 49.2
3051 206.2 15.9 112.9 184.6 27.1
174.2 196.3 233.9
581 97.7 131 26.2 -0.5 -154.4
2258.7 -16 -102.8 88.8 11.7 50.7
3109.2 180 27.6 133.3 219.6 52.4
226.7 217.4 275
593.7 69 120 64.6 -5.7 -166.2
2268.1 -42.2 -108 108.9 20.2 40.6
3176.1 211.4 18.2 151 186.4 -11.7
winner is: 1
