Regression analysis information for: peruvian_mismatch_declarative-broad-focus_La-maestra-vive-en-Paris
number of formants: 3
number of coefficients: 5
122.8 182.4 159.4
487.7 73.6 9.6 -1.2 -23 18.2
1698.4 -75.1 -13.2 -72 -27.8 -154.7
2398.4 -17.3 101.6 -65.3 59.9 -88.3
142.2 199.2 155.9
499 45.4 32.4 -26.2 -5.7 4.5
1738.5 -127.6 -2.6 -97.1 -33.8 -132
2453.8 -77 113 -86.2 31.9 -100
163.4 224.1 176.2
508.7 16.8 58.7 -47.9 8.6 -9.7
1775.9 -181.9 12.2 -114.9 -34.5 -115.5
2499.8 -123.8 144 -130.3 39.1 -84.1
195 234.9 181.2
541.8 -37.1 120.2 -92.1 50.7 -38.7
1822.3 -242.8 61 -144.2 1.4 -111.6
2576 -192.8 158.2 -170.1 79.2 -92.1
215.6 237.7 185.1
571.6 -91.7 177.3 -140 90.8 -70.8
1853.7 -273.7 102.8 -178.2 23.3 -133.6
2637.6 -253.3 220.3 -226 100.8 -113.2
220.4 236.2 178.8
600.6 -139.2 231.8 -178.3 124.2 -96.7
1897.2 -328.7 163.9 -214.3 44.3 -143.1
2692.6 -319.7 288.7 -273.1 120.2 -131.8
212.3 236.3 183.1
615.6 -159.8 265.8 -206.6 158.9 -132.1
1914.8 -337.5 198.6 -241.6 78 -179.4
2726.8 -348.9 339.1 -305 141.3 -156.8
210.4 230.1 174.8
615.9 -167.2 268.8 -219.7 166 -147.9
1923.8 -344.8 208.2 -259.4 78.1 -181.4
2738.4 -354 351.6 -322.2 127 -146.8
212.8 224.7 167.1
617.7 -180.5 271.7 -233.2 169.3 -158.5
1924.8 -359.2 200.3 -278.8 65.7 -183.6
2733.4 -327 335.3 -328.9 110.3 -152.6
218.9 229.9 186.4
629.7 -192 290.6 -243.6 180.8 -167.5
1949.7 -355.7 217.4 -288.1 71.5 -193
2750.7 -314 343.1 -367.7 135.7 -205.5
228.5 222.4 231
647.8 -223.2 315.9 -274.4 193.5 -182.4
1983.3 -422.1 258.2 -349.8 88 -213.8
2814 -347.4 392.1 -447.8 121.3 -236.2
235.1 218 256.8
660.6 -232 319 -290.2 177.3 -168.6
2028.9 -472.5 291.9 -384.7 97.9 -230.8
2900 -424.5 434.9 -492.5 72.4 -202.7
243.7 223.8 284.5
695.4 -238.4 355.8 -313.5 184.9 -164.9
2076.3 -479.3 322.2 -394 98.6 -234
2971.8 -438.9 471.2 -517.4 64.9 -213.2
253.1 225.3 306.4
714.3 -249.9 361 -321.3 194.8 -184.3
2109.3 -485.5 327.8 -398.7 104.1 -251.9
3022.5 -442.7 473.1 -535.5 54.4 -242.6
263.9 232.3 338.3
735.7 -227.1 374.9 -326.9 189.7 -194.8
2139.7 -471.1 334 -392.4 106.5 -266.7
3069.1 -416.5 472.3 -536.9 37.5 -264.1
264.1 232.3 361.2
747.1 -222.7 387.4 -337.9 199.7 -185.4
2165 -464.5 324.4 -384.7 123.6 -267.1
3113.7 -412.7 442.8 -537.9 33.9 -274.2
271.8 237.6 386.7
756.9 -228.7 397.3 -341.6 205.1 -203.2
2209.8 -466.3 317.1 -401.2 138.7 -299.9
3168.4 -389.3 413.6 -559.5 27.2 -293.8
290.8 250.5 397.9
772.9 -236.1 395.8 -348.4 197 -214.2
2247.8 -491.2 287.1 -421.8 125.3 -313.2
3222.6 -387.3 350.8 -592.1 14.8 -303.3
327.1 283.6 414.4
810.9 -222.7 378.6 -381.9 175.9 -219.4
2317.7 -462.8 289.4 -475.5 93 -320.7
3297.8 -342.5 311.7 -630.1 5.2 -305
372.8 318.9 419.5
850.7 -225.1 371 -380.9 154.3 -227.9
2385.5 -467.8 303 -507.2 73.7 -321
3369.3 -336.5 271.4 -663.9 13.8 -287.9
winner is: 1
