Regression analysis information for: peruvian_match_interrogative-total-yn_Ana-lleva-el-abrigo
number of formants: 3
number of coefficients: 5
64.1 192.2 151.9
478.1 94.6 29.4 46.1 118.8 -31.5
1541.1 118.6 -208.8 140.1 -248 106.3
2399.3 -49.9 62.6 -67.9 -61.5 72.4
64.3 190 107.5
474.2 91.1 27.9 48.8 120.6 -32.1
1554.8 109.5 -211.8 152.7 -262.2 111.3
2436.6 -56.8 33.3 -48.9 -18.6 12.8
64.3 198.4 107.7
473.9 93.1 28.3 50.1 120 -32.4
1568.4 108.1 -209.7 159.9 -283.3 114.7
2455 -51.5 32 -51.9 -34.1 -0.8
65.3 200 112.3
473.5 96.7 28.7 50.8 119.7 -31
1580.5 116.1 -211.3 153.2 -303.5 116.6
2485.8 -48.3 43.2 -37.1 -61.4 3.2
68.4 195.6 118.8
475.7 98.6 32.6 51.6 118.1 -26.1
1595.4 127.4 -210.4 141.7 -324.5 119.2
2522.2 -16.7 59.2 -39.4 -85.5 5.4
79 194.4 124.4
486.8 104.7 36.2 41.1 103.9 -16.4
1614.3 138.4 -209.4 124.9 -349.9 126.2
2554.5 16.9 70.9 -54.9 -111.6 3.6
83 192.2 129.4
492.5 104 44.6 42.2 99.4 -5.7
1630.5 143.8 -209 113.3 -365.1 139.2
2578 36.9 78.6 -61 -127.3 12.1
88.4 191 136.6
498.6 108.1 50.5 41.9 98.2 1.4
1643 149.1 -208.4 105.6 -374.2 146.5
2600.3 52 87.2 -65.9 -144.2 14.4
97.9 197.3 149.3
510.3 117.5 55.4 38.8 94.8 10.3
1656.2 155.3 -207.6 99.2 -385.4 148.8
2616.8 58.5 94.4 -72 -156 11.9
100 199.6 157.8
509.9 110.3 61.8 46.8 103.4 19.2
1662.8 147.4 -208.6 107 -378.3 163.7
2622.7 48.6 98.8 -71.7 -151.7 23.6
104.3 203.4 161.1
509.8 106.8 55.4 40.3 100.2 17.6
1672 141.7 -228.8 97.8 -383.5 166.8
2632.3 41.1 96.3 -86.2 -154 23.4
108.8 224.3 165.2
509.2 91.2 56.4 38.4 96.3 13
1689.7 121.3 -232.6 85 -370 151.2
2643.7 20.6 114.5 -90.2 -148.3 8.5
110.3 268 186.3
515 80.8 68.8 31.9 111.9 -1.5
1726.5 73.8 -199.9 45 -315 103.2
2671.4 -9.5 143.3 -109.6 -117.2 -21.9
122.6 316.3 213.5
532.1 66.2 87.4 20.2 115.5 -4.1
1772 17.3 -156.5 -2.1 -270.8 68.5
2716.9 -32.4 173.6 -139.7 -110.2 -42.3
128.9 325.1 228.3
548.7 35.4 114.1 16.8 132.9 12.2
1842.8 -91.9 -82.1 -61.2 -223.6 68.2
2768 -68.2 213.3 -171 -108.3 -39.9
134 314.1 235.3
563.9 35.1 119.4 28.2 148.8 -0.5
1902.6 -159.7 -49.5 -95.6 -208.3 73.8
2809.6 -69 192.9 -147.3 -143.6 -23.6
170.6 334.7 270
606.6 63.5 126.5 23.5 141.8 -22.6
1953.8 -159.2 -56.7 -124.5 -190.3 30.8
2865.2 -80.3 170.4 -145.9 -165.8 -48.5
224.9 355 312.7
662.9 91.9 89.9 -2.5 149.6 8.9
2041.5 -126.9 -47.2 -151.4 -145.7 46.2
2950.1 -66.8 152.6 -157 -154.4 -27.1
266.7 328.3 327.7
697.4 78 56 -7.4 121.3 2.8
2131.3 -156.3 -104.2 -174.4 -89.6 0.4
3072.7 -97.1 50.5 -230.9 -74.4 -24.6
307.3 312.1 346.1
739.5 43.7 21.3 20.9 84.8 36.7
2175.4 -215.7 -138.4 -180.3 -61.7 -14.7
3158.9 -160.3 16.1 -229.6 -59.7 -34.9
winner is: 2
