Regression analysis information for: peruvian_match_interrogative-partial-wh_Por-que-ama-la-navidad
number of formants: 3
number of coefficients: 5
71.2 162.8 204.6
557.5 -30.4 -19.7 -112.2 89.6 28.8
1529.5 -7.3 -31.5 -130.3 -286.6 -167.7
2378.2 34.3 -101.4 -47 -30.1 -7.1
73.7 172.2 231.4
553.8 -20.4 -19 -104.2 93.9 27.7
1540.5 19.1 -42.2 -114.5 -295.2 -177.6
2378.3 97 -139.4 -1.2 -28.2 -37.6
77 174.3 217.4
553.8 -20.8 -13.3 -99.3 97.7 28.4
1563 18.1 -50.7 -113.4 -289.8 -174.6
2399.4 123.6 -131 -15.3 -0.6 -87.6
80.2 170.4 177.5
553.7 -24.9 -4.9 -95.6 100.1 24.5
1591.5 -6.3 -41 -105.7 -294.4 -173.2
2453.5 62 -77.2 -61.8 25.8 -88.8
83.6 171.5 145.5
556.1 -20.5 -3 -94.8 100.5 29.9
1600.4 -7.8 -38.2 -94.8 -301 -179.6
2497.1 46.3 -66 -72.6 10.2 -56.5
87.4 176 136.4
558.8 -21.3 5.2 -98.6 100.2 27.3
1619.9 -3.3 -42.3 -96.3 -307.7 -171.4
2544.8 30.5 -56.5 -73.5 -8.6 -34.4
88.3 166.7 136.8
563.7 -19.5 7.8 -116.4 96.1 36.1
1626 6.1 -46 -129.3 -309.8 -155.5
2571.9 28.5 -64.9 -108.1 -9.4 -25.8
89.1 171.7 142.8
561.6 -16.9 19.6 -113.8 93.5 40.3
1625.3 6.2 -28.6 -123.2 -321.6 -148
2585.2 28.9 -58.6 -109.4 -9.9 -19.7
90.3 178.3 153.5
561 -9.6 24.7 -111.4 93.1 46.7
1624.9 19.6 -4.5 -117.1 -343.3 -133.2
2591.9 41.1 -48.1 -100.6 -19.8 1.7
93.9 191.9 156.1
563.6 -3.7 30.2 -108.1 98.5 54.9
1637.1 30.8 0.9 -111.1 -336.7 -116
2605 38.7 -46.3 -93.3 -16.5 -0.8
96.2 198.5 162.9
561.1 -5.1 35.6 -103.6 98.8 50.8
1642 36 0 -112.8 -335 -109.6
2613.5 42.7 -45.8 -94.6 -19.9 -3.6
94 204.7 169.6
565.3 -1.8 32.8 -109.4 102.7 56.6
1651.7 37 -9.6 -117.3 -338 -102.8
2636.2 46.3 -62.8 -107.8 -23.6 10.1
95.9 217.2 186.7
564.2 -1.8 35.7 -103.6 105.3 55.6
1652.4 35.5 -9.2 -113 -329 -96.2
2647.7 42.5 -67.5 -109.9 -15.5 16.1
95.7 233.3 197
554.7 1.2 47.7 -80.7 105.3 45.6
1650.1 41.7 22.2 -53.8 -299.7 -120.1
2642.2 38 -32.4 -62.6 -4.2 -10.8
104.3 256.4 219.2
569.4 -12.6 44.8 -64.9 84.9 64.7
1685.4 61 29.6 -29.3 -290.5 -85.3
2674.8 43.1 -25.4 -48.2 -10.7 16.9
126.2 313.2 274
597.4 -56 55 -58.3 72 101.6
1751.3 78.1 56.4 11.1 -252.1 -18.4
2745.6 40.3 -1.6 -13.7 -9 80.1
240 337.9 340.3
708.5 9.8 85.7 -45.9 -1.1 22.8
1872.4 150 51.5 55.7 -205.7 16.1
2899.8 128.4 1.8 33 -31.5 30.6
269.2 283.8 322.3
764 53 110.7 -13.5 7.8 -22.7
1962.5 214.7 54.3 131 -167.9 -47.2
3023.7 188.4 -47.3 99.4 41.5 -41.9
294 253.7 318.4
807.8 29.8 122.9 -16.6 17 -24.6
2055.5 208.3 87.6 153 -133.7 -54.8
3109.4 168.4 -23.3 50.8 66.3 -59
310.1 248.1 331
837.2 6 130.6 -16.3 4.8 -25.3
2096.2 193.1 82.6 142.2 -135.6 -59.6
3199.2 137.7 -38.7 41.9 16.3 -32.1
winner is: 7
