Regression analysis information for: peruvian_mismatch_interrogative-total-yn_El-bebe-comia-muy-bien
number of formants: 3
number of coefficients: 5
77.1 364.8 185
415.2 -0.4 -28.3 4.3 6 1.1
1686.8 8.9 127.4 60.3 -43.7 137.2
2440.5 -56.1 -41.1 86.5 68.4 154.5
75.3 333.1 213.4
416.3 -2.7 -33.1 6.8 5 -4.8
1742.2 -33 96.1 130.9 -82.7 88.4
2460.9 -57 -89.7 83.4 110 111.1
78.2 303.9 202
422.5 -3.8 -42.8 8.3 5.2 -12.4
1775.7 -39.9 108.1 117.2 -86.5 63.6
2501.7 -38.3 -91.5 74.4 101.2 80.5
79.3 289.4 175.6
421.5 -1.8 -42.5 3.7 5.1 -11.2
1800.7 -68.5 132.8 98.5 -73 51.6
2550.7 -79.3 -42.7 51.4 106.8 76.8
82.4 280.7 159.8
424.5 2.3 -47.8 -7.6 10.6 -4.4
1817.5 -74 117.3 81.5 -71.5 52.9
2578 -99.3 -24.4 45.9 123.7 74.8
84.5 275.6 155.3
424.8 4.8 -50.2 -11.4 13.3 -1.8
1828.3 -73.5 113 83.4 -59.4 50.7
2595.8 -95.1 -17.7 51.1 142.2 80.2
86.5 269.4 154
425.9 5.7 -55.4 -7.6 14.3 -3.8
1842.3 -77 103 98 -46.3 30.5
2609.3 -92.5 -7.1 57.1 149.5 72.5
88 274.4 160.4
424.1 8.4 -58 -5.9 17.5 -5
1848.2 -71.3 100.9 95.2 -29.7 26.3
2621.1 -81.4 4.8 53.9 159 84.8
86.8 276 164
419.4 11.3 -55.4 -3.7 16 -7.2
1837.1 -46 90.9 109.5 -31.5 28
2623.8 -67.6 4.4 72.9 160.7 83.6
87.3 281 174.6
415.8 18.5 -51.9 -12.8 9.6 2.1
1849.1 -30.6 87.7 74.5 -29.8 51
2640.3 -45.2 -9.4 54.5 162.5 100
83.6 297.4 187.2
411.8 21.5 -45.1 -17.5 3.8 7.1
1847.4 -18.7 105 42.4 -38.4 92.9
2664.1 -34.7 -23.8 36.1 168 119
84.1 294.5 211.4
411.4 22.6 -43.7 -19.4 1 12.1
1870 -31.8 83.7 74.3 -56.4 85.5
2701.9 -49.1 -54.5 62.8 161 111
84.8 286.5 220.2
413.8 20.2 -46.2 -11.6 -3.4 8
1894.5 -58.1 74.3 120.8 -74.2 57
2740.4 -79.9 -71.1 115.1 130.2 98.1
91.1 273.3 228.6
419.1 19.9 -55.8 -7.8 1.6 3.1
1935.2 -72.3 41.9 144.5 -68.3 22.1
2785.1 -98.9 -97.4 140.9 116.5 88.8
94.8 275 236.8
418.8 23.6 -58.4 -11.7 1.9 6.4
1963.1 -67.5 43.5 121.1 -70.3 17.6
2814.2 -104.1 -78.5 116.5 111.9 90.7
109.8 273.1 248
433.5 15.4 -79.6 -5.5 0.1 20.8
2005.8 -74.4 34 115.5 -56.4 4.4
2867.6 -107.8 -97.9 104.2 110 114.1
150.3 230.9 279.3
466 11.5 -77.5 -21.5 -8.3 -1.4
2103.9 -56 -37.1 50.9 -17.4 34.2
2985.6 -95.6 -162 53.4 115.4 158.9
196.7 183.9 303.4
500.4 23.4 -78.2 -33.8 -53.7 -24.8
2170.6 -23.6 -81.6 -6.2 -12.6 83.7
3064.4 -77.8 -168.4 43.2 72.1 160.7
231.5 181.7 312.9
529.8 16.4 -89.5 -41.8 -100 -29.9
2196.9 -27.9 -76.9 -1.8 -4.1 88.1
3113.4 -95.9 -167.1 77.1 76 172.2
249.3 180 341.1
538.5 20.9 -79.9 -40 -102.8 -42
2224 -14.5 -76 9.3 -4 70.5
3162.3 -58.6 -160 84.4 77.8 181.9
winner is: 7
