Regression analysis information for: peruvian_mismatch_declarative-broad-focus_Mi-madre-come-la-fruta
number of formants: 3
number of coefficients: 5
84 203.7 156
494.9 -23.1 -21.5 -33.3 0.9 -110.5
1471.5 68 43.8 16.2 -28.1 -19.9
2403.9 41.3 56 65.8 -18.7 -0.4
93.3 206.8 133.8
499.8 -30.9 -28.2 -25.2 -4.3 -105.2
1477.1 63.4 35 10.7 -29 -12.2
2439.8 8 76.1 40.5 -6.3 11.6
100 209 122.9
503.1 -36.4 -37 -22.3 -1.8 -98.5
1485 66.7 33.1 13 -24.7 -5
2457.8 3.5 74.1 28.9 1.7 24.2
100.8 207.6 117.7
502 -36.3 -38.1 -21.3 2.7 -96.9
1499.5 77.2 31.9 21.5 -15.9 2.8
2472.3 3.1 75.2 20.7 6.2 31
102.2 204.5 118.5
505.4 -28.1 -41.9 -29.3 11.7 -89.3
1517.6 97.4 38.6 25.9 -0.5 19.1
2489.9 1.8 68.2 6.7 6.3 51.2
107.8 205.3 133.3
509.6 -29.5 -45.4 -26 9 -89.5
1531 106.4 51.4 41.9 4 25.2
2517.1 13.5 68.9 6.6 11.1 86.2
114.7 217.7 137.6
513 -37.2 -45.3 -13.6 -1.3 -97.5
1549.2 111.5 79.5 81 -4.3 25
2537.1 11.3 75.6 23.7 -6.7 93.1
136.2 241.1 159.6
531.7 -53.7 -54.3 12.2 -27.4 -98.8
1582.3 99.3 87.9 127 -28.9 34.7
2577.5 2.7 75.3 57.9 -32.9 110.7
157.9 261.2 186.4
552.4 -74.3 -66.3 38 -50.7 -99.1
1611.8 83.7 79.5 145.2 -44.1 47.9
2621.1 -13.3 63.3 83.3 -54.6 128.3
174.5 288.5 234.5
570.7 -87 -86 61.8 -56.4 -118.8
1650.2 57.1 41.8 180.1 -56.6 23.2
2689.7 -45.7 23.8 158.7 -84.2 88.4
180.2 294.3 245.1
579.7 -96.3 -88.2 70.7 -63.9 -120.9
1670.8 36.3 39.2 196 -71.1 25.7
2720.2 -71.1 27.4 178.5 -104 84.9
183.4 294.1 255.1
583.7 -100.7 -89.5 70.8 -66.9 -117.6
1688.3 38.4 43.7 207.8 -71.1 36.3
2746.1 -67.2 25.3 193 -108.4 83.9
185.2 290 276.1
590.9 -101.8 -91 69.7 -60.3 -118.6
1725.1 54 66.1 237.3 -63.6 45.3
2786.6 -57 31.5 209 -101.5 79
192 297.7 302.9
600.7 -101 -96.4 60.8 -62.3 -112.7
1756.8 42.8 57.4 243.3 -76.1 71.4
2823.7 -74.3 3.9 190 -121.8 94.2
201.1 297.5 339.6
615 -94.4 -108.5 48 -68 -119.2
1807.8 38.7 2.3 212.1 -67.5 126.3
2883.5 -75.2 -41.2 136.6 -118.1 150.4
209.9 305.7 337.3
637.1 -116.3 -114.3 46.8 -67.9 -128
1866 7.7 -10.1 230.5 -66.3 153.6
2958.2 -89.8 -37.8 185.3 -137.2 187.1
220.4 277.5 342.8
661.1 -130.6 -117.2 31.4 -38.9 -130.5
1961.3 -2.5 -43.9 193.9 16.4 201.8
3069.4 -111.5 -71.2 180.6 -97.1 222.5
236.9 258.6 354.3
697.4 -121.6 -132.1 0.4 -35.2 -133.1
2028.1 -2.7 -70.9 174.2 19.7 231.1
3153.9 -125.3 -70.8 193.8 -134.8 244.4
253.5 273.6 388.8
734.7 -114 -132.3 -17.5 -58.7 -160.3
2079.6 15.2 -51.7 154.5 -15.6 210.4
3228.7 -108.4 -62.7 161.5 -160.1 223
263.3 256.4 388
775.6 -89.8 -146.4 -46.6 -91.3 -228.6
2153 23.5 -99.1 170.9 -21.6 86.2
3313.7 -120 -126.4 141.2 -180.4 80.8
winner is: 5
