Regression analysis information for: peruvian_match_interrogative-total-yn_David-leia-el-libro
number of formants: 3
number of coefficients: 5
87.3 268.6 164.9
402.5 -4.9 58.9 1.1 41.9 -58.6
1698.1 -85.4 -514.1 115.5 -57.5 -49.6
2435.7 -79.6 -276.3 -14.2 61.8 13.6
83.6 238 138.5
399.3 1.4 58.4 3.2 43.1 -56.6
1731.7 -32 -504.9 114.6 -34.8 6.6
2491.1 -18.1 -241.1 31.3 89.9 16.9
79.1 231.8 142.3
397.6 16.3 59.6 10.7 48.2 -53.5
1768.5 34.4 -496.7 81 -66.2 38.2
2525.4 48.6 -178.5 52.5 84.7 43.4
81.3 208.7 144.8
401 29.4 67.3 20.2 53.3 -45.9
1828.8 114.7 -512.8 28.9 -117.1 54.5
2578.8 116.7 -181.8 17.6 57.9 52.7
83 202.5 130.4
397 16.9 58.6 10.7 40.6 -51.5
1841.3 116.7 -521.3 28.9 -127.3 60.7
2603.1 134 -206 6.5 47.3 30.7
94.4 200.5 127.5
404.5 20.5 53.1 -1.1 33.9 -40.2
1849.1 124.3 -527.3 21 -140 74
2627.6 146.8 -230.6 -8.3 44.7 27.7
98.1 210.9 138.7
409.1 32.3 61.9 9.5 41.1 -33.6
1860.5 107.5 -521.8 16.2 -143.5 81.2
2647.8 157.4 -217.7 -5.4 60.8 36.7
89.7 206.2 133.8
400.9 17.1 64.9 16.6 40.7 -44.8
1864.3 80.6 -531.1 17.1 -168.3 86.9
2651.9 148.8 -221.3 0.5 65 34.7
91.7 208 141.5
403.6 16.2 69.5 17.5 42.8 -43.7
1875.4 66.4 -525.2 24.8 -176.6 94
2668 145.4 -216 3.1 70 39.2
95.6 212.4 140
407.9 12.6 76.3 17.4 44.8 -41.3
1889.8 32.9 -515.4 19.9 -186.7 93.9
2671.2 118.7 -193.2 -4.4 57.4 31.3
111.2 217.6 163.8
421 19 80.7 7.9 44.7 -29
1906.3 43.1 -503.8 31 -178 103.7
2699 128.2 -149.4 -6.5 75.2 44.5
127.2 230.2 211.6
435.2 30.4 79.4 -8.5 44.9 -13.7
1964.4 100.2 -433.8 91 -125.7 175.9
2767.1 181.4 -98 13.9 132.8 110.1
143.2 242 256.1
455.6 61.7 100.6 -7 66.5 -4.8
2015.6 105.5 -383.2 100.8 -83.5 206
2836.3 208.5 -79.7 4.8 201.9 132.1
157.1 244.9 277.8
467.5 53.7 110.6 2.3 61.7 2.5
2050.7 98.7 -366.4 92.6 -68.7 225.2
2893.2 190.4 -67 -6.4 218 151.6
156.5 234.4 284.1
463.4 53.5 89.7 -25.5 54.3 -13.7
2084.7 58.3 -343.7 52.8 -51.1 223.5
2936.6 170.8 -71.7 -41.6 225.4 164.4
170.3 224 288.2
472.8 48.4 100.1 -12.3 49.8 -10.6
2120.2 24.9 -306.4 47.7 -29 243.4
2975.6 146.1 -65.4 -40.6 226.5 174.3
197.8 217.6 287.1
486.6 27.5 108.6 -3.6 31.1 10.4
2171.7 -17.1 -253 17.5 -16.2 221.8
3017.4 138.2 -65.1 -39.1 200.7 173.8
260.5 227.9 322
530.6 14.8 126.8 17.9 -7.8 51.7
2216.4 -19.2 -228.6 22.3 -24.7 211.6
3085.4 137.2 -34.4 -7.2 177.8 192.7
327.5 251.5 344.1
585.4 -2.3 132.2 100.3 -45.7 49.7
2232.1 6.7 -263.4 31.4 -96.8 207.1
3144.4 124.9 -47.9 19.2 102.4 147.6
438.3 239.9 337.4
700.3 -37.3 127.4 247.6 -189.8 69.6
2354.1 133 -168.7 133.7 -120 193.1
3281.1 228.4 29.8 139.8 60 145.1
winner is: 5
