Regression analysis information for: peruvian_match_interrogative-partial-wh_Cuando-bebia-el-vino
number of formants: 3
number of coefficients: 5
78.4 248.6 139.4
424.8 -8.3 103.8 -16.1 62.2 -14.1
1548 -201 -453.2 48.7 89.1 24.6
2467.4 -31.9 -94.5 1.7 -25.7 -26.3
81.4 251 155.1
418.5 -11.5 98.8 -9.8 58.7 -0.8
1575.9 -266.4 -416 72.7 25.5 102.2
2495.1 -31.1 -103.3 9.1 -19.8 -3
84.6 255.8 172
416.4 -14 97.7 -7.6 56.6 4.3
1601 -310.7 -406.6 78.4 19.9 128.1
2523.9 -48.5 -94.8 2.4 -1.9 12.3
85.9 245.8 171.3
416.7 -13.5 98.9 -4.5 55.4 8.4
1613.7 -326.3 -424.2 100.5 -2.6 146.2
2556.4 -69 -81.3 3.7 -2.4 7.8
88.4 243.4 166.7
423.9 -21.3 112.8 -10.7 63.8 4.6
1622.7 -344.4 -431.4 97 -18.7 146.6
2582.3 -79 -67.3 -6.8 -1.8 -13.1
94.1 253.2 171.8
438 -45.2 139.6 -30 83.8 -9.1
1649.9 -380.1 -406.2 76.6 -8.1 132.5
2625.6 -86.1 -24.4 -28 2.8 -55.8
96.9 265.3 184.2
443 -24.1 137.4 -29.3 63.9 -18.1
1671.5 -370.2 -397.5 68.5 -26.9 106.4
2652.3 -72.9 -9.7 -31.1 -19 -78.4
90.7 269.8 195.8
440.6 -13.1 138.6 -25.7 68.3 -19.8
1687.7 -359.8 -387.5 84 -29.7 110.5
2670.4 -69.2 8.2 -9 -36.2 -70.1
87.9 310.7 199.9
435.3 4.6 134.4 -28.2 69.6 -29.4
1664.5 -303.7 -367.4 36.2 57.4 42.2
2670.5 -58.6 25.5 -27.4 -5.6 -96
93.3 314.1 264.4
428.4 -1.9 126.6 -27.7 72.9 -24.3
1691.3 -219.7 -302.8 137.6 155.8 81
2696.1 -5.1 99.8 52.4 79.7 -5.5
95.1 306.1 273.3
430.3 -8.8 129 -24.4 77.4 -16.4
1711.1 -252.2 -285.7 173.4 165.8 127.8
2719.9 1.2 114.5 72.3 105.2 20.4
100.1 369.2 299.4
450.8 -4.8 154 -42.7 76.3 -51.3
1810.6 -229.7 -204.5 159.8 116.1 74.7
2789.1 35.6 175.9 79.5 110.4 7.7
92.5 368 304.1
465.5 -2.6 170.2 -60.3 75.1 -74
1857.6 -249 -183.4 143 95.1 68.3
2833.9 34.6 197 68.8 98.8 -8.2
89.5 354.8 288.9
471.8 0.2 175.1 -73.5 71.5 -86.9
1913.7 -246.1 -161.8 161.1 66.5 115.8
2898.4 52.2 229 80.6 77 -14.5
90.4 348.4 266.5
487.6 -3.4 197 -81 82.1 -89.1
2019.5 -201.2 -121.4 77.6 51 112.2
2976.8 64.4 261 26.1 90.2 -35.9
96.8 285.9 251.4
507.7 -8.8 220.2 -95.6 79.1 -97.2
2116.6 -133 -26.5 99 97.7 121.7
3075.5 132 303.4 31.8 132.6 -8.2
107.9 254.4 257.3
517.6 -3.3 223.3 -110.6 82 -86.6
2177.1 -101.6 -3 72.4 103 118.9
3131.4 161.3 292.5 6.3 129.4 -11.5
129.9 255.6 280.6
519 -26.6 216.3 -116.1 92.5 -86.3
2191.6 -157.1 -2.8 51.1 136 113
3170.7 137.6 290.3 -11.4 128.7 -45.5
147.2 251.8 300.2
527.3 -66.3 198.6 -93.7 105.4 -91.4
2197.3 -211.6 -9.6 50.9 169.4 121.4
3200 95.5 269.1 14.2 133.4 -39.6
170.7 278.1 327.8
528.6 -60 160.5 -58.7 104.8 -129.3
2187.1 -189.3 -59.6 80.4 149.8 102.8
3226.6 84.5 231.7 37.5 152.8 -87.1
winner is: 1
