Regression analysis information for: peruvian_match_declarative-narrow-focus_Ana-lleva-el-abrigo
number of formants: 3
number of coefficients: 5
52.5 197.7 131.8
466.8 90.6 6.1 43.6 88.6 -33.3
1541.5 102.2 -113.9 71.2 -242.7 221.7
2453.3 23.5 27.8 -35.5 -4.1 1.6
51.3 201.6 154.5
462.5 83.6 4.4 47.4 92.4 -30.7
1544.8 73.7 -115.3 89.9 -250.3 245.4
2440.9 -58.2 -0.3 -13.2 3.2 61.4
52.1 193.8 171.6
464.5 84.8 3 45.7 90.7 -31.5
1577.6 94.8 -132.2 49.4 -298.1 248.7
2472 -32.2 -6.9 -54.1 -47.2 58.2
53 192.3 164.4
466.5 85.6 3.9 47.2 92 -32.5
1592.3 102.8 -133.3 46.4 -312.9 241.6
2506 -9.1 2 -55.5 -91 40.3
55.2 187.5 140.4
469.6 88.8 5.7 47.9 92.6 -33.4
1605.7 116.6 -132.8 42 -325.8 234.1
2550.2 47.1 26.2 -63.9 -134.9 0.5
57 180.9 136.8
473.2 92 8.5 48.2 94.2 -33.7
1628.6 141.8 -133 23.2 -353.4 221.6
2586.1 83.8 39.1 -76.4 -170.4 -11.9
58.6 178.5 145.2
477.1 96.5 12.5 50.1 96.3 -33.2
1639.6 153.9 -130.2 20 -360.3 217.6
2613.4 100.2 53.6 -73.5 -195.5 -11.9
60.2 185.4 155.1
483.9 93.6 22.9 46.8 106.6 -37.1
1655.2 145.4 -117.5 8 -345.3 210.3
2636.8 103.3 70.6 -83.1 -200.6 -20.6
62.3 194 165.6
486.2 87.5 29.3 48.8 119.1 -34.7
1666.2 136 -113.7 4.7 -329.7 212.4
2639.4 80.1 76 -74.4 -171.9 -0.3
65.2 209 166.7
488.1 79.1 33.6 48.3 130.3 -32.9
1677.3 115.4 -110.7 -3.6 -306.7 209.5
2634.9 38.7 83.6 -56 -124.5 24
66 236.8 198.3
490.2 64.7 33.6 37.9 135.7 -40
1705 69.1 -96.4 -45.5 -274.9 181.2
2674.8 28.1 104.4 -103.9 -144.4 -22.7
66.8 254.7 213.4
493.2 60.7 33.4 34.5 140 -44.1
1738.1 27.3 -87.5 -67.5 -247 175.9
2703 -5.4 126.7 -125 -137.2 -29.3
69.5 271 225.6
498.7 56 37.4 30 146.9 -46.7
1777.7 -16.1 -69 -97.4 -210.4 161.4
2738 -28.3 152.7 -154.5 -136.6 -46
75.9 261.9 233.3
506.6 55.2 41.9 32 146.9 -46.8
1851.2 -117.4 13.4 -176 -144.5 120.8
2796.8 -82.5 215.6 -208.6 -126.4 -75
91.5 236.9 232.2
525.6 49.7 42.9 50.7 142 -62.9
1912.7 -183.8 57.2 -197.7 -129.5 96.7
2855.3 -119.4 245.2 -213 -151.1 -94.7
105.3 168.2 204.9
540.9 35.3 43.7 65.5 145.1 -75
1965.8 -274.1 126.7 -252.4 -98.4 63.2
2910.6 -182.7 280.1 -228.7 -162.7 -106.7
132.6 159.2 219.5
568.9 20 30.8 108.8 137.9 -91.9
2033.3 -304.1 75.3 -228 -103 54.2
2975.5 -217.2 247.8 -198.1 -184.3 -109.3
153.9 171.6 233.7
597 38.2 28.8 151.1 142 -114.3
2102.9 -290.6 5.8 -219.3 -82.9 42.6
3068.9 -212.5 158.1 -184.1 -140.1 -103.2
191 174.1 243.6
643.8 59.5 18.7 174.7 119.7 -115.1
2185.1 -277.9 -48.3 -157.3 -70.7 -18.5
3154.5 -200.1 80.6 -166.7 -118.9 -126.9
214.8 184.2 256
659.3 61.7 1.2 171.9 102.5 -107
2205 -280.3 -69.9 -169.5 -84.6 -28.7
3184.2 -187.5 71.3 -178 -133.9 -124.8
winner is: 6
