Regression analysis information for: peruvian_match_interrogative-partial-wh_Por-que-abre-el-regalo
number of formants: 3
number of coefficients: 5
86.3 190.6 167.9
520 1.8 5.8 -25.1 6.8 37.7
1530.7 83.6 -235.8 -123.7 -280.8 -132.4
2366.3 36.5 -44.2 -99.1 -44.1 -58.9
89.4 188.1 139.9
521.7 8.6 11.7 -20.6 6.5 35.6
1555.5 94.3 -233.1 -106.3 -298.9 -156.7
2410.1 19.8 2.7 -96.7 -39.1 -86.4
92.7 190.8 119.5
522.4 17 16.9 -12.2 7.1 38.2
1568.3 105.8 -232.3 -82.9 -310.6 -168.4
2445.6 18.9 15.4 -81.2 -42.4 -70.5
94.5 188.1 111.4
522.6 22.7 20.4 -8 5.1 38.3
1578.5 124.9 -230.7 -89.1 -327.3 -167.9
2464.3 14.6 21.5 -98 -44.8 -64.7
90.1 191.2 111.3
518.4 21.6 16.3 -6.5 3.4 41.7
1581 132.6 -233.7 -84.3 -332 -166.3
2473.9 11.3 26.1 -108.7 -38.3 -63.9
88.1 191.4 111.1
516.2 23.4 14 -3.4 3.6 45.5
1580.8 139.7 -242.8 -77.6 -333.1 -161.2
2476.8 8 20.9 -109 -31.8 -57
87.8 194.8 111.7
516.3 28.7 13.4 0.5 1 47.9
1586 150.4 -247.1 -67.7 -330.7 -160
2482.1 9.5 19 -112.3 -31.3 -56.8
87.9 200.1 112.1
516.6 32.4 12.6 2.7 0.9 49
1593.9 155 -254.7 -60.4 -320.7 -168
2488.4 11.1 16.3 -114.3 -29.1 -59.9
90.1 206.7 115.5
518.9 37.7 15.7 6.8 3.6 51.9
1603.8 161.1 -260.4 -50.4 -315.6 -175.8
2499.2 15.6 12.8 -104.8 -24.9 -66.2
94.5 213.5 123.2
524.5 40.1 13.3 12.5 6.6 44.9
1613.9 165.2 -266.4 -40.6 -311.6 -183.6
2511.8 16.3 9.2 -95.8 -17.6 -79.1
96.6 222 130.1
527.5 40.5 16.2 15.6 11.7 48
1625.2 165.3 -272.8 -31.8 -305 -185.1
2529.8 18.7 14.9 -88.6 -3 -89.8
104.6 227.5 146.3
531.9 40.6 19.4 17.6 16 44.7
1649.8 182.1 -278.2 -3.2 -292.8 -206
2556.8 31.2 21.7 -68.2 14.4 -118.3
110 248.2 174.5
539.1 36.2 27 21.7 31.3 47.5
1676.5 177.6 -276 23.4 -259.3 -206.5
2588.1 27.2 41.3 -52.8 51.1 -128.3
127.7 266.9 214.6
558.3 49.2 48.3 26.1 40.7 25.5
1745.5 182.1 -177.8 6.5 -206.3 -272.1
2650.3 44.3 114.8 -50.3 89.1 -190.3
132.5 278.5 228.7
573.5 62.5 68.8 33.9 51.1 23.8
1815.9 195.3 -84.3 22.7 -144.4 -265.8
2711.5 61.4 188.9 -43.8 132.1 -197.8
132.7 267.1 212.3
581.9 62.5 95.2 25.9 61.7 33.8
1903.3 201.3 24.5 36.3 -56.9 -250.3
2787.2 73.1 285.4 -48.8 183.4 -195.7
152.4 241.8 226.1
609 77.4 97.2 28.9 64 8.6
1999.4 163.8 67.4 1.7 10.6 -245.7
2872.1 68.5 310 -40.9 189.3 -232.1
183.6 224.7 289.7
633.5 83.7 86.6 30.8 60.6 5.9
2059.7 182 27.7 -2.6 42.3 -222
2988.8 98.4 210.5 -82 229.4 -189.3
203.6 210.6 299.6
663.8 55.7 92.5 36.1 47.3 35.5
2127.4 173.1 29.5 -28.5 62 -206.1
3114.6 136 110 -144.7 281.1 -129.3
246.9 235.1 328.2
709.6 45 93.6 34 -18 36.1
2170.1 131.6 34.3 -41.9 42.1 -181.3
3189.9 104.6 90.3 -143.6 219.8 -104.1
winner is: 6
