Regression analysis information for: peruvian_mismatch_interrogative-partial-wh_Por-que-vivia-en-Paris
number of formants: 3
number of coefficients: 5
77.6 229.8 189.5
428.3 49 34.1 66.1 -6.7 -77.6
1678 -27.2 -298.4 -358.2 76.5 -50.3
2426.1 -94.7 -118.6 -139.1 132.6 1.6
76.7 250.4 195.2
428 52 40.2 70.5 -8 -73.9
1712.3 -76 -252.2 -372.1 57.9 3.9
2461.9 -130.7 -83 -132.7 143.8 21.1
80.6 242.8 190.7
433.1 53.7 52.9 73.3 -9.6 -75.6
1785.4 -149.5 -233.3 -343.9 35.9 0
2509 -149.4 -80.9 -99.6 155.9 -17
81.2 235.8 183.4
436.6 61.6 64.9 80.4 -4.4 -69.8
1813.4 -163.4 -215 -335.3 42.1 -3.6
2532.6 -159.7 -66.6 -103.6 163.3 -32.2
97.1 247.1 196.3
446.1 52.5 86.1 68.3 12.2 -82.9
1857.4 -190.6 -169.6 -328.5 23.7 20.3
2576.5 -198.2 -20.8 -124.1 149.6 -31.4
119.5 264.9 217.2
456.9 34 110.2 43.7 31.4 -108.3
1896 -225.4 -127.4 -329.5 7.8 37.9
2629.7 -263.1 48.1 -162.7 140.1 -15.1
149.1 273.8 224
482.5 -5.9 160.6 3.6 71.5 -139.3
1930.8 -261.8 -80.9 -349.8 29.1 10.8
2684.6 -338.6 110.5 -203.1 174.3 -59.9
165.2 280.6 224.9
502.9 -42.3 199.6 -31.8 102.6 -167.2
1951.7 -293.4 -54.4 -369.4 36.6 -1.6
2714.4 -372.9 146.1 -226.9 179.9 -67.5
177.3 280.7 246.9
526.3 -88 241.5 -69 130.3 -191
1966.3 -310.7 -38.9 -378 32.4 6.3
2753.9 -417.4 187.9 -230.6 183.5 -52.1
185.5 273.8 248.4
541.6 -127.4 267.6 -93.5 148.5 -204
1976 -342.1 -35.1 -401.4 38.3 -10.7
2773.6 -460.4 200.7 -247.8 190.7 -68.7
196.1 266.6 244.3
555.3 -161.8 293.9 -121 171.8 -223.9
1992.7 -391.4 1 -435.4 67.7 -31.9
2790.7 -506.1 249.4 -287.1 228.5 -112.3
207 278.7 265.4
580.7 -170.6 339.2 -128 206.2 -225.5
2033 -389.4 61.7 -426.5 122.6 -16.5
2818.9 -495.1 295.8 -280.8 288.4 -131
206.1 256.2 270.5
605.1 -212.8 379 -155.4 230.8 -235.8
2091.6 -445.4 110.3 -453.6 185.6 -43.6
2882.5 -566.6 326.1 -288.1 330 -171.9
201.1 243.8 267.9
631.1 -241.5 421 -179.9 254.9 -252.9
2134.8 -465.1 124.9 -475.6 208.7 -54.7
2945.4 -615.8 344.8 -303.9 360.8 -202.1
212.3 243 294.8
647.3 -232.4 436.8 -178.3 249.1 -264.3
2201.9 -394.2 183.4 -414.2 253.5 -21.3
3024 -578.3 377.8 -262.3 377.9 -178.6
227.8 192.7 295.8
670.9 -206.5 458.7 -167.5 229.7 -288.5
2284.4 -297.6 259.5 -344.4 258.9 -16.6
3116.5 -487 441.3 -217.7 372.6 -185
244.2 195.9 317
709.8 -217.9 483.6 -185.8 192.8 -292.8
2317.7 -319.6 256.9 -336.7 218.3 -7.7
3184.7 -482.3 436.6 -248.3 326.6 -188.5
294.1 201.6 336.8
744.2 -170.9 454.3 -235.9 143.1 -293.7
2337.9 -301.2 245.5 -340.1 188.7 -7.2
3243.5 -447.8 404.6 -291 265.5 -169.1
340.5 208.8 349
800.6 -187.6 447.9 -264.2 84.3 -247.4
2367.1 -306.2 247 -349.1 165.9 5.9
3296.2 -470.9 387.9 -313.6 224.4 -127
347.1 220.7 352.8
804.5 -209 449 -287.6 87.5 -235.8
2372 -334.5 240.6 -363.7 170.9 18.7
3312.8 -473.9 375.6 -314.3 213.5 -125.7
winner is: 1
