Regression analysis information for: peruvian_match_interrogative-total-yn_Mariano-habla-del-tiempo
number of formants: 3
number of coefficients: 5
89.4 195.8 153
471.9 59.2 3.3 -69.9 9.2 12.2
1407 193.6 -143.5 256.4 -120.6 -194.6
2388.5 8.9 59.1 -37.4 -38.3 -0.3
90.7 201.8 146.7
476.8 47.6 4.1 -68 2.4 16.6
1434.2 162.2 -143 278.3 -147.1 -199.8
2417.5 -15.2 73.3 -61.9 -68.3 21.9
89.9 184.8 155.5
476.7 41.5 2 -61.9 -2.5 18.4
1455.9 134.1 -182.3 319.6 -156.2 -210.2
2446.5 -34.7 43.3 -28.6 -63.1 -19.5
90.5 197.2 147.1
478.6 51.9 15.5 -53.5 15.1 25.4
1486.9 140.1 -170.1 359.9 -147.4 -205.8
2483.2 -49.5 8.6 21.5 -25.8 -26.7
94.4 184.1 119.2
483.8 44 16.2 -49.4 7 31.9
1506.3 122.3 -181.8 376.2 -162.2 -215.7
2519.9 -75.5 -27.1 48.8 -21.5 -68.7
98 193 108
488.2 47.9 23.4 -54.2 10.6 35.8
1524 134.7 -163.6 382.5 -155.5 -218.2
2559.7 -66.2 -38.3 67 -13.3 -102.8
98.7 211.1 115.8
489.7 61.3 33.6 -57.5 24.8 38.5
1545.8 165.5 -130.9 393.2 -136.4 -220.8
2583.3 -45.5 -17.5 72.3 0.1 -116.4
100.3 216.8 116.1
492.7 64.4 37.2 -61.3 25.6 41
1550.9 193.8 -122 390.8 -123.2 -233
2602.7 -21.4 0.5 76.7 -4 -127.3
104.8 231 116.7
498.5 60 44.6 -66.2 31.5 42.1
1564.6 178.3 -113.3 381.6 -122.1 -232
2623.9 -45.5 24.6 42.7 6.2 -166
114.8 248.9 137.2
508.4 53.9 49.7 -62.2 23.6 54.7
1592.2 173.7 -87.1 395.8 -107.1 -211.9
2657.5 -62.9 57.5 44.5 14.1 -159.1
123.6 276.8 161.1
520.8 47.6 59.9 -54.1 16 76.8
1622.8 150.5 -52.1 396.8 -85.4 -202.8
2693.4 -75.8 95.2 54.2 35.3 -145
130.9 326 187.9
537.1 20.7 72.5 -60.3 14.2 79.5
1675.9 51.4 20.5 336.3 -31.6 -252.5
2746.8 -142.2 153.1 23.7 83.8 -175.3
148.1 353.7 222.6
558.6 6.4 64.3 -38.8 20 61.9
1722.7 9.8 45.5 316.6 13.7 -272.6
2801.2 -163.7 171.4 52 124.7 -176
156.5 367.6 232.5
568.6 -15.2 54.6 -35.6 14.2 51.6
1794.2 -124.4 91.8 282.1 -10.3 -283.3
2845 -243 176.2 50.4 100.6 -191.7
190.8 369.7 267
594.4 -36.1 24.4 0.8 15.2 20.7
1825.7 -136 70.6 307.5 0.6 -269.7
2886.9 -265.1 143.7 98.5 104.1 -214.2
217.7 363.9 283.5
625.3 -70.6 7.7 36 -1.6 0.7
1874.9 -197 89.8 313.1 -5.9 -272.5
2937.5 -314.3 139.9 131.8 90.8 -227.4
231.5 359.8 291.5
639.7 -78.7 11.6 61.9 -3.1 2
1917.9 -231.3 118.6 327.7 -6.9 -257.1
2987.4 -332.1 157.8 158 84.6 -200.6
262.9 354.3 347.4
682.6 -54.6 0.6 47 -35.1 -16.4
2080.2 -216.7 127 223.9 -69.4 -220.4
3110.1 -318.1 164.3 131.5 55.1 -168.7
295.6 332.2 386.3
731.6 -26.2 -47.4 36.9 -17.2 -18.1
2219.7 -180.6 46.3 107.3 -67.5 -126.4
3221.7 -288.4 79.9 93.9 78.7 -118.6
334.4 295.5 385.7
769.8 -12.3 -70.2 77.2 -9 -32.6
2301.3 -173.4 36.4 92.4 -39.8 -88.6
3313.7 -273.8 51.2 92.2 123.3 -101.7
winner is: 5
