Regression analysis information for: peruvian_mismatch_declarative-narrow-focus_Mi-madre-come-la-fruta
number of formants: 3
number of coefficients: 5
93.1 219.2 146.2
481.5 -38 -36.5 -20.9 -4.4 -107.3
1515.4 126.9 91.4 44.3 -6.5 12.3
2422.6 -16.7 84.2 46.1 44.4 -24.8
99.9 225.9 152.3
481.6 -40.3 -46.6 -20.6 -0.7 -93.7
1522.7 127.6 79.2 39.9 -5.2 29
2432.6 -4.3 65.7 62.8 23.9 -1.9
102.1 228.6 138.5
478.7 -46.5 -46.5 -11.9 -4.4 -94.4
1527.9 118.3 73.7 42.5 -10.7 36
2464 -44.8 90.7 55.2 19.4 21.5
108.9 234.6 130.5
481.9 -52.7 -48.8 0.6 -13.1 -93.9
1547.1 119.3 76.4 67.9 -18.5 47
2481.9 -51.2 98.7 60.2 21.3 33.9
115.3 237.5 134.5
488.4 -55.8 -57.3 6.1 -15 -89.1
1574.3 134.7 82.3 97.2 -9.8 63.4
2506.4 -54 98.3 62.6 29.4 49.4
122.1 242.6 140.8
494.5 -61.6 -60.1 13.3 -20.8 -87.4
1595.7 143.8 92.2 117.2 -13.1 65.9
2523.9 -62.8 100.6 66.6 27.2 50.8
127.2 243.9 151.2
500.1 -61.4 -68.1 9.4 -16.8 -82.4
1622.4 172.5 106.8 131.3 -6.4 70.3
2542.7 -49.7 97.2 61.3 37.1 59.6
129.8 244.1 161.7
503.1 -61.3 -74.3 7.6 -15.9 -80.4
1633.4 174.7 103.9 130.2 -3.8 73.9
2560.2 -48.4 88.2 60.8 29.6 71.1
139.2 252.7 177.7
512.7 -66.6 -86.3 12.3 -14.4 -82.3
1655.4 162.7 81.8 137.1 -3 77.2
2589.3 -45.1 66.4 57.8 37.5 81.1
146.6 266.3 197.7
523 -72.7 -100.2 19.4 -10.3 -89
1661.8 134.5 48.8 133.2 -9.6 66.4
2615.2 -43.3 54.6 67 39.4 73.4
156.8 280.5 197.7
525.7 -79.4 -95.3 28.8 -26.2 -94.7
1661.9 101.6 40.9 141.5 -41.3 58.5
2623.1 -75.4 48.8 81.6 1 54.8
169.7 291.4 224.7
542 -95.9 -107.4 47.2 -32.6 -91.1
1709.9 94.6 23.5 173 -40.7 65.8
2673.7 -85.1 28.8 102 -7.5 72.9
188 298.4 268.7
564.4 -103 -122.3 53.4 -42.3 -85.5
1768.9 93.3 16.7 181.3 -48.8 94.9
2756.2 -94 -18.4 122.8 -32.7 101.5
214.3 306.5 306.1
593.5 -106.6 -133.6 45.6 -71 -80.7
1837.8 47.2 23.9 207.1 -111.4 148.1
2858.3 -136 -34.9 149.5 -109.1 124.3
233.5 320.5 369.6
619.7 -96.8 -134.1 11.5 -92.3 -99.9
1885.6 64.8 41.3 185.9 -130.7 138.1
2949.7 -112.5 -35 99.9 -147.1 121.4
251 332.4 407.4
650.9 -100.9 -136.2 -29.5 -99.2 -103
1917.2 46.9 57.1 166.7 -127.8 145.7
3017.2 -108.5 -36 43.4 -152.5 127.5
251.8 285.8 408.8
666.7 -116.7 -134 -33.8 -103.8 -85.7
2015.2 45.3 -20.5 151.3 -46 222.8
3113.6 -56.8 -93 25.9 -91.5 190.6
253.1 263.8 403.4
685.9 -97.8 -139 -35.7 -122 -97.5
2057.9 62.5 -43.5 155.7 -16.6 221.5
3159.5 -28.1 -87.9 17 -79.2 207.4
264.6 250.6 392.3
711.7 -70.7 -133.4 -39 -115.9 -128.3
2094.9 70 -37.9 169.3 1.5 187.8
3213.9 -11.1 -60.1 35.5 -44.5 139.5
276.8 249.5 398.1
746.3 -67.6 -152.7 -61.7 -142.8 -182.7
2161.5 48.1 -43.4 169.5 3 108.2
3296.3 -32.8 -55.5 26.1 -54.1 59.1
winner is: 1
