Regression analysis information for: peruvian_mismatch_declarative-narrow-focus_La-maestra-vive-en-Paris
number of formants: 3
number of coefficients: 5
143.9 170.2 135.2
493.3 12 54.4 -39.9 -20.8 -42.8
1641.3 -57.8 50.9 -130.8 -34.8 -86.1
2382.1 -161.4 102.1 -90.8 57.2 -43.3
159.1 190.9 139.8
503.4 -11 74.6 -59.9 -8.7 -47.4
1678 -80.2 38.6 -151.5 -13.4 -71.1
2438.6 -148.7 112.8 -148.7 62.2 -50.5
177.6 206.6 145.2
516.5 -36.4 102.4 -84 11.4 -64.3
1716.7 -114 48.9 -179.2 10 -64.5
2489.9 -143.1 139.3 -182.4 78 -65.6
182.3 219.8 145.8
513.2 -25.4 97.2 -77.8 8.9 -64.8
1747.9 -145.1 61.6 -171.8 -9.2 -31.2
2515.4 -160.5 141.2 -182.2 69.1 -64.4
210.4 247.2 178
545 -87.5 158.3 -128.7 45.2 -88.1
1789.4 -224.8 136.4 -219.7 -10.6 -1
2560.4 -244.6 204.2 -226.2 90.7 -56.3
221.6 240 183.3
589.4 -168.9 232.9 -187.7 85.5 -109.5
1826.2 -284 201.6 -274.6 22.9 -17.6
2608.4 -324.4 278.2 -283.6 118.2 -59.7
202.4 223.9 188.6
628.8 -240 297.9 -244.9 129.2 -140.6
1871.1 -344 241 -299.8 29.5 -22.2
2677.2 -404.8 344.1 -327.2 104 -53
200.6 214.3 197.8
637.6 -252.8 309 -252.6 129.5 -138
1897.1 -364.6 252 -295.5 -7.2 20.7
2709 -401.6 345.4 -318.6 41.1 -0.1
206.9 213.4 212.1
647.5 -266.3 322.1 -257.3 129.8 -128.9
1917.2 -383.5 265.7 -310.3 -6.2 22.6
2745.5 -414.1 363.5 -355.1 25.9 6.9
212.8 214.9 224.8
653.5 -272.1 331.1 -261.4 132.9 -124.8
1942.4 -413.6 293.3 -345.7 13 12.7
2791.7 -450.6 394.8 -411.9 26.1 -3.2
214.9 213 250
660.2 -294.5 343.8 -270.2 136.6 -124.7
1973.1 -450.5 322.7 -369.6 28.8 -3.2
2841.4 -493 443 -484.7 38.2 -44.4
241.6 233.1 299.4
685.8 -282.4 333.5 -297.2 114.5 -125.3
2018.7 -458.6 334.5 -399.8 19.4 -8.5
2912.2 -500.8 445.4 -529.3 -7.4 -45.8
260.7 239.9 327.8
701.7 -266.2 332 -309.7 103.5 -122
2047.4 -464.3 328.3 -398.5 26.7 -20.6
2970.7 -504.5 448.3 -559.3 -46.7 -33
282.7 258.2 358.7
722.1 -249.1 344.5 -315.8 113.4 -107.1
2092.3 -446.8 315.1 -423.5 24.9 -21.3
3024.9 -494.6 454.3 -583.4 -59.8 -0.2
315.4 307.2 410.9
755 -210.8 350.8 -325.5 88.7 -109.9
2168.8 -408.3 275.4 -415.7 18 -60.9
3101.7 -462.4 420.8 -576.2 -66.7 -21.6
349.5 337.1 443.2
806.7 -174.1 359.6 -332.5 117.9 -112.6
2228.6 -378.4 274.8 -435 33.7 -70.7
3170.3 -425.6 424.8 -594.4 -33.9 -14.7
376.4 358.5 463
848.7 -150.7 360.9 -367.3 130.7 -108.5
2292 -371.6 259.7 -462.1 35.4 -78
3237.9 -429.2 406.5 -636 -14.8 -6.4
419.3 406.4 496.7
922.5 -83.6 348.6 -422 127.8 -89.8
2372.9 -322.9 247.5 -514.1 20.6 -72.8
3311.1 -369 405 -674.8 13.3 22.6
427.6 440.7 520
963.4 -39.8 356.2 -417.5 108.9 -129.9
2432.4 -285.9 262.2 -553.3 -19.5 -97.4
3374 -327.9 421.8 -685.7 17.6 23.8
425.6 429.4 540.1
981.7 -41.9 364.6 -403.9 102 -110.5
2494.4 -285.8 301.9 -526.1 -9.4 -79.5
3467.8 -293.4 446.7 -652.8 23.9 64.7
winner is: 1
