Regression analysis information for: peruvian_match_declarative-broad-focus_Marta-abre-el-regalo
number of formants: 3
number of coefficients: 5
83.7 108.3 117.5
578.4 85.9 7.8 -96.4 -82.2 5.6
1459.5 -111.8 -89.3 57.5 -73 -72.3
2348.9 -35.7 91 -0.2 -14 -40.1
81.6 116.8 111.6
578.7 90.7 11.5 -89.3 -78 7.6
1472 -107.1 -83 84.1 -63 -72.7
2363.9 -32.7 107.8 33.6 -11.7 -73.9
81.3 115.9 103
576.9 91.5 9 -85.2 -77.6 11.3
1481.4 -104.9 -84.1 95.7 -56.1 -68.2
2381.2 -37.9 92.2 28.9 -10.5 -83.4
79.1 133.7 90.7
584.8 110.9 24.8 -63.5 -58 35.7
1505.7 -70.2 -52.5 138.5 -21.2 -30.9
2408.8 -11.4 89.5 3.2 -21.7 -72
76.3 136.1 76.9
586.3 115.6 25.8 -58.7 -54.4 44
1515.7 -58.4 -46.9 150.7 -14.6 -16.4
2434.1 11.5 82 -23.3 -42.8 -67.5
76.6 129.3 77.5
584.5 114.5 20.3 -59.6 -56.3 46.7
1515.9 -60.7 -59.8 147.3 -23.1 -18.3
2442.5 19.8 77.9 -37.1 -51.8 -66.4
77.9 128.1 80.8
585 117.3 19.1 -58.4 -55.9 50.3
1515.9 -51.8 -61 144.1 -18.6 -16.4
2447.5 28.5 79.3 -38.4 -47.4 -60.7
78.9 126.9 78.6
586.6 122.4 19.9 -55.8 -57 51.5
1519.7 -46.1 -63.7 150.7 -18.6 -18.4
2454.3 37.8 82.5 -37.2 -49.4 -66.1
79.8 127.8 76.6
588.5 126.2 21.8 -51.8 -57 51.4
1527.5 -44.8 -65.1 165.8 -16.5 -21.9
2461.1 42.6 80.6 -26.8 -53.6 -69.4
80.8 134.6 79.5
591.8 131.7 23.7 -46.5 -56.9 53.3
1543.1 -43.2 -67.4 188.4 -15.4 -19.6
2473.9 47.5 83.9 -17.9 -56.5 -73.2
81.9 147.1 87.3
597.6 137.5 29.8 -39.7 -52.5 56.3
1566.9 -54.2 -68.4 215.3 -15.6 -17.7
2490.2 50.3 99.9 -13.7 -50.1 -71.9
83.3 157.5 107.4
604.2 143.6 35.9 -32.9 -47.9 59.9
1589.4 -57.3 -69.2 237.3 -3.1 -16.2
2515.7 70 127.8 15.2 -32.4 -50.4
86.4 163.9 123.6
608.8 145.8 40.3 -31 -45.8 63
1605.1 -70.4 -68.6 239.5 2.5 -14.2
2536.4 60 151.6 13.5 -12.6 -55
96.5 170.5 146
614.9 135.5 22.5 -34.4 -49.3 43.4
1621.7 -95.1 -82.7 232.4 -8.1 -33.6
2560 50.9 133.3 19.2 0.1 -89
105.9 192.8 212.5
641.1 144 23.8 -16.9 -29.1 25.9
1674.8 -104.5 -73.5 257.1 26.3 -66
2623.2 56.9 146.1 53 64.7 -148.7
112 208.5 268.8
658.3 134.8 26.4 -22.6 -29.9 11.4
1721.8 -130.2 -38.9 256.3 41.8 -75.9
2687.4 33.1 162.9 85.1 83.7 -198.7
131.6 229 292.1
684.9 124.5 35.5 -28.2 -38.3 -13.8
1768.9 -151.7 -7.2 215.2 55.5 -139.7
2750.6 -2.9 188.2 65.3 59.7 -265
159.5 249.3 320.9
726.1 96.1 37 -2.4 -58.4 -25.8
1830 -174.9 -8.7 241.8 62.1 -145
2823.5 -41.8 183 97.1 45.7 -291
160.2 265.5 340.3
755.5 101.5 50.8 -35.6 -44 -5.6
1881.1 -200.8 7.2 218.4 74.2 -143.2
2920.7 -58.3 116.6 86.5 145.2 -318.3
180.1 294.1 411.8
786.8 127.4 46.5 -51.7 -29.8 25.1
1979.5 -134 -1.8 198.8 105.6 -32.8
3060.3 13.5 64.2 56.8 176.5 -204.4
winner is: 6
