Regression analysis information for: peruvian_mismatch_interrogative-partial-wh_Por-que-desayuna-muy-bien
number of formants: 3
number of coefficients: 5
62.8 188.8 134.7
449 -7.2 67.4 -10.2 34.1 -25.4
1692.2 -242.9 7.5 -247.9 -231.2 120.2
2475.5 -141.5 -0.8 -113 -70.4 55.3
66.5 193.9 129
444.2 1.9 83.6 -22 35.5 -23.6
1707.7 -234.4 35.2 -253.5 -247.8 103.6
2513.7 -134.8 12.9 -125.4 -74.2 46.7
70.5 200.4 124.5
446.9 3.1 84.4 -19.2 47.3 -40.3
1722.7 -223.7 35.2 -252.8 -238 106.2
2546.8 -137.8 10.6 -119.6 -60.1 35.7
72.9 203.9 135
440.7 11.5 85.1 -17.2 53.7 -39
1733.3 -223.7 53.4 -248.5 -232.1 109.7
2564 -148 29.8 -118.2 -56.3 22.7
75.5 212.7 144.7
435.4 18.6 86.8 -15.6 55.3 -33.6
1730 -208.7 63.4 -243.7 -227.2 110.8
2571.1 -144.1 39.3 -127.7 -54.2 19.6
78.7 215.1 143.5
432.9 28.2 69.1 2.8 52 -31.4
1754.3 -215 41.2 -226.1 -205.5 109.3
2593.6 -148 20.4 -121.2 -47.7 7.9
82.1 227.7 150.7
428.8 33.8 74.8 -0.8 53.7 -24.1
1764.8 -214.1 43.3 -235.4 -196.2 124.4
2603 -155.9 37.9 -135.8 -45 7.9
98.4 241.3 173.1
442.8 21 73.5 4.6 68.8 -50.4
1787.1 -214.5 29.8 -236.4 -173.8 109.9
2626.6 -153.5 20.6 -147.3 -27.3 6.1
96.2 243 185.8
437.8 34.7 57.9 19.5 57.1 -42
1800.5 -207.6 2.2 -220.1 -182.2 101.4
2645.3 -132 -19.7 -158.2 -37.2 28.1
92.6 243.1 198.8
433.7 50.5 54.1 28.8 51.5 -29.5
1809.5 -197 0.7 -224.2 -186 110.4
2665.9 -109.3 -41.9 -166.5 -52.4 53.8
92.2 239 205.2
437.3 59.7 65.1 35.6 54.1 -19.3
1841.4 -195 1.4 -188.3 -189.3 113.9
2686.5 -85.5 -42.8 -167.2 -50.4 86.6
106.2 240.8 223.6
450.1 45.4 82.9 24.9 72.7 -36
1871.6 -204.6 14.2 -184.8 -163.1 108.6
2727.6 -120.4 -17.5 -184.1 -16.2 67.9
119 250.8 253.4
463.1 41.9 93 25.1 84.7 -54.9
1906 -185.7 16.9 -160.4 -150.7 96.7
2779.3 -109.2 -14 -177.4 -12.5 49.1
123.9 256.1 269.3
465 42.1 91.6 30.2 83.6 -53.1
1918.2 -186 8.5 -156.8 -140.3 101.3
2807.9 -123.6 -23.9 -193.1 -9.3 59.8
137.4 268.4 300.2
475.5 47.7 91.5 32.8 75.1 -56.7
1933.6 -122.6 52.4 -191.8 -117 136.9
2855.9 -58 -2.4 -196.5 -17.8 81.9
174.2 271.2 334.9
503.2 40.5 98.4 40.8 53.1 -54.7
2007.1 -71.7 62.9 -161.3 -90.2 142.5
2934.9 -24.5 15 -179.9 -26 83.9
256.3 262.4 378.6
572.7 -21.6 116.9 26 62 -69.9
2129 -40.2 109.7 -106.3 -38.2 166.6
3046.9 -51.2 72.8 -157.2 -22.9 97.4
302.3 277.2 414.2
603.7 -16.9 112.6 5.4 76.9 -62.6
2173.8 -38.1 103.6 -123.9 -42.2 184.3
3143.7 -61.3 32.9 -199.9 -49 130.7
385.8 296.2 442.4
667.3 -37.7 146.1 -70.2 60.6 -63.2
2248.1 -62.9 80.7 -155.9 -39.7 156.2
3278.8 -95.1 -14.8 -239.2 -43.3 110.4
426.3 319.5 451.9
704.7 -81 185 -118.8 57.6 -59.8
2287.2 -73.3 107.4 -182.1 -44 156.2
3341.1 -123.8 13.6 -255.4 -48.4 100.2
winner is: 1
