Regression analysis information for: peruvian_match_declarative-narrow-focus_Mariano-habla-del-tiempo
number of formants: 3
number of coefficients: 5
101.4 215 135.5
457 52.8 1.6 -64.5 26 9.2
1453.8 30.1 -69.8 207.5 -191.4 -110.5
2399.2 24.9 -7.1 -50.2 -21.4 2.5
104.8 221.5 143.7
461.8 44.9 21 -53.3 32.6 16.5
1478.9 -0.9 -65.4 255.8 -213.1 -106.9
2415 9.2 15.1 -23.7 -26.2 -0.9
111.1 218 136.4
470.2 42.4 25.7 -39.9 31.5 25.4
1522 -20.5 -55 301.7 -217.5 -93.5
2447.1 -1.4 8.6 -8.4 -42.1 14.4
113.9 231.6 143.8
484.6 48.9 48.2 -30.1 48.9 43.4
1581.6 -29.8 14.6 305.8 -153.8 -97.4
2509.4 -27.9 20.4 31.2 -20.4 -5.3
110 240.7 142.5
491.4 77.3 68.4 -29 62.7 47.9
1621 -30.5 64.3 282.9 -124.3 -118.4
2541.9 -16.2 26.5 51.2 3.7 -30.2
112.6 251.3 127.4
494.6 81.3 71.7 -32.9 65.1 46
1635.8 -11.5 69.5 266.3 -124.8 -140.7
2561.8 -21.7 3.6 44.7 -6.3 -83.9
115.6 263.5 134.6
506.9 78.9 85.6 -33.4 62.1 58.1
1673.2 -8.4 104.7 272.8 -126 -115.9
2586.7 1.5 27.5 51 -9.6 -89.3
119.9 277.2 140.3
510.3 83.9 83.4 -34.6 62 49.9
1689.3 7.7 110.7 272.6 -116.2 -128.3
2611.2 12.1 40.2 61.8 -13.2 -104.3
133 287.8 156.3
516.9 81 73.5 -25.6 63.8 37.4
1685.1 27.3 94.3 265.2 -93.5 -154
2632.1 -12.2 47.7 58.6 2.2 -124.5
149.5 295.7 189
527.2 67.5 66.9 -15.3 47.5 39.2
1705.5 30.4 91.4 265.6 -101.7 -145.7
2670 -42.6 79.2 52.1 15.3 -151.8
168.7 309.7 232.1
540.2 68.6 60 9.1 42.4 31.8
1744.6 -4.8 101.1 241.1 -100.2 -149.8
2724.2 -78.3 127 66 40.5 -155.4
189.5 310.1 250.4
558.9 39.2 64.4 18.9 41.4 23.1
1800.6 -123 167.4 199.5 -79 -160
2776.2 -158.6 170.7 57.9 59.4 -166.8
205.1 282.4 257.1
586.5 9.7 75.1 46.2 24.8 40.1
1868 -219.8 228.2 198.8 -79.3 -133.5
2837.1 -228.7 220.5 71.5 64.8 -153.4
229.3 228.6 255.6
611.4 -42.1 52.2 89.7 -5.8 26.1
1908.8 -311.1 283.1 246.9 -84.2 -140.3
2889.6 -291.8 233 109 37.9 -144.3
221 186 255.6
616.9 -46.6 54.9 68.5 9.7 49.3
1946.9 -361.2 319 221.1 -60.4 -120.2
2935.3 -326.8 250.3 103.4 52 -146.9
255.2 189.8 292.1
647.9 -55.5 30.7 106.4 2.5 25
1975.8 -369.5 322.5 243.3 -63.7 -140.2
2994.6 -360 233.5 158.9 31.1 -181.9
286 267.6 370.9
675.7 -73.6 -20 132.3 3.5 15.5
2060.3 -335.7 217.1 178.8 -33.1 -73.1
3101.1 -358.6 135.5 127.8 49.5 -133.9
336.5 298 447.3
769.4 -34.4 -101.6 133.7 -30.7 -50
2241.7 -207.1 43.6 26.9 -83.4 4.5
3262.1 -271.9 23.5 71.1 30.3 -117.5
351.9 290.7 451.9
814.9 -3.2 -153 157.5 -32.3 -115
2296.2 -195.2 -27.6 12.6 -127.8 -15.8
3330.2 -268.3 -43.3 127 70.5 -173.3
378.7 246.6 411.2
887.7 38.3 -160.5 259.8 -2.8 -130.5
2407.5 -90.8 19.5 142.7 -23.2 5.1
3446.5 -174.2 -96.4 256.7 194.7 -240.6
winner is: 1
