Regression analysis information for: peruvian_match_interrogative-partial-wh_Por-que-iba-a-Bolivia
number of formants: 3
number of coefficients: 5
50.2 169 147.9
433.7 60.1 14.9 -1.8 84 -48.5
1653.3 -164.8 40.6 -369 -470.7 196
2460.6 -40 -38.9 -171.3 -125.1 68.7
52.1 172.3 136.4
432.6 63.5 18.9 2.4 82.1 -51.6
1671.5 -151.2 50.4 -365.6 -489.4 179.5
2502.2 -46.3 -35.6 -167.4 -142.6 45.1
51.8 174.5 131.6
431.9 65.4 21.8 6.7 82.8 -52.1
1689.4 -149.7 43.2 -350.1 -499.1 168.2
2523 -43 -34 -154.8 -158.4 42.4
49.7 194.1 133.9
429.6 65.7 21.7 10.3 83 -49
1683.3 -151.2 29.8 -343.8 -484.2 154.3
2529 -47.9 -38.1 -141.7 -157.5 33.5
47.5 178 133.3
426.5 67.3 20.1 12.7 81.2 -45.8
1692.7 -151.2 26.1 -350.9 -492.4 159.5
2538 -42 -34.9 -157.4 -162 34.2
48.4 171.9 133.5
430.9 56.2 32.7 3.2 95.7 -52.8
1710.4 -162.9 33.6 -352.2 -493.8 167.9
2547.4 -52.6 -22.8 -171 -146.8 26.3
54.5 172.9 133.4
435.1 50.8 43.9 -3.8 103 -59.6
1732.5 -173.5 41.2 -343.9 -508.9 173.9
2561.8 -63.1 -10.9 -175.3 -149.3 26.7
56 180.4 134
436.2 54.4 46.3 -2.5 101.9 -59.3
1749.3 -175.6 34.7 -325.7 -522.7 172.7
2570.6 -56.8 -10.6 -173.4 -160.9 25.2
57.9 194.3 136.8
436 54.8 46.6 -3.1 99.3 -60.8
1766.6 -183.8 23.3 -304.1 -536.3 167.3
2581 -57.7 -14.4 -164.2 -178.2 24
58.4 204.4 143.1
438.4 59.8 51.9 1.5 101.3 -59.3
1779.6 -171 46.8 -275.8 -541.2 164.5
2599 -48.9 -8.5 -143 -183.1 31.2
58.8 201 139
439.3 62.5 56.1 5.6 102.9 -58.7
1764.7 -172 100.1 -232.6 -557.1 129.7
2597.6 -54.9 13.6 -107.7 -182.5 18.9
58.6 201.6 144
441.3 64.4 58 8.3 105.6 -57.9
1777.5 -166.3 104.3 -229.2 -556.4 131.9
2612.3 -50.6 13.1 -110.7 -184.7 19.3
62.7 216.5 158.7
445.9 61.2 62 5.5 112.9 -61.7
1793 -167.5 110.3 -234.3 -551.3 143.7
2640.3 -47.8 6.8 -134.3 -185.3 29.8
73.1 234.7 191.1
454.5 53.6 70.6 0.3 128.3 -70.1
1838.5 -145.7 76.7 -286.5 -499.7 219.3
2694.9 -24.2 -18.6 -177.8 -144 84.8
95.6 292.8 272.8
483 70.1 67.7 13.7 141.6 -101.8
1937.2 -149.4 -3.4 -187.3 -427.4 108.6
2792 -20.4 -80.7 -114.1 -90.1 -2.9
97.4 305.3 306.4
497.4 80.8 58.9 25.6 155.6 -113.1
1992.8 -109.6 46.7 -150.4 -391.4 110.5
2861.2 3.8 -54.8 -82.8 -36.2 -7.3
111.2 235.4 293.3
518.4 93.4 51.5 28.9 178.9 -121.4
2129.8 -21.2 53.5 -54.1 -212.1 146.4
2988.1 39 -53.3 -32.1 128.9 12.8
142.5 171.5 252
552.6 49.1 75.8 7.9 202.6 -120.2
2211.1 -16.5 11.6 -58.3 -136.7 124.6
3079.2 12.7 -60.7 -34.8 175.4 -7.9
178 167.7 258.1
583.9 21.4 101.6 -0.8 182.5 -118.2
2245.4 -9 30.2 -49.2 -145.3 96.8
3145.9 8.9 -40.3 8.4 140.2 -43.5
222.1 186.3 283.7
607.7 -12.6 130.6 -20.2 160.5 -97.8
2265.9 -28.9 24.6 -59.7 -134.9 110.5
3201.1 -9.2 -15.7 3.7 110.3 -28.9
winner is: 6
