Regression analysis information for: peruvian_mismatch_interrogative-total-yn_El-hombre-mira-la-luna
number of formants: 3
number of coefficients: 5
67.9 163.2 144.4
429.6 -60 21 -2.4 65.3 -49.3
1580 112.9 -79.3 -10.9 303.8 230.4
2457.1 59.9 1.5 11.4 117.9 -18.7
67.4 167.5 149.1
424.9 -54.8 17.1 2.4 61.3 -47.6
1583.7 113.3 -85.3 -6.7 294.9 230.8
2487.6 54.7 -11.8 34 102.7 -8.2
68.4 161.4 143.2
422.9 -52 16.4 5.8 57.7 -46.5
1598 107.7 -78.5 -7.1 280.7 236.9
2524 36.7 3.4 42.3 89.9 27.6
70.5 155.8 124.1
423.3 -50 18.7 7.1 54.1 -48.2
1612.2 103.7 -71 -9 269.3 244.8
2564 4.6 41.4 44.5 76.4 57.7
73.6 158 111.8
425.6 -46.8 23.2 7 49.1 -53.2
1631.2 110.4 -58.6 -17.6 248.6 240.9
2583.6 1.9 57.5 44.7 80 58.4
78.9 169.4 109.3
435.7 -32.7 30.3 0.7 32.5 -72.2
1658.7 142.1 -44.9 -40 210.2 201.5
2603.4 3.6 80.9 31.7 70.4 36.3
82.6 170.9 103.7
441 -26 33.9 -3.3 24.7 -80.6
1670 153.7 -39.2 -48.7 203.4 192.1
2610.4 -1.1 92.1 30.7 71.3 30.7
80.6 171.2 100.8
442.2 -25.8 36.6 -2.6 25.1 -82
1686.6 171.2 -25 -54.2 196.7 168.1
2624.8 -16.9 106.8 23.6 88 23.9
81.9 184.8 109.6
449.7 -13.2 40.5 -9.7 12.2 -97.9
1708.5 196.5 -5.8 -62.5 175.1 132.9
2653.7 -20.2 124.3 -1.6 94.1 3.5
80 182.5 103.9
446.5 -8.4 39 -6.5 16.4 -102.5
1706.8 201.9 -0.6 -41.7 196.7 127.9
2648.7 -27.5 141.6 19.6 100.1 -8.7
76.7 189.1 120.5
429 -33.1 30 9.9 45.2 -72
1671.5 157.9 -19.2 2.8 254.3 178.1
2659.8 -30.7 135.6 18.5 112.8 -0.8
79.2 186.7 123.7
430 -38.1 24.2 9.3 39.9 -64.9
1675.8 135 -45.8 30 237.8 220.6
2661.4 -19.9 100.8 26.1 111.8 15.8
90.6 214.5 146.2
443.2 -25.8 22.7 -3.9 17.3 -75.1
1719.2 141.7 -48.8 30.5 188.9 218.1
2692.2 -6.5 99.7 15.9 93.9 -0.8
99 235 176.5
457.8 -17.7 23.4 -6.9 -3.3 -85.9
1796.1 202.7 -49.3 -14 114 192
2752.3 21.3 82.2 -19.6 62.7 8.8
114.9 245.6 205.9
478.7 3.9 19.8 -25.2 -37.5 -112.8
1843.5 260.9 -61 -73.5 74.8 139.2
2806.7 45.2 71.1 -49.3 9.1 -8.9
122.8 218.1 229.7
492.1 7 16.9 -17 -56.1 -135.6
1922.1 345.8 -38.4 -99.7 -3.3 50.7
2868.7 92.2 64 -75.2 -46.5 -42
150.6 200.4 231
522.9 1.5 1.7 -17 -79.7 -158
2013.2 332.5 -49.3 -82.1 -30 15.7
2943.5 43.1 82.8 -79.9 -42.5 -34.1
189.8 221.9 244.8
573.6 -36.5 -17.4 18.9 -124.2 -159.9
2090.2 300 -78.9 -19.2 -43.3 -13.4
3040.1 3.5 68.6 -60 -76.7 -39.8
242.3 234.9 276.7
621.1 -39.3 -48.3 41.5 -103.5 -129.5
2153.4 270 -99.2 43.6 -72.3 -1.2
3121.3 -7.1 28.8 -18.3 -74 -35.1
301.5 263.4 316.3
669.9 -19.5 -20.8 133.1 -33.1 -83.2
2192.5 219 -114.4 148.9 -38.6 61.4
3172.5 -21.4 46.2 66.6 -59.2 12.9
winner is: 5
