Regression analysis information for: peruvian_match_interrogative-partial-wh_Cuando-lleva-el-abrigo
number of formants: 3
number of coefficients: 5
70.8 250.5 130.5
448.5 24.4 2.6 38.2 87.5 -48.5
1500.8 -134.5 -235.3 3.9 -275.9 233.5
2430.3 -28.1 35 -95.6 -84 -18.4
71.9 248.5 109.5
446.2 36.7 -3.3 47.3 82.9 -41.2
1518.2 -116 -238 18.3 -270.8 239.3
2481.4 -37 15.7 -78 -99.1 -9.3
70.6 244.1 106.5
445.7 38.5 -5.1 51.8 84.8 -36.9
1540.7 -108.3 -247.3 10.5 -283.9 250.5
2503.3 -33.3 12.1 -73 -119.9 0.8
71.1 248.6 104
448.8 39.1 -2 50.7 88.6 -38.6
1559.3 -115.3 -245.7 -3.1 -281.7 250.8
2520.1 -32.3 20.6 -71.4 -126.3 -5.6
73.6 256.4 108.6
450.6 37.8 0.8 50.4 94.4 -38.9
1577.6 -122 -250.4 -24.5 -287 247.3
2543.3 -23.7 27.2 -82.4 -141.6 -13.4
75.7 260.2 117.3
455.4 46 6.2 50.1 94.8 -44.1
1599.9 -116.2 -265.1 -65.3 -307.1 235.8
2570.2 -16.5 33.3 -99.5 -157.7 -14.9
76.5 261.2 130.9
463.5 54.3 14.9 44.5 93.2 -56.2
1627 -102 -267.8 -108 -317.7 231.6
2595.7 -3.2 41.8 -125.8 -166.2 -19.6
75.5 272.7 148.6
467.9 59.2 24 42.2 96 -64.4
1627.7 -123.6 -248.1 -117.4 -290.6 227.1
2608.4 0.9 55.5 -145.1 -142.9 -11.7
81.1 290.1 162.6
477.6 57.5 36.6 34.4 93.9 -74.3
1641.4 -135.8 -229.5 -142.9 -290 212.7
2621.2 -3.1 67.7 -171.9 -137.5 -21.5
87.8 308.1 163
485.2 51.8 49.4 29.9 94 -78.4
1656.7 -141.8 -184.9 -137.3 -276.3 202.4
2613 -23.4 121.2 -113.2 -98 -32.2
91 337.6 202.1
492.8 58.6 58.9 31.6 94.4 -82
1710.3 -91.4 -100.7 -98.1 -211.9 233.3
2652 5.1 188.5 -83.3 -40.1 -10.2
99.8 366.8 269.3
497.8 29.1 73 17.8 115.6 -78.8
1762 -123.5 -37.9 -146 -161.3 218.7
2736 33.3 228.6 -148.4 -36.2 25.2
106.2 371.7 288.3
493.6 -6.7 68.3 10.2 125.1 -52.6
1784.4 -137.3 -31.7 -145.1 -152.8 236.9
2777.8 35 246.2 -163.6 -47.9 57.4
110.4 387.5 309.9
508.3 2.2 77.2 -1.9 110.2 -72.5
1843.9 -114 -9 -154.8 -163.3 198.2
2827.4 43.1 273.2 -199.1 -74 46.7
116.3 338.5 283.7
512.8 -2.3 80.9 -2 114.3 -71.7
1900.5 -220.4 27.5 -236.3 -113.7 142.8
2882.2 -27.3 300.3 -265.9 -109.5 -13.1
129.5 244.1 270.2
539.9 29.2 96 -4.2 107 -94.4
2029.8 -249.4 125.7 -297 -49.6 126.7
2977.8 -11.7 378.6 -266.6 -87.2 -19.9
139.2 169.9 256.6
595.6 93.8 114.8 15.4 101.8 -147.2
2218.7 -29.8 181.6 -202.4 28 78.8
3166.6 154.9 357.3 -168.9 17.8 -16.8
145.5 150.9 251.8
623.2 104.1 95.4 33.4 98.9 -180.1
2268.7 -10 148.1 -169.7 15.9 17.3
3252.9 131.5 238.6 -137 83 -24.2
164.1 147.1 253.2
641.5 76.3 83.5 48.5 117.5 -175.3
2284.7 -30.6 132.6 -151.8 26.7 8.4
3303 81 198.3 -99.4 116.9 -57.2
187.8 152.8 273.8
660.9 68 75.6 50.2 113.5 -181.8
2315.3 -36.8 122 -133.3 23.7 -25.1
3348 57.7 192.8 -83.5 117.4 -89
winner is: 3
