Regression analysis information for: peruvian_mismatch_interrogative-total-yn_Mi-tia-odia-la-lluvia
number of formants: 3
number of coefficients: 5
75.6 336.1 225.6
441.6 -37.2 -17.5 -106.6 46.1 -17.5
1729.8 208.8 234.7 135.3 -63.3 -169.3
2529.9 174.8 133.7 26.9 2.4 -19.7
79.9 294.1 187.5
446.3 -25.4 -6.4 -98.3 45.4 -27
1782.3 238.5 273.5 186.8 -42.2 -202.6
2559.1 173.4 143.3 63.4 22.6 -82.6
79 288.1 165.8
445.5 -26.6 -6.4 -97.5 44.9 -25.6
1805.2 232.3 274.4 190.3 -51.7 -212.5
2612.8 148.5 106.3 67.9 30.8 -83.2
78.5 285.9 144.5
444 -28.8 -11.2 -99.8 43.7 -23.5
1818.3 228.1 273.2 194.2 -51.8 -213.5
2670.5 141.1 94.5 54.9 33.4 -57.9
79.7 279.6 139
444.1 -28.3 -15.5 -101.5 42.2 -20.8
1827.1 234.3 270.7 197.6 -49.7 -209.1
2692.5 141.5 88.2 60.6 32.2 -59.1
78.4 277.4 146.3
442.4 -30.3 -22.4 -105 39.1 -18.3
1834.6 244.4 271.4 197.6 -47.1 -206.4
2712.8 164.4 103.9 67.8 40.1 -62.1
77.6 272 150.1
441.6 -30.8 -27.4 -107.5 37.1 -16.3
1840.5 251.8 272.1 201 -44.4 -204.2
2717.4 157.4 95.3 61.5 42.4 -63.5
76.5 289.6 165
440.2 -33.1 -33.4 -111.4 35.3 -13.4
1824.3 220.2 241.9 182.3 -55.3 -202.7
2700 115.1 55.9 39.6 37 -53.4
76 278.1 164.9
439.3 -32.8 -37.6 -113.3 34.8 -11.3
1835.9 241.9 257.4 196.5 -49.7 -201.8
2701.1 114.4 46.7 38.7 36.4 -55.1
76.3 270.7 163.3
440 -30.3 -39 -115 34.2 -10.6
1844.2 252.2 263.3 200.3 -49.5 -204.3
2705.9 108.3 39.6 30.6 29.5 -67.8
77.5 267.5 150
440.9 -28.8 -39.3 -116.8 33.9 -10.1
1849.8 264.9 274.7 193.9 -49.7 -201.9
2731.7 164.1 96.9 43.5 45.4 -56.6
80.1 266.3 152.7
443.6 -25.3 -35.6 -114.7 34.2 -13.4
1858.9 261.3 273.1 199.3 -51.9 -211.5
2764.2 188.7 123.7 61.8 49 -80
88.1 271.7 179.7
450.4 -15.5 -26.4 -111.1 30.6 -24
1877 250.7 269.1 212.2 -63.9 -227.2
2806.3 187.2 128.7 77.5 31.8 -119.4
93.4 258.3 217
452.2 -21.2 -25.4 -107.6 27.2 -22.9
1924.1 199.9 260.5 285.1 -119 -213.7
2855.9 145.4 119.4 116.7 1.1 -144.5
126.4 256.2 241.2
481.2 -26.8 -30.6 -78.1 3.8 -36.7
1954.2 169.7 255.1 316.8 -149.1 -224.1
2900.8 124.6 123.5 136.4 -26.7 -156.9
141.9 262.1 250
494 -29.3 -37.2 -68.2 2 -46.9
2009.8 189.5 249.3 316.9 -144.6 -181.4
2959 152.3 128.3 117 -6.3 -110.6
158.9 278.6 276.8
512.2 -25.3 -50.6 -83.6 -0.8 -29.1
2107 253.2 121.2 180.4 -92.1 -59.6
3031.1 193.6 69.3 46.1 19.7 -22.9
177.5 248.6 282.4
538.6 -39.2 -58 -85.2 -21.6 3.2
2187.4 277.2 27.9 118.1 -32.5 10.7
3100.7 219.5 48.4 19.7 39.7 55.8
231.2 216.8 277.5
579.6 -59.8 -66.1 -47.3 -62.7 3.3
2236.4 275.4 10.2 108.2 -71.8 17
3173.8 212.7 32 19.9 -17.9 76.5
294.9 211.8 276.4
630.2 -84.8 -74.9 9.4 -113.5 -5.5
2284.9 273 -7.2 104.2 -99.1 15.1
3262.4 191.7 8.8 53.8 -91.7 74
winner is: 11
