Regression analysis information for: peruvian_match_declarative-narrow-focus_Manuela-vende-el-carro
number of formants: 3
number of coefficients: 5
75.1 131 141
514.5 -36.6 59.4 -60.8 -27.3 73.6
1557.4 24 -297.3 62.3 -41.5 -110.6
2379.9 180.2 -127.4 27.2 27.4 -59.1
75.2 127.8 122.2
509.6 -39.1 57.6 -60.3 -26.4 71.7
1563.6 17 -305.4 65.7 -42.5 -119.5
2410.4 146.2 -127.3 33.1 1.1 -51.9
81.9 125.9 97.9
523.5 -58.5 45 -34.8 -37.6 59.7
1574.3 1.7 -313.4 73.4 -42.8 -117.7
2440.6 135.8 -135.1 49 7.8 -55.5
79.2 127.3 85.8
523.5 -62.7 49.1 -39.4 -34.8 63.5
1580.8 -9.3 -317.2 81.1 -44.6 -111
2459.7 133.5 -132.3 65 12.9 -51.5
84.5 128.9 85.9
528.7 -69.5 53.2 -36.9 -38 68.6
1592.4 -10.3 -317.4 95.4 -47.3 -103.7
2472.5 135.4 -126.8 79.5 13.3 -45.9
86.8 144.8 91.1
542.5 -58.7 72.2 -17.5 -24.6 84.9
1621.4 31.6 -275.3 138.1 -10.9 -62.7
2487.3 153.1 -107.1 93.9 31.4 -31.2
91 141.9 92
549.3 -61.9 75.4 -11 -26.1 86.3
1627.7 29.1 -277.1 132.9 -20.7 -68.4
2496.8 148.5 -100 84.8 35.3 -40.9
91.5 147.7 93
550.5 -66.9 94.4 -20.4 -24.7 88
1646 15.5 -254.3 124.1 -6.8 -75.2
2508.3 137 -85.3 67.2 46.1 -51.8
94.1 155.2 96.9
554.9 -69.4 101.8 -17.1 -24.3 90.3
1659.7 12.1 -229.5 132.4 1.9 -75.7
2515.7 133 -74.2 78.2 42.8 -47.6
97.2 161.7 100
556.9 -73.6 103.8 -15.8 -27.9 82.7
1668.1 8.1 -208.2 128.4 -3 -90.8
2523.7 124.2 -73.8 81.3 41.4 -63.2
103.2 173.9 123.7
560.9 -76.1 105.3 -9.2 -34.8 82.1
1683.7 7.7 -195.3 136.9 -17.4 -92.7
2547.2 112 -75.8 114.9 20.6 -62.6
108.9 188.5 150.1
566.9 -83.4 104.2 -3.5 -37.9 77.3
1702 -13.3 -168.2 117.4 -19.9 -110.1
2576.9 101.5 -63.8 140.3 19.5 -62
103.2 190.4 152.4
561.6 -71.8 106.2 -9.1 -26.3 76.6
1712.6 -3.4 -170 110 -15.4 -109.9
2588.2 133.2 -42.9 145.9 50.6 -48.1
112.4 209.7 191.4
581 -81.7 113.5 4.1 -37.7 90.8
1756.7 -10.8 -165.3 106.7 -12.9 -105.4
2624.1 126.9 -35.9 174.4 36.6 -35.9
122.8 217.2 205.8
595.1 -87.9 116.6 -8.4 -49.4 90.3
1792 -34.8 -156.4 84.5 -12.3 -115.6
2645.9 128.8 -48.2 167.5 21.3 -51.3
160.2 218.1 237.6
630.4 -136.2 106.8 48.1 -86.8 82.2
1841.7 -73.7 -140.8 99.8 -6.2 -127.8
2698.2 93.1 -48 195.1 -5.9 -75.3
186 229.2 269.4
661 -152.1 101.9 79.6 -120.8 73.3
1925.2 -20.6 -110.9 118.1 -25.2 -183
2752.8 122.9 -38.4 220 -29.4 -113.3
201.5 237.7 296.6
687 -130.5 102.1 79.6 -135.9 74.9
2002.1 68.1 -80.7 139.9 -27 -199.6
2807.3 171.4 -40.6 232.1 -36 -115.1
243.5 240.9 334.5
736.5 -126.1 73.9 106 -145.9 73.9
2062.3 99 -72.1 179.2 -22.6 -174
2881.4 193.1 -69.9 261.9 -55.2 -111.8
278 242.4 363.5
772.8 -135.1 49.1 143.4 -153.9 90.2
2099.7 112.9 -87.7 191.1 -22.4 -133.9
2942.2 190.7 -108.9 288.7 -69.1 -74.2
winner is: 4
