Regression analysis information for: peruvian_mismatch_interrogative-partial-wh_Cuando-comia-la-fruta
number of formants: 3
number of coefficients: 5
71.7 218.2 168.4
483.5 -18.1 13 30.5 78 -74.5
1359.2 -125.4 -156.1 1.9 106 -67.1
2442.1 18.3 -82.7 -48.2 -35.4 71.9
74.5 225 149.8
485.7 -22.8 5.9 30 79.6 -69.6
1402 -112.7 -209.7 -32 146.5 -9.2
2493.2 -10.1 -64 -54.1 -30.3 91.2
77.7 224.5 141.8
485.9 -25.9 1.1 31.1 79.9 -65.3
1416.9 -108.9 -210.5 -21.5 157.4 -0.7
2514.7 -30.2 -66.6 -49.9 -35.9 83.2
84.3 225.5 143.6
485.7 -33 -0.2 32.3 78.9 -58.4
1422.9 -108.6 -208.6 -12.4 160.5 -3.4
2536.8 -23.6 -66.7 -52 -29.5 84.7
90.6 228.5 147.7
484.4 -32.3 -1.4 36.5 76 -54.4
1427.3 -106.2 -209.8 -7.4 161.1 -7.5
2558.8 -8 -64.7 -52.1 -20.3 86.5
100.3 234.3 160.8
483.6 -43.1 0.1 39.9 71.4 -43.5
1429.9 -116.7 -215.2 -11.3 156.2 -6.4
2586.4 -1.3 -69.3 -63.7 -12.3 106
107.5 243.7 166.4
489.9 -26.9 9.7 45.1 65.2 -50.9
1439.4 -111.6 -218.3 -15 139.6 -23.6
2600.3 13.9 -68.2 -63.7 -15.6 105.6
116.3 263.4 192.2
500.9 -28.3 13 72.5 59.2 -65.5
1460.9 -124.2 -229.9 5.1 117.3 -41.8
2631.9 3.8 -68.3 -34.6 -30.4 98.7
130.4 283.5 216.3
516.3 -35.8 9.1 100.6 42.7 -78.9
1482.5 -140.3 -247.1 25.7 97 -45.3
2665 -11.4 -81.1 -7.2 -52.8 92.1
147.9 290.3 229.7
522.5 -53.9 2.9 118.4 39.8 -80
1494.2 -148.3 -224.5 63.4 91 -51
2669.6 -36.3 -36.9 44.8 -69 70.1
153.9 292.1 257.9
520.7 -79.2 -9.5 127.9 43.3 -70.5
1518.6 -156.2 -216.5 125.4 144.9 6.7
2727.9 -56.8 -61.7 118.1 -18.7 122.8
166.3 309.4 296.3
536.1 -102.3 -8.9 133.3 36.1 -73.2
1558.1 -160.2 -203.7 143.7 155.9 26.2
2792.2 -70.6 -51.1 154.8 -15.8 113.3
187.4 337.6 335.9
556.4 -109.4 -11 111.8 28.3 -75.4
1609.1 -142.1 -228.5 83.5 122.6 57.3
2868.2 -54.3 -68.2 105.4 -61.3 98.2
194.8 378.7 376.3
575.6 -100.9 2.9 99.6 21.5 -77
1698.1 -103.8 -173.5 102.5 96.7 113.7
2957 2.6 -40.7 85.7 -97 125.3
208.2 440.9 395.1
627.5 -55.9 72.1 89.6 24.4 -129.2
1794.9 -56.6 -90.9 56.1 48.3 46.2
3037.8 34 14.2 10.8 -142.6 50.9
216.1 358.9 361.6
660 -27.2 86.7 60.7 12.4 -126.7
1947.4 30.6 -113.5 28.5 -47.4 155.1
3156.9 97.2 32.3 -47.3 -159.3 86.2
223.1 349.1 353.9
683.6 -19.2 106.9 61.5 7.8 -141.8
1993 20.9 -104.6 74.4 -77.7 188.6
3216.6 96.7 29.6 -23.5 -156.5 71.4
234.3 328.9 352.3
686.7 -51.7 100.7 76.3 25.8 -118.6
2049.5 17.9 -56.9 129.5 -30.7 224.1
3273.5 80 35.7 8.4 -128.5 80.5
247.9 334 350.4
705.6 -61.7 107 96.6 34.9 -119.4
2084.2 2.3 -37.1 157.3 -31.4 262.3
3332.1 60.6 33.9 27.8 -115.1 88.4
262.4 307.1 329.6
707.5 -102 85.9 102.9 41.7 -122.5
2130.2 -76.6 -93.4 164 14 277.4
3387.7 6.6 -47.6 63.3 -25.5 57.6
winner is: 3
