Regression analysis information for: peruvian_mismatch_declarative-broad-focus_El-hombre-mira-la-luna
number of formants: 3
number of coefficients: 5
65.8 162.3 125.7
419.9 -23.5 7.9 34.6 59.9 -65.6
1565.8 38.3 -177.4 17.1 248.9 139.6
2494.6 81.6 -120 124 12 30.6
73.1 175.3 127.1
429.1 -5.5 10.2 22 39.8 -84.1
1592.4 72.3 -167.3 -12.6 212 110
2500 119.8 -127.1 134.1 -12.2 33
72.3 160.9 116.6
436.2 6.5 14.3 13.9 27 -98.1
1594.3 61.6 -170.6 -5.9 249.7 138.5
2542.4 57.8 -59.4 91.9 43.8 17.7
71.7 153 94.8
439.4 10.6 16.1 9.8 23.5 -102.7
1618.7 88.4 -169.1 -21.2 233.3 115.8
2577.1 30 -18.1 71.9 95.7 4.2
71.5 158.7 84.6
440.8 12.9 18.3 7.3 22.3 -105.1
1634.3 104.9 -165.5 -33.3 219.4 98.2
2600.7 18.5 11 57.2 119.8 -5.6
73.5 161.6 81.2
441.2 13.6 20.4 6.5 22.7 -106.4
1643 114.9 -160.3 -39.7 212.7 87.6
2611.9 12.3 21.9 46.2 123.9 -17
74.8 164.3 79.5
442.1 15.1 22.2 5.3 21.5 -108.4
1650.5 125.4 -154.1 -44.7 208.6 79.2
2618.9 11.3 32.7 33.4 133.6 -26.8
75 171 81.4
441.5 16.1 26 5.7 18.7 -112.4
1658.2 139.8 -145.8 -51.4 198.6 68.4
2628.5 12.1 40.3 23.1 137.7 -33.5
75.2 182.4 86
440.7 17.2 29.7 5.6 14.7 -115.5
1665.3 154 -136.2 -55.3 185.2 56.9
2636 14.4 44.3 19.6 134.4 -37.5
76.2 171.2 94.4
427.1 -4.6 25 18.1 38.8 -90
1628.7 108.1 -134.8 -15.2 227 94.2
2633.7 9 57.9 33.6 118.2 -51.7
75.8 171.8 94.4
426 -7.9 24.7 19.9 42.1 -86.2
1634.1 105.9 -141.5 -14.3 232.1 108.4
2645.8 -3.5 60.8 38 109.2 -43.3
87 232.1 115.6
453.2 16.4 38.2 3.6 -5.5 -117.3
1744.9 237.1 -97.9 -72.5 75 -33.7
2696.6 25 79.5 21.3 53.3 -83.9
104.7 187.4 113.7
469.4 -2.7 46.4 13.5 -26.9 -95.3
1801.7 196 -76.1 -59.8 8.8 38.6
2716.5 1.8 73.5 25.1 60.7 -54.7
106.8 202.1 122.5
469.8 0.7 45.9 7.6 -29 -99.7
1832.7 205.3 -96 -77.8 0.8 65.1
2746.6 -5.4 76.3 10.6 45.9 -44.1
109.6 231.8 124.6
469 6.3 34.3 11.4 -28.9 -116.2
1835 249.8 -111.7 -84.3 26.4 19.4
2773 -0.1 61.7 -0.8 41.5 -50.8
127.6 247.6 138.8
486.1 13.7 33.8 14.5 -45.6 -113.1
1857 290 -118.4 -87.5 39.6 -12.6
2806.1 2.6 50.8 -10.9 46.4 -58.7
154.9 249.3 167.5
504.5 47.3 41.2 15.5 -40.8 -109.3
1870.5 283.4 -130.6 -59.4 80.6 8.6
2844.3 7.3 49.4 -9.5 64.6 -59.4
197.5 244.5 228.3
533.5 31.3 69.6 30.9 0.5 -81.7
1928.3 186.7 -86.2 -11.5 69.2 138.4
2899.7 -57.9 84.5 13.4 59.1 21
221.7 240.8 264.2
550.8 31.6 105.4 47 42.9 -70.3
1947.7 168.1 -66 31.8 85.7 196.9
2938.6 -60.6 106.4 27.5 60.2 49.4
287.7 275.3 313.5
613.4 41 164.1 55.2 67.1 -43.6
2021.1 153.5 -19.1 58.1 63.9 219.2
3002.7 -93 131.6 53 64.1 88.1
winner is: 5
