Regression analysis information for: peruvian_mismatch_declarative-broad-focus_Mi-tia-odia-la-lluvia
number of formants: 3
number of coefficients: 5
81.2 333.3 218
430 -20.4 -101.7 -77.5 31.4 -3
1615.3 54.6 151.8 -49.4 -244.6 -272.6
2487.6 87.1 126.9 16 -82.6 -63.5
83.9 304.7 215.1
434.1 -18.6 -86.4 -80.7 37.3 -16.6
1669.8 113.5 189.5 -45.6 -235.4 -342.8
2553.5 115.7 146.2 -2.6 -92.4 -120.5
85.7 297.7 191.5
435.4 -26 -77 -79.3 46.9 -23.9
1722.6 163.3 218.8 12.3 -186 -359
2620.2 141.6 95.9 -12.7 -83.5 -148.9
86.2 306.3 189.8
435 -28.6 -75.7 -77.5 50.4 -22.9
1734.4 160.6 223 47.7 -160.8 -343.3
2660.1 151.9 82.7 -0.4 -85 -167.4
85.2 288.1 195.2
434.6 -29.2 -76 -79.3 50.9 -22.3
1757.2 181.8 236.2 47 -179.3 -365.2
2687.8 150.1 75.7 16.8 -91.4 -185.2
82.7 267.8 185.9
430 -15.2 -87.5 -67.5 37.3 -12.4
1777.3 215.4 243.1 45.5 -211.1 -384.7
2717.4 169.9 71.3 33 -113.9 -199
81.3 268.9 190.4
429.1 -18.4 -90 -70.3 38.3 -10.4
1783.2 221 246.9 48.7 -208.4 -380.4
2734.7 178.1 65 28.9 -116.3 -194
80.4 274.2 190.9
427.9 -23.8 -91.1 -76.6 40.1 -8.8
1782.1 213.1 243.3 33.6 -223 -387.1
2758.4 215.7 80.2 11.5 -123.7 -194.5
79.4 279.1 196.4
427 -30.9 -93 -82.4 44.2 -5.5
1781.7 203.2 246.9 34.1 -207.5 -359
2741.2 179.3 47.7 -28.2 -118.3 -159.3
80.7 262 196.4
427.4 -29.3 -96.1 -82.3 43.5 -1.5
1811 248.3 286.8 72.5 -180.5 -332.3
2775.2 208 65.2 2.3 -108.5 -138.3
83.5 251.9 189.3
429.6 -30.4 -96.2 -85.7 46.3 -1.4
1825.4 258.8 300.3 80.4 -169.3 -329.5
2804.4 231.4 86.7 20 -94 -133.6
98.2 249.4 184.1
442.8 -43.1 -78.1 -103.8 61.1 -19.3
1849 234.6 319.4 62.1 -155.3 -354.1
2853 236.1 139.1 8.6 -69.5 -167.6
116.4 240.7 186.6
456.4 -53.6 -56.8 -115.9 70.5 -39
1883.9 216.3 356 72.5 -132.5 -363
2888.8 218.6 179.9 16.6 -47.4 -177.7
150.8 237.8 212.9
487.9 -60.2 -35.1 -113.8 49.3 -61.9
1933.3 176.1 371.6 107.4 -171.2 -339.4
2949.9 188 210.9 26.8 -61 -172.4
169.1 218.4 225.9
499.6 -46.3 -21.2 -114 42.9 -83.4
1985.4 173.7 412.9 165.2 -164.2 -311.1
3010.1 193.1 256.9 84.2 -44.9 -161.4
217 195.2 252.2
540.6 -53.6 -5 -93.4 1.8 -78.5
2063.1 93.1 428.1 211.3 -251.5 -235.7
3091.8 155.3 261.6 113.9 -102.5 -116.3
244.7 203 268.4
564 -56.7 19.6 -102.8 -16 -69.6
2090.1 93.1 440.2 196.9 -249.1 -240.3
3159.6 153.5 280.8 95.3 -88.5 -116.4
248.5 228.9 275.1
568.4 -50.7 -2.1 -92.7 -25 -61.3
2118 87.9 403.3 202.9 -236.2 -218.9
3201.1 162.2 271.3 56.3 -66.8 -92.5
275.6 270.1 318
593.6 -64.5 -10.7 -94 -45.7 -46.2
2189 87.4 321.2 173.8 -183.8 -169.4
3285.2 164.1 206.5 9.7 -49.2 -49.2
283.8 271.2 318.6
598.3 -71.9 -21.7 -106.7 -38.9 -33.5
2260.7 98.7 244.7 105.9 -135.1 -126.2
3357.7 187.9 130.6 -82.2 -18.8 -31.6
winner is: 11
