Regression analysis information for: peruvian_mismatch_interrogative-partial-wh_Por-que-venia-del-lago
number of formants: 3
number of coefficients: 5
73.1 219.4 189.7
519.6 -61.5 89.4 -5 -13.3 7.5
1547.8 68.6 -352.8 -87.2 -53.4 -45.6
2430.9 -53.5 -255.1 -24.3 89.1 -20.8
77 213.3 163.4
520.8 -53.5 92.2 -2.7 -18.7 4.7
1585.2 92.8 -380.9 -90.4 -40.8 -68.9
2475.4 -63 -249.6 -34.4 113.1 -37.1
82.7 206.4 155.9
525.1 -41.4 97.5 5.8 -13.8 13.9
1611.7 115.8 -391.6 -93.9 -29 -55.3
2515.3 -34.3 -236.7 -28.1 95.1 -14.6
73.8 197.4 139
519.4 -50.4 83 -4.7 -23.4 7
1615.9 114.2 -410.8 -106.8 -30.7 -53.6
2512.8 -41.7 -225.3 -32.6 64 -31.7
73.2 195.6 134.8
519.1 -41.9 83.2 1.5 -21.1 11
1626.3 132.8 -417.7 -102.9 -25.4 -41
2531.1 -35.5 -222.5 -21.7 71.1 -37.1
71.5 194.4 137.4
514.1 -33.2 82.8 11.6 -19.3 18.6
1631.6 147.4 -435.6 -99.4 -17.2 -23
2547.5 -38.4 -229.8 -24.7 92.2 -36.2
74.5 199.3 151.7
511.5 -17.4 88.8 27.9 -16 30.1
1635.7 166.8 -434.8 -86.8 -12.3 -10.3
2561.1 -28.7 -227.6 -23.5 116.2 -29.6
80.3 204.5 164.6
513.1 -16 100.8 29.5 -11.2 26.2
1641.7 183.5 -431.2 -81.4 -11.8 -5.2
2570.5 -17.1 -230.5 -23.3 132.8 -25.1
92 216.9 184.1
518.2 -15 116.8 28.3 -4.8 18.1
1656.7 190.8 -415.1 -84.6 -2.9 -19.2
2585.2 -1.7 -228.3 -21 154.7 -21.3
98.7 228.1 192
522.8 -3.1 131.7 41.6 2.4 26.2
1657.2 195.5 -369.8 -63.6 -14.1 -33.5
2586.7 5.6 -186.9 -3.2 148.9 -27
96.6 220.1 182.8
523.1 2 130.4 46.6 -2.3 28.1
1663.5 213.3 -366.6 -39.1 -20.8 -27.9
2580.1 7.1 -156.8 11.1 121 -41.3
96.7 229 183.1
526.8 -1.4 136.1 45.3 -0.1 25
1673.9 220.3 -378.8 -18.9 -5.5 -23.3
2588.4 3.2 -145.5 21.8 127.6 -43.7
99.2 246.9 224.9
531.8 -2.5 141.2 44.4 0.2 24
1704.5 234.4 -360.8 -6.5 31.6 -8.4
2645.1 3.2 -178.1 4.9 205.3 -12.3
103.1 269 251.9
541.5 -0.2 155 46.6 7.1 25.5
1753 214.2 -299.7 -19.4 85.1 -6.5
2694.9 -30.9 -115.3 -20.5 248.5 -11.6
112.1 277 268.1
551.1 8.8 168.8 55.4 13.3 33.2
1781.3 209.5 -281.7 -36.7 99.9 -3.4
2733.3 -42.1 -80.2 -39.3 265.5 -12.4
111.8 282.2 273.3
562 -6.9 185.5 42.6 20.4 19.7
1847.4 217.2 -218.5 -68.6 137 -36.9
2782.4 -49.3 -29.9 -60.5 293.4 -31.4
140.4 269.4 287.1
595.3 0.2 179.4 -15.8 -7.6 29
1942.2 238.9 -150 -102.9 171.1 -19.7
2896.2 -22.8 1.5 -156.5 296.3 10.5
163.5 269.2 301
627.9 31.2 191.4 -49.4 -34.1 17.8
1996.5 224 -134.8 -108.3 167.3 -31.4
2975 -9 -1 -210.7 272.6 7.2
195.9 270.6 359
669.8 28.9 180.6 -5.8 -68.1 -15.7
2044.5 220.3 -129.3 -82.6 162.9 -66.4
3063.8 -23.4 -7.7 -164.7 247.4 -62.8
223.4 278 425.7
707.7 17.3 176.3 18.8 -94.8 -54.4
2113.8 141.8 -106.3 -76.4 181.9 -108.3
3181.1 -100.6 -18.7 -125 234.1 -145.2
winner is: 6
