Regression analysis information for: peruvian_mismatch_declarative-broad-focus_La-nina-lava-el-plato
number of formants: 3
number of coefficients: 5
83.5 187.3 132.3
525.6 -67.6 2.3 -14.1 51.4 72.6
1521 50.6 -22.5 76.6 -31.9 -17.1
2476.8 42.6 -31.5 -34.5 -58.5 -0.7
83.1 183.7 135
522.1 -64 0.2 -14.1 48.5 71.5
1535.8 73.5 -16.7 70.7 -58.6 -44.8
2494.7 40 -19.1 -27.1 -84.8 -26.2
84.8 194.6 129.4
519.7 -60.5 -2.8 -14.7 46.3 71.2
1565.2 62.5 6.3 41.3 -52.8 -84.1
2521.1 38 -40.2 -38.7 -78.1 -44.8
85.6 181 129
520.2 -64.7 2.8 -22.8 50.2 71.4
1598.6 82.1 15.7 -4.2 -90.5 -128.4
2542.8 37.9 -31.1 -52 -90.8 -43.2
90.1 152 126.7
522.5 -66.8 -0.4 -16.6 43 71.2
1627 139.9 12.9 -0.1 -145.8 -167.7
2561.6 27.7 -27.4 -46.7 -85.3 -54
94.5 200.5 123.4
523 -77.8 -2.1 -12.3 48.3 74.4
1586.7 44.8 -28.2 16.8 -82.2 -73.7
2577.4 25.8 -23.9 -32.4 -76.3 -61
100.2 228.2 132.9
524.3 -88.8 5.2 -17.3 57.4 75.9
1581.1 -10.6 -12.1 21.7 -23.2 -41.9
2586 22.6 4.4 -33.5 -62.6 -49.6
105.8 228.1 160.5
530.3 -97.4 5.6 -13.3 61.3 67.9
1636.1 42.8 35.4 19.2 -53.8 -118.6
2651.7 54.9 56.4 -27.4 -77.8 -125.8
112.7 232.5 167.3
538 -108.7 14.4 -14.3 62.5 59.7
1664.5 48.2 76.1 8.6 -48.9 -161.8
2681 38.6 89.3 -32.5 -65.1 -152.2
116 239.7 163.2
542.6 -109.3 16 -11.2 60.9 57.1
1693.2 58.8 86.3 17.1 -45.5 -196.2
2708.1 65.2 104.1 -21.3 -72.9 -171.3
117.2 233.8 174.4
546.9 -110 11.9 -5.4 59.1 56.3
1726.8 84.6 93.3 3.1 -60.8 -227.8
2746.2 101.7 101 -22.2 -116.5 -200
121.3 202.8 175.2
555.3 -116.8 4.4 3.6 54.2 51.7
1786.3 137.3 112.6 -26 -112.8 -289.8
2786.7 112.8 103 -35.3 -143.9 -228.3
123.6 185.9 168.9
558.3 -117.3 -0.9 4.1 53.1 52.4
1818.1 169.7 117.1 -36.9 -139.8 -307.2
2815.6 121 127.2 -26.3 -121.7 -211.7
129.3 186.5 187
563.8 -118.5 -5.9 11 46.8 54.7
1836.7 180.4 120.8 -41.8 -161.7 -315.9
2841.5 106.1 147.4 -41.9 -117 -225.6
133.6 190.5 211.3
564.8 -122.6 -21.2 19.7 42.4 59.9
1851 187.7 97.1 -38.5 -158.2 -299.9
2876.7 92.8 134.9 -67.2 -114.7 -256
142.8 228.3 238.2
578.1 -131.5 -22.1 26.2 46.6 60
1847.1 143.7 81.4 -19.8 -101.3 -246.1
2883.1 33.7 120.8 -51.8 -65.6 -216.8
162.8 245.6 278.9
595.2 -129.3 -14.2 42.5 41.5 58.5
1870 138.9 77.5 5.5 -96.1 -244.5
2939.6 41.2 150.7 -20.8 -63.8 -259.3
172.6 262 297.8
606.6 -111.6 29.7 33.4 78.6 75.3
1914.8 148.3 112.4 -4.6 -78.4 -262.3
2996.7 65.9 209.1 -41.1 -53.8 -290.5
195.1 263.5 304
630.1 -133.9 7.7 39.6 100.2 45.4
1972.6 131.8 107 -15.3 -72.2 -328.5
3064.6 69.3 216.6 -41.9 -27.8 -336.7
213.6 261.6 322.1
664.4 -199.3 -69.7 76 108.4 13.9
2076.6 75.1 1.5 -11.8 -17 -360.9
3151.2 26.2 149.4 -44 24.2 -360
winner is: 5
