Regression analysis information for: peruvian_mismatch_declarative-broad-focus_El-bebe-comia-muy-bien
number of formants: 3
number of coefficients: 5
80.3 346.9 187.1
456.2 -36.6 1.3 -29.5 21.9 -37.2
1713.7 -35.4 190.5 -55.1 -68.6 -1
2520.2 -136.9 80.4 12.4 79.5 39.2
82.3 331 183.6
456.8 -36.3 -4.2 -25.8 20.5 -37.4
1744.7 -49.2 164.1 -12.8 -115.3 4.2
2549.9 -130.4 47.1 17.8 56 50
86.1 318.1 169
460.3 -33.1 -11.8 -27.3 16.7 -29.5
1765.3 -66.5 158.5 3.2 -133.9 10.7
2578 -129.5 54.4 8.5 38.6 71.3
94.6 316.3 161
466 -37.8 -14.6 -21.6 5.7 -19
1781.4 -74 156.9 -8.3 -128.4 18.5
2599.6 -147.3 79.4 -0.6 44.2 84.6
105.9 308.4 164.9
471.4 -33.7 -32.6 -7.6 -10.3 0.7
1804.4 -86.7 140.4 5.9 -137.6 23.6
2624.4 -171.3 74.6 6.8 47.6 82.2
107.2 306.6 172.6
465.7 -24.1 -37 -10.3 -3.7 -2.2
1819.9 -93.6 124.5 20.5 -135.2 8.2
2637.3 -183.2 73.2 14.2 48.4 80.1
109.6 322.3 177.1
463.8 -26.6 -30.7 -12.9 2.4 -11.7
1828.1 -104.1 125.3 29.2 -133.3 -17.5
2648.8 -191.8 71.4 10.7 51.1 71.1
109 326.1 182
457.7 -16.4 -34.8 -14.8 4.9 -9.1
1835.3 -96.8 111.4 25.9 -123 -10.1
2657.4 -199.1 68.7 24.9 48.7 65.8
118.5 327.7 192.5
466.6 -23.7 -38.1 -10.3 -5.9 1.3
1860.7 -92.1 78 25 -111.5 5.2
2672.8 -201.1 60.2 35.5 39.8 74
129.8 328.7 207.5
475.4 -35.2 -38.3 1.5 -23.4 12.2
1885.1 -86.4 55.4 18 -101.1 25
2692.8 -196.1 50.3 35.8 40.9 88.9
134.5 332.1 215.2
475.6 -36.9 -38 8.5 -42.1 26.5
1874.6 -78 86.8 5.9 -119.8 51.2
2711.3 -193.7 56.5 31.7 28.7 105.3
142.1 315 230.8
486.8 -46.1 -44.4 7.3 -44.3 29.6
1931.2 -97.6 42.6 32.4 -128.5 49.9
2764.8 -211 35.2 33.9 11.8 129.3
145 279.4 231.3
494.9 -45.1 -58.3 19.2 -47.4 34.2
1990.5 -116.5 -15.4 88.3 -131 27.1
2802.9 -211.9 17 36.4 -1.7 157.1
157.5 251.1 242.9
510.7 -27.8 -52.5 15 -39.4 28.5
2043.2 -106.6 -55.8 84.9 -100.9 45.1
2851.1 -204.7 4.6 12.8 6 182.7
161.7 248.6 257.3
513 -25.3 -52.8 15.1 -40.3 29.8
2058.9 -100.1 -57.7 85.3 -103.3 36.6
2884.2 -207.9 -12.1 0.8 -9.7 195.9
175.4 248.4 277.5
519.9 -16.8 -55.4 2.5 -41.7 20.4
2086.9 -77.2 -56.1 60.7 -116.7 21.3
2936.6 -198.8 -52.9 -50.6 -18.1 198.4
224.1 239.1 311.5
556.2 -28.3 -19.5 -10.3 -34.1 -5.9
2151 -67.6 -76 24.8 -60 17.5
3025 -157.9 -50.6 -76.3 -27.5 169.5
297 223.3 330.3
613.1 17.7 57.2 5 -20.3 -43.7
2226.4 -31.4 -57.5 12.2 -18.9 19.7
3146.7 -87 -14.2 -54.8 -20.2 115.9
349.3 194.7 339
683.5 61.4 133.3 35.6 -5.3 -58.2
2304 -47.1 -56.5 54.1 -13.9 10.7
3257.2 -55.2 -11.8 -26.6 -14.4 121.5
376.2 212.9 350.5
740.8 101 227.6 98.6 43.6 -10.4
2342.5 -31.9 19 81.2 10.4 33.1
3333.6 -30.3 44.1 3.5 -19.6 153.1
winner is: 4
