Regression analysis information for: peruvian_mismatch_declarative-narrow-focus_La-nina-lava-el-plato
number of formants: 3
number of coefficients: 5
90.6 243.4 111.8
530.7 -79.6 -23.1 -16.7 58.7 81.7
1553.8 82.6 -45.5 96.9 -104.6 -30.6
2521 101.2 42.3 -10.6 -96.1 -51.5
89.2 230.8 107
528.2 -78.4 -23.9 -15.6 57.3 77.7
1570.7 104.3 -43.5 87.6 -133.4 -55.3
2549.8 110 45.9 -27.4 -103 -71.5
91 195.6 115.4
527.8 -77.1 -31.8 -6.2 48.2 78.8
1624.6 188.2 -32 65.3 -231.3 -144.5
2572.3 116.5 42.5 -46.7 -128.5 -78
95 174.4 120.4
526.1 -72.3 -31.6 -8.8 46.8 76.9
1664.7 247.8 -11.3 65.5 -275.4 -198.6
2590.1 136.5 47.5 -30.5 -142.9 -92
100.1 172.9 110.6
530.3 -76 -32.6 -5 42.9 71.9
1676.7 251.8 -10.3 64.8 -286.7 -202.7
2600 118.8 53.2 -36.1 -135.3 -85.1
99.4 166 106.7
525.4 -72.1 -29 -14.6 49.6 75
1683.9 258.5 -3.5 50.5 -287.5 -205.2
2618 116.7 57.6 -30.1 -141.5 -90.6
95.9 163.6 107.8
517.7 -68.7 -19.6 -29.7 63.3 78.7
1688.8 259.1 12.8 38.8 -280.2 -212.5
2629.7 124.9 73.1 -39.3 -147.5 -97.3
103.1 196.9 118.7
524.3 -86.2 -26.8 -7.3 53.8 78.5
1685 225.6 7.6 82.2 -262.4 -192.6
2656.2 121.8 73.7 -12.1 -171.1 -119.7
105.2 219.8 137.3
525.2 -95.9 -30.8 2.8 55.5 80
1672.6 183.6 -4.8 120.7 -229.2 -164.7
2655.3 88.6 58.6 0.5 -171.1 -121.5
110.1 235.8 147.6
532.9 -105 -31.6 10.7 49.9 81.2
1684 154.7 -6.2 143.5 -204.5 -161.7
2673.1 56.6 64.7 17.6 -161.7 -119.6
117.6 241.9 160.6
543.2 -116.8 -31.3 18.6 44 83.1
1711.9 146.5 -1 146.8 -203.8 -179
2704.6 46.8 79.1 20.5 -163.8 -132.9
125.2 245.2 169.3
556.5 -128.8 -34.2 26.9 43 76.8
1756.7 156.3 17.9 125.6 -223.4 -216
2742.4 51.8 95.3 5.4 -183.5 -157
131.5 247.2 183.2
570.5 -137.1 -34.4 31.3 41.8 77.3
1833.9 159 83.6 60.1 -238.7 -272.1
2801.2 44.3 128.4 -36.5 -208.9 -197.9
126.9 233.2 186.5
578.1 -129.5 -16.5 21.2 61.7 87.3
1918.8 149.7 163.8 -3.9 -179.3 -317.4
2868.5 13.3 174 -92.4 -182.3 -234.3
128.1 212.8 173.3
583.2 -128.7 -20.7 14.7 74.4 86.3
1960.4 175.8 145.7 -45.7 -183.9 -324.6
2891.6 29 162.7 -127.6 -177.8 -245.5
128.3 211.5 191.9
582.7 -135.5 -32.4 11 67.7 87.2
1978.5 156.8 91.6 -57.7 -162.3 -326.2
2917.7 16.8 122.1 -122.6 -150.6 -234.7
139.7 220.3 196
598 -153.6 -42.4 41.9 43.4 86.3
1988 156.9 109.7 -21.1 -186.9 -330.9
2936.3 2.6 128.2 -105.6 -173.9 -248.6
159.7 243.5 235
617.3 -162.5 -46.5 84.1 32.6 99
2015.6 172.7 95.8 31.7 -203.6 -303.5
2982.3 19 155.2 -73.9 -175 -219.9
192.8 257.1 280.3
645.9 -157.1 -65.8 93.7 16 117.2
2057.5 184.6 39.9 57.8 -194.3 -273.4
3020.3 37.2 104.3 -39.7 -182.3 -205
232.5 299.5 345
694 -185.7 -105.3 133.4 -6 123
2115.9 157.3 1.5 87.5 -171.4 -226.6
3085.4 -2.1 71.6 5 -141.2 -170.3
winner is: 7
