Regression analysis information for: peruvian_match_declarative-broad-focus_Manuela-vende-el-carro
number of formants: 3
number of coefficients: 5
83.4 162.6 151.1
520.6 -28.9 63.2 -38.2 -41.9 80.4
1572.5 14.4 -258.5 82.5 -4.2 -82.2
2404.1 130.7 -133.6 -39 45.2 -62.7
82.2 159.2 140.5
516.9 -31 57.2 -34.2 -38.3 84.4
1592.2 4.5 -289.2 104 6.2 -78.3
2422.5 141.7 -137.8 -23.1 50.2 -51.8
81.4 152.5 116.8
515 -30.9 54.9 -31.1 -35.5 87.4
1606.1 -4 -310.8 103.5 28.5 -75.8
2457.4 116.6 -149.5 -2.3 55.1 -62.9
81.6 153.4 110.3
514.1 -33.4 54.3 -31.8 -32.5 86.3
1606.1 -11.2 -305.1 97.5 26.8 -77.9
2471.3 106.9 -147.4 2.5 64.9 -64.8
82.3 149.8 101.8
515.4 -30.9 59.8 -29.3 -27.6 88
1615.5 -15 -303.4 98.6 34.3 -78.7
2490.7 93.8 -135.3 4.4 78.6 -58.5
85.5 151.9 110.8
521.1 -26.8 61.9 -10.3 -35 99
1626.9 4.7 -295.4 124 37.5 -61.3
2500.3 103.5 -136.6 28.4 69.8 -39.9
89.9 150.4 118.6
528.5 -26.7 71.5 1.2 -37.3 103.7
1645.6 21.1 -273.3 142.4 53.2 -48
2520.6 104.5 -119 42.9 79.1 -26.7
94.4 146.1 127.8
533.5 -33.3 87.2 -1 -38 96.8
1664.9 24.6 -249.5 139.2 68.9 -61.3
2531.4 100.6 -99.6 39.6 84.6 -32
99.1 150.6 125.8
535.3 -38.5 98.8 -7.7 -38.6 90.8
1678.3 18.9 -216.2 132.7 68.5 -73.4
2544.6 95.8 -86.8 43.1 81.2 -19
107.7 161.3 153.1
548.6 -45.7 100.9 8.9 -40.7 82.4
1703.2 22.8 -192.6 148.7 81.7 -81.6
2579 92.5 -69.7 76.4 101.8 -24.3
109.4 172.9 154.7
550.8 -44.1 91.5 25.4 -50.6 85.9
1697 29 -209.4 175.3 61.7 -56.7
2589.3 83.4 -76.4 95.4 86.6 -27.2
112.4 175.8 154.5
550.6 -48.7 91.4 22.1 -51.3 89.8
1698.9 5.5 -215.8 172.2 56.1 -43.1
2603.6 67.9 -76.1 95.9 93.1 -32.4
133.2 186.4 191.7
573.5 -66.6 76.8 56.4 -64.4 70.3
1722.4 -5 -217.3 188.7 47.9 -45.8
2641.1 39.6 -86.9 136 85.4 -56.8
151.4 202.2 228.1
586.8 -77.7 65.3 79.7 -72.6 53
1746.3 -13.5 -209.6 195.3 38.9 -64.6
2673.8 5.8 -85.4 156.9 82.4 -90.2
142.2 207.7 243.5
584.7 -70.7 69.8 72.7 -72.9 62.6
1773.6 23.8 -212.3 188.9 13.2 -87.6
2698.1 18.7 -82.7 154.5 74.6 -103.4
153.3 228.8 256.6
596 -65.3 71.8 80.9 -82.4 53.7
1835.2 74.1 -179 181.6 -7.1 -133.3
2736.8 45.7 -87.3 176.5 56 -114.7
176.3 253.5 324.6
634.2 -34.7 73.7 86.7 -120.1 21.7
1909.6 143.6 -159.6 163.3 -55.6 -188.1
2817.2 49.6 -59.9 150.2 36.1 -184.7
209.5 273.3 372
674.5 -24.5 85.4 101.9 -138.6 4.6
1960.7 136.6 -135.7 156.3 -48.4 -200.2
2883.2 56.1 -66.4 133.1 30.3 -196.8
238.7 300.3 426
708 -46.2 69.4 127.3 -171.9 -8.4
1992.5 96.2 -154.8 188.4 -77.2 -206.1
2938.2 3.3 -108 154.9 4.8 -230
269 334.3 465
734.5 -47 61.1 132.2 -154.9 13.7
2012.8 45.6 -171.9 182.5 -92.8 -175.4
2997.7 -42.1 -143.8 170.1 -9.4 -216
winner is: 5
