Regression analysis information for: peruvian_match_declarative-narrow-focus_Maria-bebe-el-vino
number of formants: 3
number of coefficients: 5
75.8 297.4 136.8
432.9 25.4 26.7 -63.6 84.1 13.7
1620.8 71.8 -219.4 45.5 -110.4 -156.2
2498.4 -57.5 18.1 -54.3 -88.2 -38.8
72.3 282.1 148.8
431.9 18.3 29.3 -59.4 79.2 15.6
1660.8 -13.3 -207.3 86.8 -196.8 -53.4
2517.1 -71.8 37.6 -54.9 -92.4 -36.1
71.8 252.3 153.5
434.5 11.2 33.5 -57.6 76.5 19.9
1709 -9.5 -185.5 71.2 -275.4 -56.4
2525.3 -69.8 41.2 -86.6 -97.9 -53.6
71.3 244.3 158.5
437.6 8.5 37 -56.1 76.2 25
1756.5 1 -158.8 69.5 -333 -67.7
2557.5 -79.9 58.4 -93.5 -121.1 -64.2
70.5 238.7 163.8
439.3 9.5 37.3 -54.9 76.4 28
1819.6 17.6 -112.7 51 -389.2 -91.5
2602.8 -70.1 82.5 -93.2 -162.7 -91.5
71.8 247.5 157.6
441.6 10.1 38.7 -56.3 79.1 28.9
1857.9 4.9 -78.2 33.7 -389.6 -103.2
2645.7 -44.8 112.9 -99.7 -192.4 -120.9
73.4 251.4 161
441 16.3 35 -54.7 79.6 31.8
1880.8 -11 -69.8 34.6 -385.2 -90
2678.7 -53.8 132.4 -96.8 -210.8 -107.2
75.7 263.6 157.8
441.2 21.2 34 -56.8 85.5 29
1880.4 16.6 -84.5 27.5 -336.4 -145.5
2694.2 -60.7 141.6 -109.8 -199.8 -113.4
79 261.7 166.9
444.5 20.9 37.5 -57.6 90.7 31.2
1928.2 -27.6 -40 29.8 -337 -104.1
2730.9 -81.2 175.2 -115.5 -193.2 -105.2
78 258.9 165.2
442.1 31.5 31.5 -48.8 86.6 40.8
1945.1 -17.7 -33.6 55.9 -340.4 -68.3
2742.1 -66.8 181.6 -104.7 -189.2 -92.2
77.8 255.9 165
444.1 33.5 36.6 -48 92.1 39.9
1967.1 -23.3 -8.9 79.2 -336.8 -38.5
2749.6 -69.8 205.7 -91.4 -150.3 -74.2
84.1 256.9 177.7
448.9 28.8 35.6 -34.9 86 36
1964.3 -6.3 -20.5 110.6 -351.2 -29
2765.8 -66.9 217.7 -55.6 -157.3 -52.6
95.2 258.9 193.8
458.6 16.4 39.5 -28.8 84.6 28.5
1975.1 -22.7 -1.6 99.7 -332.2 -61.4
2786.4 -68.2 224.9 -37.9 -183.2 -55.2
104.3 263.8 209.4
468.2 2.9 49.9 -32.3 92 18.7
2003.1 -48 34.2 86.2 -303 -78.6
2818.2 -82.7 251.2 -49.2 -184.8 -72.5
114.5 265.6 213.1
474.8 -15 53.9 -40.5 92.9 5.2
2033.6 -117.8 45.8 38.1 -288.6 -127.2
2840.4 -122.5 254.4 -91.3 -194.4 -118.9
118.4 253.2 214.9
476.4 -19.7 74.5 -47.3 95.4 4
2092.1 -172.1 71.3 16.1 -242.6 -149.4
2869.6 -118.6 266.3 -80.5 -206.6 -105.2
193.8 260.7 274.4
554.8 -28 -60.5 -53.4 230.5 5.7
2183.8 -176.2 37.9 17.3 -134.3 -145.9
2961.5 -95.3 192.5 -57.1 -116.5 -69.3
191 239.2 296.6
622.7 -13.2 -164.3 -117.1 329.2 87.4
2252.1 -183.7 21.2 -11.1 -65 -114.5
3051.7 -66.3 91.6 -95.5 -25.2 -10.7
216 219.8 282.8
665.3 -0.8 -207.7 -91.7 354.2 85.2
2291.2 -169.4 5.9 -8.3 -62.9 -110.1
3119.4 -31 34.4 -91.9 1 -14.6
275.7 202 279.6
718.6 3 -244.8 -31.4 332 68.8
2346.1 -127.4 2.8 12.8 -40.8 -85.8
3195.9 10.1 20.8 -70.8 35.4 -11
winner is: 5
