Regression analysis information for: peruvian_match_declarative-broad-focus_Mariano-habla-del-tiempo
number of formants: 3
number of coefficients: 5
96.9 227 150.4
486.8 48 -29 -74.6 35.1 25.5
1444.8 100.1 -46 277.4 -231.8 -142
2414.9 -12.1 37.8 -14.1 -23.2 -17.7
97.4 227.4 149.4
484.1 42.1 -24.9 -69.5 26.5 28.3
1464.9 59.2 -47.1 298.1 -248.2 -149.8
2445.7 -36.6 47.1 25.1 -40.3 -53.5
97.9 214.1 132.4
483.8 38.8 -22.4 -64.8 18.7 35.7
1473.6 36.6 -57.9 319.9 -266.9 -143.7
2478.3 -46.5 16.7 54.8 -58.7 -51.6
99.1 211.5 116.4
485.3 39.9 -24.8 -62.1 17.7 38.7
1487.7 26.9 -52.9 326.7 -277.6 -124
2507.3 -70.7 -25.7 63.4 -53.5 -37
98.4 217.7 109.3
482.6 50.8 -28.1 -64.7 25.7 34.7
1501 47.9 -46.6 334.8 -272.5 -124.5
2530.3 -74.9 -32.8 72 -51.8 -54.1
102.3 253.9 131.4
491.2 48.4 -20 -67.1 32.4 36.1
1540.9 41.1 6.4 314.2 -237.4 -154.9
2560.4 -87.7 0.4 41.4 -37.5 -90.3
101.1 267.5 137.1
493 53.2 -18.5 -71 38 36.2
1557.8 66.9 29.2 315.2 -213.8 -163.9
2591.1 -81.1 8.8 51.5 -42.7 -115.9
107.3 287 149.7
496.6 52.9 -15.3 -69.9 33.7 39.1
1576.8 75.4 52.8 314.2 -213.2 -176.9
2624 -79.2 34.3 54.1 -50 -122.5
110.1 308.8 163.4
498.6 51.2 -8.8 -82.3 41.3 34.8
1600 20.3 97.7 260.6 -186.3 -214.8
2642.3 -105.8 57.4 23.4 -36 -133.2
119.8 319.1 182.6
510.2 37.5 -0.8 -95.5 40.1 34.4
1648.1 -60.9 169.4 191.5 -133.2 -272.5
2683.1 -163.7 104.7 -20.1 -6.7 -165.4
128.7 322.8 196
524.1 25 2.4 -94.2 27 41.9
1682.4 -111.9 190.4 184 -148 -260.8
2716 -195.7 120.1 -15.3 -19 -151.4
141.2 330 206.6
546.2 -8.4 28.4 -105.5 19.9 73.9
1718.6 -152.1 216.2 184.4 -171.7 -206.8
2753 -231.5 151.2 -10 -37.6 -98.3
147 325.3 214.3
559 -30.1 38.7 -92 7.1 82.8
1757.6 -205 241 190.2 -190.8 -160.3
2793.5 -267.9 179.7 1.2 -51.1 -58.7
149.6 309 203.8
568 -40 37.2 -75 3.5 93.6
1789.5 -253.6 275.7 203.6 -186.2 -145.9
2824.8 -303.9 201.5 7 -45.7 -55.6
144.7 290.1 203.9
576.9 -39.5 29.1 -75.6 13.8 98.4
1837.9 -298.2 303.1 193.9 -145.2 -129
2866.6 -328.3 204.4 19.8 -33.4 -33.1
158.5 260.4 224.2
596.2 -56.5 19.6 -67.9 13.1 102.5
1920.7 -348.4 329.2 136.9 -130 -117
2939.8 -367.2 204.6 8.9 -34.2 -11.1
183.6 298.1 274.1
630.1 -65 -28.4 -58.1 32.6 112.4
2000.8 -330.8 266.9 92 -94.9 -89.2
3014 -364.4 154.4 -1.7 6.6 13.9
211.9 319.4 296.2
652 -45.8 -42.6 -84.7 7.2 106.8
2090.5 -275.4 213.1 -16.4 -111.2 -28.7
3068.5 -339 157.3 -45.2 -3.2 43.2
261.5 305.7 340.7
702.5 -54.7 -126.3 -33.6 8.8 46.7
2195.1 -251.8 88.7 -65.2 -118.2 -4.1
3166.9 -346.2 53.5 -50.6 -2.8 22.7
313.3 270.7 373.6
771.3 38.6 -115.9 -28 -30.4 -29.7
2303.5 -176.1 49.5 -73.5 -107.3 11.7
3282 -261.8 47.2 -20.8 31.4 15.5
winner is: 5
