Regression analysis information for: peruvian_mismatch_declarative-broad-focus_El-nino-oye-el-rio
number of formants: 3
number of coefficients: 5
69.9 416 165.5
411.4 -15 -17.3 -32.6 58.8 15.2
1570.3 -57.6 100.3 327.8 -145.3 86.8
2543.3 47.5 45.1 51.1 -85.7 -4
71.8 435 174.9
412.9 -15.4 -17.7 -25.3 49.9 2.7
1593.9 -48.8 80.4 314.4 -164.4 43.9
2573.2 35 65.3 71.5 -102.8 -1.1
72.7 444.5 180.3
415 -18.2 -15.9 -19.9 45.3 -7.6
1631.7 -39.7 66.9 307.1 -172.9 9.2
2592.3 7.4 66.2 77 -101.2 21.2
71.6 441.5 193
420.2 -15 -16.1 -20.7 37.5 -15.3
1685.6 16.1 56.7 269.6 -212.8 -16.5
2631.7 21.9 56.1 76.3 -99.6 26.7
72 352.7 174.7
423.8 -12.7 -13.9 -21 36.2 -19.1
1781.5 136.9 104.9 264.8 -250.9 -113.4
2679.7 61.3 69.8 108.2 -75.1 5.1
73 311.4 167.1
427 -11.8 -12.2 -24.3 36.5 -20.1
1815 168 150.7 245.2 -295.2 -143.9
2697.6 76.1 82.2 115.2 -70.8 -4.9
76.8 308.9 169.7
429.3 -18.1 -15.8 -21.4 38.9 -16.9
1838.9 163.4 175.1 230.6 -302.6 -161.3
2709 86.1 94 102.3 -89.6 -1.3
83.9 356.9 200
429.4 -36.8 -17.8 -19.4 50.1 -10.5
1840.8 109 153.8 236 -278.9 -149.7
2752.9 113.5 75.9 65.8 -117.3 -41.5
97.9 374.8 199.5
435.1 -50.4 -28.7 0.4 44.6 -7.2
1812.2 40.7 151 358.8 -186.1 -84.9
2771.1 87.1 59.4 93.5 -101.2 -22.5
111.6 375.5 205.1
446.5 -70.7 -28.9 3.4 49.5 -18.1
1809.2 -30 137.3 383.8 -132.2 -68.6
2781 21.5 46.3 119.4 -58.2 0.8
122.5 362.1 234.2
454.4 -77.6 -31.8 6.8 46.8 -23.9
1857.1 31.8 109.2 338.9 -246.2 -127.2
2817.5 35.6 39.2 97.8 -121.9 -31.6
124.8 306.9 233.2
460.1 -77.6 -26 -3.1 40.7 -31.9
1970.3 116.8 130.7 209.4 -380.9 -248.7
2886.8 73.3 50.7 34.8 -186.8 -99.3
133.2 301.1 235
471.4 -80.8 -28.4 -12.3 40.9 -34.4
2031 88.4 163.7 156.7 -337.6 -271.4
2937.7 45.4 61.7 22.4 -154.2 -104.5
140.1 303.1 245.7
477.3 -83.2 -31.8 -15.6 37.9 -28.5
2055.6 82.2 165.2 128.4 -336.1 -260.2
2972 27.2 52.9 12.8 -162.7 -82.2
134.1 308.2 250.9
474.2 -79.1 -36.7 -21.6 52.4 -25.7
2070.4 71.2 176.6 110.3 -320.4 -254.8
2982.7 26.4 59.1 -9.6 -141.7 -72.7
145.9 275.9 248.5
480.7 -93.2 -35.3 -18.8 63.4 -27.7
2146.5 -39.6 231.2 53.8 -252.2 -260.4
3073.5 -55.4 96.6 -60.4 -95.3 -80.2
163.5 220 234.8
494.3 -105.4 -44.8 -17.5 71.9 -13.4
2270.4 -56.8 111.8 -68.4 -151.6 -113.2
3179.9 -112.7 64.5 -91.1 -65.7 3.9
181.5 173.3 235.7
513.3 -116.5 -65.8 -12 80.5 -8.1
2322 -48 32 -94.1 -91.1 -63.2
3235.5 -109.2 22.3 -100.9 -45.9 44.1
218.3 148.1 246.4
539 -138 -102.7 39.4 67.8 -36.9
2373.3 -56.3 -21.3 -81.8 -85.7 -75.4
3273.7 -138.5 -12.9 -38.9 -31.7 42.1
236.9 148.3 250.8
554.3 -131.7 -117.9 22.8 50.4 -18.5
2398.7 -59.5 -35.4 -94.7 -95 -61.2
3307.3 -141.5 -34.4 -44.6 -25 70.6
winner is: 6
