Regression analysis information for: peruvian_mismatch_declarative-narrow-focus_El-bebe-comia-muy-bien
number of formants: 3
number of coefficients: 5
69.8 322.2 191.4
433 -30.6 13.8 -35.7 29.5 -33.4
1638.2 -65.1 242.6 -23.2 -128.9 42.9
2462.1 -221.7 48.1 4.2 81.7 73.8
67.1 286.9 168.8
435.1 -30.6 9.1 -35.1 32.5 -36.1
1725.8 -94.5 171.6 25.6 -136.4 50.1
2523.5 -199.9 21.8 16.2 90.7 59.2
71.1 277.5 157.7
441.1 -26.9 -9.4 -24.8 36 -42.9
1773.6 -85.5 122.3 42.7 -104.5 45.7
2566.7 -162 4.8 24.4 105.5 43.7
73.4 264.5 142.5
437.3 -16.4 -15.3 -23.9 31.1 -34.5
1789.2 -75.1 123.1 37.1 -100.2 68.1
2589.1 -148 23.2 26.9 112.7 58.3
79.4 260.2 132.2
433.1 -1.2 -32.3 -13.2 24.9 -28.4
1803.4 -74.7 111.6 42.8 -96 63.7
2608.6 -145.3 46.2 37.3 126.1 71.3
84.6 262 136.2
428.3 9 -40.3 -9 22.1 -25.5
1811.1 -77.5 104 44.8 -94.7 55.1
2611.2 -145.9 48.9 36.5 129.3 59.7
90.3 279.5 141.2
429.7 7.7 -39 -16.5 28.7 -25.6
1810.1 -70.6 98 35.9 -76.5 41.8
2619.5 -156.8 49.6 33.5 131.1 59.5
88.1 278.8 149.2
421.8 21 -49.7 -5.5 19.1 -17.8
1821.4 -68.3 67 69.6 -77.9 22.8
2633.9 -161.5 33 51.5 132.3 70.6
95.3 286.6 160.7
427.2 7.4 -38.4 -10.2 28.8 -37.1
1840.5 -83.8 56.9 89.5 -73.6 -3.4
2644.3 -160.2 31.5 45 148.8 78.9
91.6 288.8 166.9
422.6 12.4 -38.2 -7 20.6 -31.4
1845.6 -83 52.1 102.8 -77 -7
2650.1 -149.7 23 47.1 161.1 80.9
90.4 287.9 170.9
420.3 10.1 -26.8 -14 16.1 -27.1
1850.8 -92 68.1 102.7 -92.2 7.2
2667.7 -159.3 23.7 59.6 162.5 71.8
91.9 269.5 169.5
423.1 9.1 -33.1 -6 14.2 -31.1
1880.8 -112.2 48.1 138.4 -98.3 -17.2
2683 -167.3 33.5 65.9 159.3 76.3
107.2 281.6 180.5
433 1.5 -20.1 -34.5 21.5 -32.9
1906.4 -130.3 59.1 135 -104.8 -28.2
2721.6 -187.3 37.1 62.7 130.8 94.3
128.9 296.1 209.7
454.7 -16.7 -18.5 -55.1 44.3 -56.6
1951.4 -143.4 42.6 124.8 -84.7 -70.4
2782.4 -197.5 11.5 42.2 113.9 108.2
155.9 313.1 254.7
482.5 -47.2 6 -98.5 84.9 -82.4
2010.2 -160.7 24.1 97.6 -24.7 -115
2853.1 -211.1 -39 35 176.5 65.9
182.1 316.9 273.6
524.2 -99.3 65.8 -148.1 145.6 -127.6
2073.8 -167.8 38.5 43.4 36.4 -135.9
2915.6 -215.7 -2.8 -3.8 208.3 74.3
219.5 264.9 296.6
552.8 -68.8 77.5 -158.9 134.2 -166
2153.3 -111.6 -7.8 -46.4 35.8 -74.2
3019.2 -134.1 -20.8 -86.6 158.7 108.3
244.2 225.8 306.2
595.7 -85.1 127.4 -191.8 166.6 -203.8
2225 -111.7 -2.7 -86.8 42.4 -86
3130.4 -94.3 -26.1 -134.6 125.1 76.6
268.8 197.9 306.9
638.9 -105.4 158.2 -220.5 148.6 -255.9
2275.8 -136.1 -0.4 -73.5 52.1 -111.5
3216.8 -101 -33 -141 77.6 25.8
332.8 207.7 326.4
683.2 -107.5 194.4 -189.8 108.6 -240.1
2320.1 -155.8 25.2 -50.1 55.6 -112.4
3299.6 -101 -26.7 -104.3 53.6 -0.6
winner is: 5
