Regression analysis information for: peruvian_match_declarative-broad-focus_Daniel-iba-a-Bolivia
number of formants: 3
number of coefficients: 5
61.5 195.8 147.4
424.2 35.2 -19 -11 54.4 -77.3
1703.4 -17.5 180.6 -239 -353.1 193.4
2510.3 33 59.3 -30.5 -170.8 54.5
60.9 186 125.3
427.4 39.7 -9.2 -6.4 61.6 -75.2
1723.4 21.4 210.5 -233.9 -328 194.5
2543.9 29.1 100.5 -23.4 -133.2 59.7
60.7 167.1 112.7
431.8 43.2 -1.2 -1.3 70.1 -73.9
1758.2 23.4 225.6 -231.5 -336.8 214.5
2564.6 32.5 114.7 -27.2 -119.9 59.2
60.9 158.1 104.6
433.7 39.7 0.1 -3.5 73.7 -79.2
1782.2 18.7 228.2 -229.8 -351.6 220.5
2581.7 28.1 123.1 -29.3 -123.9 60.8
59.9 150.7 102.4
432.7 34.8 -5.2 -7.2 72.5 -85.3
1795.9 15.2 223.8 -239.1 -361.2 219.7
2584.7 34.9 124.2 -41.2 -117.8 52.3
61.2 151.4 97.9
432.8 33.9 -8.1 -6.6 73.9 -86.5
1805.4 23.2 228 -242.5 -360.6 215.6
2592.9 36.6 131.6 -40.6 -119.8 56.5
69.2 152.9 104.4
429.6 30.5 -8.6 6.9 91.3 -70.7
1780.5 -30.2 203.1 -203.9 -284.3 284.9
2601 33.7 137.3 -23.6 -111.4 74.3
69.8 154 92
428.2 30.8 -13.2 10.2 91.7 -67.6
1770.7 -60.7 179.8 -189.6 -263.3 293.5
2601.7 3.7 137.5 9.7 -103.7 104.5
72.2 152.3 89
429.3 35.2 -12.1 15.2 92.7 -64.1
1784 -62.7 171.4 -202.2 -280.1 272.3
2608.4 8.7 141 9.2 -111.5 101.1
73.7 168.2 102.5
432.1 29 -19.5 16 87.4 -71.4
1823.5 -41 159.3 -220 -313.9 237.8
2631.9 20.6 146.5 -13.5 -138.6 68.3
75.4 194.9 113.7
437.1 37.5 -14.4 16.4 90.3 -72.6
1883.7 0.7 150.9 -238 -346.4 208.3
2666 50.8 165.8 -30 -167.4 35.5
78 207.4 125.8
439.8 38.7 -16.1 16.6 90.8 -76.1
1921.3 6.7 122.6 -252.9 -338.3 214.7
2690 43.2 169 -40 -160.9 40.7
84.5 230.8 156.5
444.8 41.1 -15 25.7 99.3 -74
1969.7 29.5 117 -251.1 -313.8 245.4
2729.5 54.9 192.4 -29.8 -125.3 70.2
108.2 246.9 195.1
467.9 8.3 18.1 16.4 113.9 -67.7
2017.4 19.9 152.1 -258.8 -286 243.8
2792.9 44.5 220.1 -38.7 -91.7 83.4
119.5 243.8 221.3
476.4 0.5 30.2 11.5 120.3 -59.4
2074.3 -22.2 134.9 -221.2 -270.4 183.6
2834.5 13.4 205.7 -30.5 -69.9 70.6
140.9 236 248.6
491.1 -10.1 39.1 20.3 122.8 -54.4
2120.9 -46 96.3 -175.9 -263.7 131.3
2875.6 -21 190.1 -17.2 -66.6 39.9
163.3 227.8 274.4
514.7 -41.8 49.6 14.2 145.1 -72
2185.7 -59.3 86.1 -139.1 -212.7 87.5
2941.1 -31.4 190.6 -0.4 -22 25.5
217 208.3 287.4
558.3 -91.8 103.2 4.4 166.5 -60
2273.6 -73.4 44.2 -91.3 -136.1 55.2
3055.9 -55.1 110.2 43 72.1 -9.2
248.9 171 270.1
591.4 -129.6 102.7 33.2 160.9 -69
2333.9 -72.8 9.3 -62.3 -88.7 42.2
3123 -62.2 75.5 74.7 105.4 -14
323.1 191.8 283.3
644.3 -194.1 123.1 56.7 115.5 -4.4
2372 -90.2 26.7 -43.1 -108.1 68.9
3172.6 -78 83.7 83 83.5 20.6
winner is: 6
