Regression analysis information for: peruvian_match_declarative-broad-focus_Emilio-ama-la-marcha
number of formants: 3
number of coefficients: 5
66.1 169.1 108.6
498.8 -140.5 -11.9 11.7 26 49.4
1582.5 345.8 313.9 -28.1 -168.3 -132.9
2456.2 110.9 88.4 -31.4 -49.8 -65.7
65.1 163.6 111.9
495.5 -143.3 -8 9.3 29.3 47
1587.3 351.5 321.4 -39.9 -179.5 -146.6
2468.6 99.1 91.5 -38.3 -39.8 -65.6
68.4 157.3 110
498 -150 -9.6 13.6 28.8 42.1
1614.5 359.4 316 -33.8 -198 -176.9
2476.5 107.7 91.3 -44.7 -41.9 -74.6
66.4 180.1 120.3
519.9 -154.4 -48.5 13.6 59.4 50.1
1664.3 364.8 248.4 -35.9 -146 -171.5
2503.1 110.3 67.3 -49.2 -27.2 -74.3
65.2 170.5 112.3
534.7 -162.4 -70.6 20 70.3 50.3
1678.8 364.2 240.3 -34 -142.1 -168.9
2507.9 108.6 72.4 -44.8 -36.6 -76.9
67.2 161.8 105.4
542.6 -170.4 -77.9 25.5 71 48.4
1691.3 360 241.6 -29.7 -144.1 -170
2510.7 98.2 86.6 -39.1 -47.8 -69.5
77.9 176.5 114.9
554.1 -189.1 -70.9 23.1 70 55.9
1716.7 338.1 242.7 -26.6 -137.8 -162.3
2521.4 76.8 96.5 -35.3 -43.6 -57
94.9 204.7 147.9
572.2 -220.7 -56.8 16.8 69.8 65.3
1735.2 300.9 223.9 -31.2 -129.2 -156.2
2546.7 29.1 123.2 -46.8 -40.8 -41
105.1 226.4 162.4
584.7 -239.1 -51.4 15.8 67.8 71.6
1757.7 274 210.7 -35.4 -121.9 -149.2
2564.6 10.6 132.3 -57.9 -48.9 -35.4
112.7 244.3 175.4
593 -251.7 -45.2 11.4 68.6 75.7
1776 248.7 204 -42.7 -121 -135.4
2584 -1.8 133.6 -66.7 -58.3 -29.8
119.4 269.2 230
603.9 -267.6 -35.2 2.7 68.1 89.8
1805 209.6 213.2 -59.8 -122.9 -111.9
2640.6 -50.9 138.4 -80.2 -63.6 -22.5
115.5 269.2 257.3
594.6 -259.8 -23.2 -11.6 68.5 99.6
1809.2 209.6 249.8 -94.8 -124 -88.9
2667.9 -53.3 162.4 -125 -71.1 -12.2
114.4 282.1 298.3
613.9 -283.5 -24.5 3.6 54.2 107.3
1843.1 192.3 269 -86.2 -148.7 -78
2721.3 -71.9 171.6 -134 -107 -3.5
114.4 303.4 326.6
623.7 -287.6 -42.6 17.6 58.4 105.7
1872.4 194.2 274.5 -65.1 -125.1 -115.2
2771.6 -70.7 186.2 -148 -101.2 -12.6
119.4 284.2 325.4
634.3 -310.5 -26.6 5.3 73.8 88.4
1924.9 141.7 336.3 -129.8 -47 -172.2
2839.3 -134.6 258.5 -225.2 -46.1 -53.3
123.3 279 331.8
649.3 -320.4 -23.4 -5.7 59.9 80.7
1958.4 134.8 350.6 -158.7 -46.4 -157.5
2902 -113 286.5 -219.2 -46.3 -58.5
130.5 287.1 357.5
662 -320.7 -31.4 -15.6 48.3 73.7
2000.2 136.9 331.1 -181.2 -78.3 -127.6
2971.6 -104.9 291.1 -241.7 -55.2 -22
140.9 315.1 407.5
706.4 -324.1 -49.8 13.9 59.7 67.2
2092.3 130.4 242.1 -191.8 -0.7 -133.3
3078.5 -113.9 221.2 -222.7 3.1 -41.9
158.5 304.7 379.3
748.1 -373.2 -63.1 33.7 54 58.7
2195.2 66.6 130.6 -103.3 34.3 -197.1
3187.7 -164.8 113.3 -149.5 30.6 -80.5
173.8 160 293.4
773.7 -379 -79.2 24 29.3 44.6
2332 13.1 -1.9 -86.6 3.7 -123
3286 -211.6 33.2 -155.5 5.7 -39.3
winner is: 6
