Regression analysis information for: peruvian_mismatch_interrogative-partial-wh_Cuando-miraba-la-luna
number of formants: 3
number of coefficients: 5
65.5 200.7 136.5
463.5 4.5 1 -25.4 92 66.8
1405.1 -71.1 -118 -180.8 -116.4 -27.9
2379.6 101.6 -77.6 -1.5 -101.4 -107.2
66.2 198.6 144
459.5 1.5 -2.6 -26.3 91.5 66
1401.6 -76.1 -126.1 -182.4 -114.2 -33.5
2374.7 116.8 -97.7 -2.8 -96 -121.8
67.1 193.4 128.6
461.6 1.2 1.3 -23.7 95.2 69
1409.8 -91 -126.4 -187.4 -114.2 -30.2
2419.9 75.2 -55.7 -28.2 -78.8 -108.4
68.9 193.5 124.5
463.6 0.1 5.1 -23.6 97.9 71
1418.5 -93.2 -121.7 -182.4 -109.8 -23.2
2453.5 38.3 -19.9 -42.9 -68.5 -99.3
70.1 196.1 120
466.4 2.3 11.8 -21.8 102 75.2
1429.9 -86.8 -108.7 -179.4 -107 -12.1
2480.7 17.1 11.9 -50.9 -61.9 -89.9
72.5 194.9 110
466.5 0.2 12.4 -24 100.7 75.9
1432 -93.5 -107.6 -188.5 -117.2 -8.7
2499.3 -4 37.7 -69.9 -56.7 -100.3
73.9 212 116.8
467.3 0.5 13 -23.2 100 77.6
1455.5 -67.4 -82.2 -168.8 -103.9 20.7
2530 17.5 69.2 -60.7 -52.5 -90.5
76.2 226.5 123.5
469.2 0.1 16.9 -22.6 104.4 77.4
1474 -46.2 -59.1 -156.1 -86 33.8
2555.3 24.3 94.8 -60 -48 -93.7
79.2 235 130.4
471.4 -1.5 21.2 -23.2 109.4 75.4
1483.6 -29.9 -51.6 -143.3 -77.7 43
2575 29.9 115.4 -53.1 -37.8 -86
81.4 242.2 138.9
470.9 0.5 21.9 -22.6 112.6 78.3
1494.8 -22.7 -50.3 -132.8 -72.7 48.5
2589.9 34.3 130.9 -36.4 -24.5 -75.9
97.5 260.6 153.6
490 -28.5 32.3 -10.8 88 103.7
1521.1 -46.2 -48.4 -120 -85.8 53
2613.3 19.6 147.3 -21.8 -14.7 -66.8
122.1 253.5 177.8
513.3 -44.6 -2.4 29.4 91.6 62.7
1554.8 -61.5 -89.4 -55.8 -110.8 34.3
2641.9 30.8 138.7 -3.5 -26.2 -56.9
124.1 275.9 198.4
522.2 -53.9 9.3 22.2 102.6 51.1
1598.4 -108.4 -85.6 -17.2 -120.2 27.5
2670.1 14 164.8 -4.7 -14.1 -66.9
144.9 292.5 217.6
542 -69.5 -7.6 52 77.1 49.7
1610.9 -124.4 -121.7 -2.6 -136.3 6.7
2695.7 -0.8 121.5 11.3 -65.1 -98.3
146.2 308.9 252.1
543.2 -49 -27.4 74.5 56 60.3
1640.7 -51.1 -110.3 -25.5 -156.7 -13.6
2744.2 46.6 131 10 -105.2 -115.3
166.1 386.2 302.1
586.9 -57 25.6 59 100.6 15.1
1763 35.8 12 -2.1 -85.8 -62
2853.6 73.8 234.8 13.4 -54.9 -142.7
212.6 350.2 308.5
639.6 -73.7 28.2 89 92.9 -5.5
1911.2 158.8 115.2 29.1 -131.6 -196.5
2961.8 112.2 306.4 58.3 -74.4 -172.4
243.6 324.9 342.4
687.3 -128.6 31.1 107.2 84.3 -4.5
2039.8 95.7 102.6 107.7 -158.1 -181.6
3076 52.6 298.7 92.4 -95 -159.2
275.2 341.1 381.5
737.2 -184.9 19.1 88.9 107.6 5.7
2084.3 70 75.3 39.4 -96 -166.2
3153.6 9.1 288.5 26.5 -48.2 -146.6
290.1 357.7 405
767.6 -238.9 0 85.4 120.6 8.2
2132.8 18.8 -2.2 -19.1 -57.5 -134.8
3228.9 -20.1 221.5 -23.2 -0.7 -103.6
winner is: 6
