Regression analysis information for: peruvian_match_interrogative-total-yn_Emilio-ama-la-marcha
number of formants: 3
number of coefficients: 5
78.4 203 145.6
506.1 -103.8 -27.9 46.6 38.7 21.1
1598.6 360.4 229.4 -0.7 -181 -159.1
2486 150.6 98 6.6 1.6 -51.2
77.3 169.2 131
511.2 -111.9 -35.8 60.1 35.3 16
1630.4 390.4 263.7 29.2 -178.7 -168.8
2511.4 130 110.9 7.7 -0.2 -45.6
76.9 154.2 134.5
519 -109.1 -59.5 52.2 51.1 33.7
1668.9 429.1 265.2 35.8 -157.2 -163.7
2528.7 131.5 104.2 8.3 5.1 -36.5
78.4 149.9 133.1
521.7 -113.2 -65 55.9 45.8 44.5
1671.2 424.5 280.7 46.1 -175 -167.1
2536.9 115.4 115.8 14.8 -10.2 -32.9
84.8 158 138.6
529.1 -119.4 -81.1 51.3 51.5 60.6
1680.8 417.8 286.2 47 -184.7 -158.7
2551 103.2 125.9 18.9 -17.6 -23.5
92 177.4 156.7
534.7 -131.8 -87.2 52.1 43.2 74.9
1694 422.9 273.3 56.4 -196.3 -133.2
2564.8 94.8 127.7 32.4 -30.3 5.1
100.5 199.6 187.4
546.7 -150.9 -95.6 60.3 33.3 82.1
1728.3 392.5 274.5 70.4 -210.2 -105.2
2596.5 55.8 151.3 44.2 -45.8 41.4
114.4 225.8 216.7
559.1 -174.6 -95.1 62.5 19.2 102.1
1753.2 366.1 268.6 82.4 -218.3 -76.9
2622.8 32.2 159.8 54.8 -61 74.5
120.5 244 236.7
567.2 -182.1 -107.6 63 19.3 114.9
1772.2 354.9 248.2 77.6 -211.1 -55.1
2647.5 19.5 161.4 57.3 -66.2 99.1
131.2 275.2 259.6
583.1 -203.4 -104.9 51.9 33.4 107
1796.5 326.5 231.9 50.2 -185.2 -50.6
2677 4.8 157 44 -46.2 106.3
134.6 317.6 281.3
576.6 -209.8 -76.1 24.9 35.4 115.8
1782 297.2 225.8 -15.9 -181.9 -9.3
2686.8 -31.2 131.5 19.1 -38.7 104.3
128.6 303.4 281
574.9 -207.6 -72.3 12.9 43.5 116
1782.6 306.2 223.2 -18.7 -190.1 8.7
2698.2 -44.9 132.9 -11.4 -46.2 86
130.5 305.9 297.1
580.6 -213.4 -74.1 18.4 40.8 110.1
1801.9 298.3 228.4 -2.4 -199 -1.9
2729.7 -50.9 143.3 -11.6 -72.1 78.2
134.7 323.4 333.1
591.6 -227.7 -67.6 12.4 43.4 113.6
1828.1 270.6 260.8 -10.9 -200.2 7.4
2778.9 -74.8 178.2 -26 -94.3 88
133.6 339.7 361.5
609.6 -247.6 -74.2 25.3 28.9 136.3
1866.4 244.3 264.7 -11.5 -203.7 30.7
2836.3 -87 206.1 -28.4 -113.4 104.6
133.6 336.4 374
631.6 -278.9 -59.8 25 20.6 136.8
1931.2 203.8 308.3 -18.9 -199.5 8.6
2931 -80.6 275.9 -39.5 -133.3 102.9
139 306.5 355.6
672.8 -326.2 -71.4 52.4 0.6 140.3
2054.6 152.7 288.6 -39.4 -220.1 12.4
3066.9 -80.3 302.8 -74.1 -160.1 115.6
158.6 297.4 340.1
714.2 -349.3 -76.1 52.5 -6.5 142.1
2145.5 143.5 214.2 -77.2 -192 66
3166.2 -70.3 261.7 -90.2 -151.9 163.1
172.5 264.7 316.4
746 -334.5 -107 86.7 -14.4 124
2225.5 98.3 166.7 -34.2 -191 47.7
3235.9 -80.7 237.9 -58.9 -161 155.9
188.5 256.6 306.7
768.4 -318.4 -138.2 98.3 -4.2 117.2
2271.2 120.2 100.8 -59.6 -159 96.8
3279.1 -77.3 183.7 -61.4 -159.8 201.3
winner is: 4
