Regression analysis information for: peruvian_mismatch_interrogative-total-yn_La-nina-lava-el-plato
number of formants: 3
number of coefficients: 5
80.4 214.1 148.8
505.9 -31.9 -25.6 -14 -17.7 100.6
1445.2 215.7 -136 119.6 -53.5 25.6
2423.2 142.7 46.7 -82 -99.3 -56.5
80 170.9 141.1
509.9 -22.8 -33.1 -7.9 -26.8 88.3
1511.3 310.9 -109.8 91.4 -143 -93.6
2454.5 152 55.3 -108.4 -106.3 -68
79.9 155.5 128.1
514.3 -20.1 -40.7 -2 -28.2 77.3
1548 354.2 -102.7 92.5 -173.3 -150.2
2504.1 138.6 10.8 -94.9 -84.2 -116.2
78.7 156 110.9
514 -18.8 -37.1 -3.7 -32.9 78.2
1562.7 373.7 -97.9 91.2 -185 -168.6
2508.2 122.5 2.9 -105.5 -103.7 -87.6
82 158.3 102.6
516.4 -21.4 -38.3 0.6 -33.2 74
1583 391.8 -88.1 99.9 -198.4 -185.2
2525.7 110.7 -10.6 -85.6 -103.3 -94
86.3 160.2 103.9
517.1 -25.1 -39.2 4.4 -31.8 72
1599.8 411.7 -75.5 107.4 -215.6 -200.3
2545.7 116.7 -3 -68 -103.5 -103.1
91.2 162.5 106.4
516.5 -29.3 -43.2 8.9 -28 70.5
1607 426.5 -72.3 114.9 -222 -205.2
2565.1 131.1 14.5 -58.8 -98.2 -116.3
97.3 191.2 122.1
515.5 -39.4 -39.7 7.1 -19.6 72.8
1604.2 390 -62.9 120.1 -180.2 -186.5
2597 148.9 54.6 -59.9 -82.9 -141.5
110.9 247.9 169
525.1 -70.4 -26.5 -2.2 4.2 51.2
1624.1 299.2 -6.1 80.5 -104.9 -225.4
2626.5 101.4 86.5 -101 -57.3 -208.5
117.2 264.5 160.6
529.6 -84.7 -15.7 -9.3 14 45.7
1613.3 168.4 20.7 58.1 11.9 -187.7
2622.3 28.3 101.4 -110.1 4.4 -181.5
127.1 268.9 176.2
538.6 -96.2 -17.6 -2.8 15.2 38.1
1640.2 155 42.4 52.6 13 -198.1
2651.7 11.8 112 -98.7 11.7 -191.2
138.4 289.8 225.8
556 -104.3 -6 12.2 16.6 51.3
1695.6 140 96.7 35.7 13.3 -215.3
2714.6 -18 147.5 -84.1 -6.8 -169.5
142.1 275.9 226
569.8 -112.8 4.9 14.8 18.5 55
1765.9 189.7 148.9 0.3 -33.9 -302.9
2770.7 24.2 188.4 -102.5 -7.8 -237.5
146.6 269.1 235.6
582.6 -129.6 1.4 14 14 40.3
1827.9 170.7 204 -43.3 -41.7 -358.7
2839.8 44.4 235.9 -109.7 -2.6 -285.9
147.8 247.2 249.8
593 -134.7 -5.5 13.4 21.2 28.2
1878.7 132.8 243.3 -93.3 -43 -399.5
2883.9 4.7 267.8 -145.2 8.4 -299.1
164 248.4 246.8
603.3 -127.8 -4.9 37.9 28.4 32.8
1913.7 101.2 272.7 -108.2 -36.2 -380.4
2910.4 -1.6 280.4 -161.8 16.6 -310.4
183.6 259.5 287.1
628.8 -133.4 -12.1 57.3 42.4 39.4
1965.5 82.6 273.3 -131 -16.1 -361.1
2981.4 -40 291.8 -176.4 40.4 -306.5
198.3 273.7 329.1
667.2 -141.5 -93 68.1 99.1 7.9
2040.5 38.4 216.5 -145.2 37.9 -368.1
3070.9 -89.1 208 -176.6 103.8 -336.9
204.9 292.3 343.2
709.4 -154.6 -155.3 91.6 153.9 -3.4
2102.6 21.3 161.2 -130.6 88.2 -362.3
3145 -107.1 149.6 -165 164.3 -339.5
204.3 297.4 354.7
725.5 -164.6 -175.8 109.5 160.6 -3.7
2143.4 -0.1 160.1 -130.5 101.3 -339.6
3201.7 -124.7 144 -142.8 196.1 -317.8
winner is: 5
