Regression analysis information for: peruvian_match_declarative-narrow-focus_Daniel-iba-a-Bolivia
number of formants: 3
number of coefficients: 5
61.9 190.1 188.6
422.5 15.6 -9 -46.8 97.5 -44.8
1717.5 19 202.1 -99.2 -479.7 -15.2
2467.9 105.6 155.5 -35.7 -234.5 -4.8
60.9 169.3 150.2
422.1 12.4 -9.3 -48.8 101.2 -47.6
1718.5 35.9 225.8 -121.4 -448.5 -7.3
2511.6 75.2 126.1 -41.2 -144.4 -67.5
60.8 164 130.9
422.6 9.2 -10.1 -50 103.8 -49.7
1734.5 19.4 216.4 -113.9 -460.3 -8.9
2547.2 52.4 103.8 -16.7 -132.4 -76
61 146.4 119.4
423.1 7.2 -11.1 -49.5 105.3 -50
1769.1 -15.3 209.4 -74.3 -501.9 14.6
2570.7 46 116 3.2 -149.7 -62.8
61.5 144.6 106.6
423.6 8.7 -9.1 -46.1 109.5 -46.2
1791.9 -16.6 218.8 -43.8 -506.1 37
2587.5 56.4 133.4 18.9 -145.7 -46.4
62.3 148.2 95.3
422.3 9.3 -9.4 -42.2 111.8 -41.2
1804.8 -31.9 213.4 -15.3 -521.8 32.3
2608 54 134.5 51.3 -144.2 -48.7
61.7 154.4 90.6
419.7 9.3 -12.1 -38.4 112.8 -34.6
1812.2 -37.1 213.6 4.1 -523.3 33.3
2622.8 41.9 126.6 74.5 -153.6 -60.1
61.8 151.9 91.2
418.3 7.8 -13.8 -39.3 113 -32.6
1808.6 -48.3 199.2 -6.1 -533.8 23.8
2627.4 41.9 126.3 76.7 -155.4 -59.8
61.9 151.3 91.3
415.5 3.1 -17.9 -44.2 110.6 -34.1
1811.4 -49.3 191.7 -13 -540.3 22.7
2631.3 44.6 124.3 76.6 -159.9 -60.4
64 152.7 91.2
418 1.7 -20.3 -40.3 110.5 -35.9
1821.8 -41.3 190 -12.9 -539.9 28.2
2636.2 44.9 120.4 76.5 -162.3 -63.2
62.7 152.8 92.9
415.7 4.8 -17.6 -45.5 112.4 -31.2
1830.8 -24.4 196.9 -16.7 -530 41.7
2640.9 58.4 130.8 71.9 -151.8 -51.9
65.1 156.6 102.8
417.6 2.9 -15.7 -47.6 114.9 -33
1848.1 -11.5 209.8 -11.5 -516.8 60.3
2655.3 67.8 147.2 76.1 -140.2 -38.2
69.7 161 119.3
422 -4.4 -9.1 -55.3 123.6 -41.2
1869 -20.9 214.7 -33.3 -509.2 67.1
2676.2 55.2 171.3 72.7 -127.2 -37.3
87.5 180.1 140.3
438.2 -33.9 16.4 -79 145.5 -61.2
1901.8 -48.3 230.8 -81.4 -493 55.2
2713.1 22.4 192.9 40.9 -120.8 -34.6
99.8 199.1 165.9
452.9 -40.2 16.9 -63.4 141.8 -50.5
1933.4 -46.8 235.9 -69.5 -489.2 61.5
2757.6 16.9 204.4 66.3 -119.7 -19.9
146.2 277.9 276.2
502.2 -61.7 -7.9 -16.6 164.2 -65.7
2078.3 -60.5 119.4 53.2 -345 -26.7
2878.8 20.6 177.2 139.6 -12.6 -26.3
183.1 279 310.5
542 -90.9 -6.7 -6.3 178.6 -50.3
2139.5 -71.4 109.8 87.7 -288.5 -47.6
2958.3 0.4 204.4 160.8 18.8 19
219.7 256 311
590.3 -106.2 -5.1 8.4 209.2 -20
2202.4 -54.7 50.7 59.2 -226.2 -9.8
3039.5 -36.1 139.8 100.6 67.9 47.3
238 176.6 286
606.6 -113.5 5.9 11.2 221.4 2.5
2287 -43.9 -48.7 17.2 -112.4 49.6
3136.1 -25.8 86.6 93.3 170 117.7
262 179.9 292.4
618.4 -123.1 5.4 20.3 217.1 5.5
2309.9 -35.7 -37.5 22.7 -102.7 56.1
3179.4 -32 77.1 100.4 161.9 129.8
winner is: 9
