Regression analysis information for: peruvian_match_declarative-broad-focus_Ana-lleva-el-abrigo
number of formants: 3
number of coefficients: 5
64 193.7 120.7
488.8 76.9 0.1 66 120.5 -32.3
1564.4 76.2 -130.4 95.6 -317.4 195.6
2443.5 -24.8 72.5 -11.4 -63.3 30.7
62.8 187.1 127.3
484.7 73.7 -6.8 66 119.5 -34.8
1565.8 62.2 -142.2 125.1 -317.1 189.4
2452.8 -40.8 58.2 4.1 -66.7 53.5
62.3 182.7 107.8
483.8 73 -8.6 65.3 118.2 -35.8
1564.1 58.3 -143.5 130.5 -310.3 187.4
2470.5 -33.2 22.8 8.2 -38 8.9
62.3 185.1 99.4
484.4 74.6 -7.5 64.2 117.7 -36.5
1579.4 55.1 -143.9 128.4 -329.3 194.2
2484.1 -38.2 23.6 14 -59 -15.9
62.8 186.3 102.3
485.8 76.6 -4.6 62.2 118.5 -36.3
1596.2 65 -145.7 112.1 -344.1 196
2512.3 -31.6 36.5 19.3 -82.2 -11
63 187.3 104.3
486.8 79.3 0.3 58.3 120.4 -34.5
1612.7 80.4 -146.4 90.9 -361.7 202
2535.3 -16.5 44.5 9.1 -89.5 -8
62.9 184.3 106.9
487.8 84.4 5.6 55.5 122 -32
1626.8 101.4 -145.3 65.1 -384.1 215.1
2557.1 -1.4 53.5 -10 -106.9 -11.9
69.1 197 132.2
496.4 74.4 22.2 45.6 129.9 -31.6
1653.6 92.3 -117.7 19.4 -387.7 212.7
2593.7 15.7 67.2 -61.8 -139.5 -11.2
77.2 210.6 150.2
496.1 58.6 23.6 40.6 132.7 -21.9
1664 81.9 -111.9 -6.5 -391 211.5
2617.7 28.5 70.3 -104.2 -162.6 -13.7
79.3 247.6 168.5
500.5 49.1 30.9 34.1 138.3 -26.6
1696.5 16.2 -58.5 -61.1 -342.6 169.4
2628.9 3.7 85.9 -130.3 -139.6 -37.5
79 275.3 191.3
507.3 42.4 41.2 26.8 148.7 -35.3
1735.2 -45 -4.3 -114.6 -291.7 124.5
2661.1 -14.5 114.8 -170.5 -125.2 -75.9
86.3 279.9 208.8
517.4 30.9 51.8 22.9 152.4 -31.5
1780.7 -107.5 49.1 -163 -246.8 89.8
2697.7 -36.7 145.7 -199 -115.9 -95.7
84.1 288.1 210.3
524.6 44.4 58.2 29.1 159 -38.9
1793.7 -84.8 43.3 -153.4 -238.3 73.2
2723.1 -20.6 156.4 -198 -122.6 -109.3
93.8 286.7 210.8
539.6 44.3 72 34.8 161.1 -30.9
1817.3 -95.2 47.1 -148.5 -237.4 83.2
2748.7 -42.2 173.7 -192.1 -124.2 -94.3
105.4 285.3 219.1
556.2 53.3 86.6 42.1 164 -26.9
1849.1 -105.5 53.9 -144.3 -247.6 88.6
2790.4 -65.8 196.6 -199.2 -154.8 -79.7
114 293.4 240.6
580.6 73.6 104.6 60.3 165.5 -44.6
1913.1 -123.9 104.5 -144.8 -214.5 90.3
2847.2 -90.6 229.9 -207 -176.8 -65.1
147.6 231.5 249.7
618.4 62.2 129.1 86.9 146.9 -31.9
2014.6 -228.2 213.9 -183.3 -180.7 93.5
2920.8 -158.8 283.5 -195.6 -194.6 -53.1
155.9 179.4 265.8
623.1 23.5 105.5 96.9 152.5 -10.9
2086.7 -295.1 183.8 -212.7 -141 110.6
2976.9 -221.1 248.8 -195.3 -184.7 -18.1
166.7 170.9 278.2
635.4 66.5 97.4 97 157.7 -43.3
2138.4 -297.4 104 -221.3 -130.7 64.8
3051.2 -225 169.9 -183.4 -176.3 -41.5
184.2 174 305.1
638.2 46.3 72.8 106.8 151.5 -44.7
2162.2 -314 50.1 -220.2 -106.1 34.4
3100.4 -198.8 111.9 -154.1 -169.8 -89.2
winner is: 4
