Regression analysis information for: peruvian_match_declarative-narrow-focus_Emilio-ama-la-marcha
number of formants: 3
number of coefficients: 5
77.2 206.7 179.3
517.3 -151 -8.7 9.9 43.9 46
1559.8 305.1 266.9 -23 -160.7 -159.2
2430.5 125.1 78.9 23 -48.3 -53
72.6 195.6 147.4
527 -164.4 -20.7 28 40.3 37.4
1583 319.5 285.5 12.6 -147.6 -156.1
2471.4 96.5 82.1 21.8 -45.3 -32.5
72.3 178 130.8
526.6 -166.6 -24.4 26.9 42.1 34.5
1609.4 341.4 303.1 19.5 -137.9 -154.1
2495 80.2 98.4 9.4 -29.6 -42.4
75.8 188 120.2
532.1 -174.8 -27.6 19 52.5 28.6
1620 326.9 284.6 2.2 -131.2 -155.9
2511.7 65.8 110 0.5 -20.6 -49.5
73.8 176.7 116.3
529.8 -167.1 -44 23.2 53.9 29.9
1624.1 347.7 289.5 14.5 -126.5 -149.6
2517.9 69.1 110.4 8.4 -21.4 -51.1
81.2 180.8 113
540.9 -180.5 -46.6 10.7 66.2 32.1
1644.1 348.3 294.1 10.3 -111 -136.1
2530.2 64.5 106.2 11.8 -19.9 -48.5
86.5 184.3 120.8
545.4 -186.3 -52.5 16 57.5 44.8
1660 350.9 302.6 19.2 -111.8 -122
2546.1 50.4 116 21.3 -31.6 -39.6
106.4 208.9 157.8
558.4 -210.6 -43.8 14.8 45.7 65.9
1671.2 333.4 303.8 4 -114.1 -101.9
2575.7 16 143.5 17.4 -45.3 -8.7
115 234.5 186.4
568 -219.5 -47.8 6.1 50.8 82.6
1702.9 321.2 282.2 1.1 -101.9 -86.9
2606.6 -1 144.2 21.1 -41.6 4.5
126 268.3 209.5
579.8 -239.8 -39.2 5.9 38.3 99.3
1722 282 274.7 -5.7 -121.3 -74.8
2628.4 -34.2 150.2 26.8 -56.8 18.5
129.6 301.1 221.2
580.7 -244.6 -32.4 -3 36.1 109.9
1715.3 236.7 248.4 -32.2 -142.8 -70.1
2636.8 -57.7 149.7 25.1 -71 31.3
121.8 314.3 226.3
577.3 -240.9 -35 2.8 33.8 96.6
1713.3 215.6 258.1 -24.6 -176.2 -92.2
2643.8 -73.8 144.5 19.9 -99.1 20.1
118.3 328.5 256.3
584.2 -248.7 -32.4 -0.6 32.3 104
1746.8 198.4 281.5 -36.6 -175.8 -76
2681.3 -98.5 167.8 -0.9 -109.2 25.6
123.1 337.7 291.7
610.6 -294 -26.3 41.3 10 64.5
1798.6 145.3 305.4 29.2 -219.4 -125.2
2742.5 -136.3 182.4 21.8 -137.9 0.8
121.8 333 305.9
628.8 -331.5 -1.5 38.6 9.9 60.4
1843.2 105.6 357.9 28.3 -233.8 -134.1
2803.8 -143 255.6 3.2 -152 -34.4
142.6 305.4 312.9
672.5 -360.8 -2.9 27.2 0.6 48.3
1954.8 95.3 435.9 14.6 -180.2 -169.7
2952.3 -118 373.6 -31.5 -128.6 -63
169.5 315.7 333.8
725.9 -384.2 10.1 -9.3 -29 51.7
2049.4 59.1 459.4 -65.1 -187.1 -168.7
3061.1 -101.8 398.8 -139.2 -185.2 -75.4
181.7 341.1 347.6
752.4 -391.7 -18.9 -16.8 -28 53.2
2156.4 64.6 366.7 -132.4 -168.1 -100.1
3157.1 -64.7 344 -210.4 -195.6 11.2
220.8 277.2 316.7
815.8 -350.8 -45.5 -42.8 -39.7 46.9
2322.1 81.4 167.5 -187.2 -55.5 -3.2
3308.9 -23 199.4 -247 -103.4 66.9
233.2 234.8 296.5
829.7 -356.5 -46.7 10.6 1.3 73.9
2374.9 40.4 134.1 -111.2 -24.2 -39.5
3346.8 -65.4 207.4 -194.1 -77.7 54.1
winner is: 5
