Regression analysis information for: peruvian_match_interrogative-total-yn_Daniel-iba-a-Bolivia
number of formants: 3
number of coefficients: 5
66.6 159.9 141.1
449.7 9.2 -17.8 -53.4 99.2 -32.2
1714.6 58.1 172.3 -142.1 -393.1 37.9
2454.6 27.3 85.4 -52.6 -113.5 16.6
67.4 157.5 150.3
445.4 7.9 -18.8 -51.9 95.9 -29.6
1732.5 47.7 176.5 -125.9 -417.9 30.5
2473.6 26 108.4 -58 -138.7 19.6
67 141.6 110.3
442.5 7.1 -22.3 -48.4 94.6 -28.6
1758.6 23.8 173.2 -96.2 -449.8 35.8
2526.8 3.5 78.2 -13.5 -121.1 -15
66.7 148.2 106.2
439.8 9.6 -25.9 -43.6 92.9 -26.3
1769.1 15.9 166.8 -85.7 -452 26
2551 -1 94.4 -3.9 -119.5 -21.6
67.1 142.5 110.9
436.3 12.6 -29 -38.6 91.4 -22.6
1769.3 -6.9 166.5 -84 -452.2 68.5
2562.3 -3.2 101.9 1.3 -122 -8.4
66.7 141.7 106.7
433.2 16 -31 -34.3 91.1 -18.6
1765.8 -3.9 169.2 -77.7 -442.6 88.4
2564.8 6.8 119.3 32.2 -94.4 14.2
66.2 136.5 99.3
432.3 20 -31.2 -31.4 91 -15.7
1773.6 16.2 183.7 -52.5 -428.7 103.6
2573.2 24 131.5 43.1 -83.9 22.4
65.4 127.8 96.1
431.1 24.6 -30.9 -28.7 90.2 -14.6
1784.1 43.1 185.1 -36.6 -442.1 104.9
2580.9 49.8 126.5 47.5 -103.9 26.2
65.1 130.8 96.2
430.2 27.7 -31.1 -27.8 89.2 -14.6
1801.5 52.4 185.4 -35.3 -460.3 74.8
2592 59.3 128 41 -117.7 23.1
65.3 143.4 105.5
430.2 30.5 -30.8 -27.1 87.9 -16
1827.9 73.3 202.1 -23.9 -482.3 22.3
2619.5 93 144.5 39.1 -142.9 -27.6
65.7 156.6 116.1
431 31.6 -31.3 -27.6 87.6 -17.3
1844.5 84.1 196.4 -31.3 -484.2 4.3
2631.2 114.7 149.8 27.4 -141.4 -56.3
66.3 163.2 120.4
431.9 30.9 -31.6 -28.1 88.3 -18.4
1857.9 84 202.6 -27.5 -475.7 0.5
2644.5 98.8 170.5 21.2 -130.7 -74.5
68.7 165.7 124.3
435.1 35.6 -27.3 -22.7 94.7 -13.4
1866.9 79.9 218.9 -19.4 -467.7 -1.3
2649.6 111 181.8 56.2 -132.4 -57.1
74.3 178.6 137.7
443.1 48 -15.5 -9.9 109.6 -1.5
1886.9 78.6 231.1 -32.9 -450.2 15.1
2687.2 83.7 229.6 42.5 -94.6 -48.1
73.9 195.5 146.9
444.4 40.2 -27.1 -13.7 109.8 -11.6
1908.4 75.1 248.1 -41 -430.9 28.5
2720.3 54.9 254.1 37.6 -72.2 -38.8
79.6 217.1 191.8
449.6 35.2 -39.2 -12.8 115.5 -20.8
1966 40.1 179.1 -2.1 -382.4 -45.5
2784 8.5 213.9 53.4 -29.9 -70.6
81.9 214.3 220.3
458.4 22 -73.1 -16.9 125.6 -40.4
2037.8 -8.7 102.9 39.5 -333 -144.6
2855 -52.1 162.4 57 -3.5 -113.2
95.1 205.1 242.2
480.2 28.8 -70 2.5 156 -37.8
2125 3.2 51.3 23.9 -242.3 -94.4
2973 -84.1 166.8 36.6 71.4 -70.9
108.5 194.1 261.8
492.7 49.8 -62.4 17.1 189.1 -14.5
2181.8 47 -0.7 50.8 -162.1 -66.2
3058.9 -50.4 143.2 49.9 145.9 -26.5
126.3 160.5 258.8
509.9 33.2 -69.5 25.1 206.3 -9.4
2227.7 43 -56.5 32.1 -118.3 -60
3121.2 -45 87 38.2 176.8 -14
winner is: 8
