Regression analysis information for: peruvian_mismatch_declarative-narrow-focus_Mi-tia-odia-la-lluvia
number of formants: 3
number of coefficients: 5
85.3 344.1 225.3
447.3 -1.9 -74.5 -67.9 33.9 -16.6
1641 125.3 108.9 -27.8 -169.6 -335.1
2505.3 214.8 13.2 1.8 -33 -88.6
85.8 309.8 194.6
446.9 2.6 -64.9 -60.4 35.2 -21.4
1695.1 160.1 199.6 -19.4 -170.1 -353.3
2579.7 194.8 50.5 -5.5 -51.1 -67.1
84.9 268 173.3
447 2.6 -57.1 -54.8 38 -25
1745.2 227.2 276.4 19.7 -162.4 -366.6
2635.1 183.5 103.3 -28 -6.2 -91.6
83.9 268.6 160.6
446.2 -0.7 -56.5 -53.1 39.5 -24.3
1763 215.2 265.2 35.7 -156.1 -376.7
2671.1 172.9 81.5 -34.7 -6.9 -128.6
82.9 269.1 160.3
444.7 -4.3 -59.7 -53.5 39.3 -22.1
1775.1 210.2 264.7 51.2 -164.6 -373.2
2705 171.2 70.3 -8.6 -32.2 -139.4
82.7 260.9 159
444.4 -5.4 -64.3 -51.3 37.2 -18.7
1787.2 210.5 264.5 69.1 -169.6 -367.7
2732.2 148.2 43.9 16.6 -54.2 -131.3
81.9 260 166.2
442.6 -8.3 -71.1 -51.1 33.7 -15.9
1794.8 213.9 266.2 78.8 -172.4 -361.3
2748.6 157.7 42.7 24.7 -44.5 -115.1
81.8 263.6 168.4
441.6 -10.6 -76.5 -52.8 30.5 -15.3
1796.8 209.1 258.3 77.3 -182.6 -364.4
2763.6 173.6 38 22.9 -44.5 -111
84.2 269.8 172.9
443.7 -8.2 -77.4 -54.3 28 -17.4
1799.3 204.6 251.4 73 -191.6 -368.7
2781.4 182.9 24.6 15.5 -60.7 -114.7
81.8 276.6 183.1
440.4 -15.6 -85 -58.7 28.9 -13
1791.1 183.9 231.1 58.7 -197.1 -368.5
2790.7 170.7 -2.3 2.1 -76.3 -108.9
80.1 270.4 181.6
439.2 -13.8 -85.8 -64.8 31.8 -11.9
1796.7 195.3 240.7 58.4 -195.1 -372.5
2803.4 182.9 2.8 3.8 -74.6 -102.2
81.9 270.4 188
441.6 -15.1 -85.5 -66.5 32.7 -8.8
1802.7 189.1 243.5 51.5 -203 -376.4
2827 196.7 16.7 -1.4 -67.1 -93.7
92.3 278.2 204.7
452.8 -8.6 -76 -64.1 27.2 -8.6
1831.3 179.2 267.4 73.6 -213.3 -345.9
2875 202.4 47.2 17.7 -56.6 -64.3
108.6 261.1 222.9
469.2 -12.1 -56.4 -69.3 30.6 -14
1902.7 174.1 341.8 152.5 -209.5 -251.2
2956.5 209.8 124.9 76.4 -10.8 4.2
138.7 237.5 245
494.9 -38.6 -20.6 -86.4 54.8 -24.7
1976.7 124.8 425.7 190 -192.2 -187.7
3030.6 173.1 179 91.3 29.2 38.9
161.6 227.8 251.1
519.3 -68.4 -9.2 -82.9 47.9 -28.4
2022.9 62.5 445.6 197.2 -216.5 -162.5
3091.3 122.3 178.7 101.3 16.8 62.3
191 234.6 271.2
547.2 -76.6 -1.1 -69.9 25.2 -26.2
2078.3 10.9 456.8 199.5 -223 -145.1
3167 78.6 175.9 91.1 21 73.2
229.1 254.7 289.3
576.4 -55.9 -5.8 -65 27.6 -74.7
2129.3 9.4 414.4 193.8 -183.7 -174.2
3230.1 78.1 170.3 86.4 38 30.9
263.9 270.5 288.7
612.5 -75.9 -39.1 -75.5 24.8 -70.1
2213.7 -15.7 324 176.8 -145.9 -140.9
3300.7 78.9 113.1 34.9 61.9 67.9
305.4 264.8 265.5
647.8 -95.8 -55 -91.8 -3.8 -63
2286.1 -5.6 258.7 126.8 -149.3 -102.8
3380.9 102.3 57 -33.2 40.5 98.3
winner is: 6
