Regression analysis information for: peruvian_mismatch_declarative-broad-focus_Mi-novio-viene-del-lago
number of formants: 3
number of coefficients: 5
77 269 163.7
473.9 -122.1 49.9 -20.7 -56.6 7
1550.9 94.9 -273.6 120 199.3 128.9
2476.2 157.1 -87 120.8 68.5 -17.2
73.7 260.9 135.3
472 -123.3 53.9 -19.8 -56.5 12.2
1586.6 114.9 -220.6 123.1 218.1 118.6
2523.3 113.1 -31.6 82.8 106.8 -12.2
71.7 237.1 133.1
469.2 -112.8 54.1 -12.7 -61.8 16.5
1630.8 205.6 -160.6 168.9 232.3 112.5
2534.3 137.1 -33.4 99.4 98.6 11
69.8 220.2 130.3
468.8 -107.9 58.4 -11.7 -63.7 16.2
1643.7 231.1 -139.3 182.9 240.5 127.9
2535.3 149.8 -18.6 83.2 89.1 30
70.8 211 122.5
466.9 -103.3 59.9 -11.5 -66.3 13.6
1662 231.3 -130 179.9 263.5 122.3
2563 134.9 -15.5 69.8 106.8 -10.7
73.1 207.8 121.2
468.5 -105.2 65.1 -16.5 -63.6 5.5
1681 227.5 -105.4 173.7 283.8 112.7
2581.9 116.4 0.4 53.8 122.4 -36.3
75.1 211.7 124.8
468.5 -107.6 67 -20.3 -64.2 0.8
1692.2 234.5 -89.8 181 287.2 112
2593 112.9 20.3 48.1 125.2 -51.7
75.7 226.1 134.5
466.7 -110.8 62.8 -23.7 -68.1 -1.4
1702.3 239.2 -83.9 182.6 281.3 107.4
2606.5 123.3 40.8 49.6 127.3 -61.5
76.4 236 138.5
463.4 -106.5 53.8 -20.2 -76.5 2.1
1713.8 238.2 -93.2 183 276 101.1
2616.8 128.3 42.2 50.1 128.2 -67.4
79.3 262.3 140.5
460.4 -110.6 46 -21.1 -80.9 4.2
1668.3 139.8 -187.8 139 240.8 106.4
2616.1 111.4 21 41.4 124.2 -75.8
79.3 264.6 140.5
461.2 -108.6 44.5 -18.2 -84.3 5.3
1677.4 139.8 -191.9 160.2 232.6 104.5
2627.4 114.4 18.9 47.2 128.2 -79
79.1 274 146
463.3 -112.7 47.8 -18.3 -82.9 3.3
1690.4 123.1 -177.5 186.8 237.5 89.2
2641.2 111.1 31.8 54.8 141.7 -84.3
79.7 285.6 152.9
466.6 -117.5 51.7 -20.7 -81.3 1.6
1729.3 148.9 -149.8 217.8 228.5 64.6
2666 132.3 52.9 68.5 147.8 -93.2
79.8 299 158.6
469.1 -116.9 53 -20.2 -84.3 2.5
1759.8 163.8 -141 234.6 209.6 52.4
2694.9 142.7 71.7 79.8 149.9 -106.4
81.6 279.7 163.7
473.4 -120.6 58.2 -23.4 -83.2 1.5
1800.2 204.9 -89.2 276.9 256 99.9
2739 184.4 131.4 134.5 193.1 -64.1
89.3 295 173.6
480.3 -114.4 61.3 -28.6 -91.9 -4.7
1831.3 234 -75.9 260.7 239.5 87.5
2773.8 205.6 133.6 127.2 190.7 -54.1
103.4 302.5 198.7
492.6 -112 67.2 -34.7 -111.4 -3.6
1892.4 325.7 -67 223.6 140.6 1.6
2821 252.1 137.4 79.7 143.1 -89.5
112.9 212.3 231
505.9 -105.7 63.4 -56.9 -131.2 6.4
2016.9 453 -134.8 59.8 6.5 -13.7
2912.2 305.1 90.7 -37.7 101.6 -58.7
128.5 212.7 273.7
523.6 -122.5 65.8 -69.6 -128.6 -2.6
2087.5 406.4 -100.4 23.1 7.6 -58.3
2982.2 253.4 126.8 -62.6 126.8 -69.9
172.5 240 323
562.7 -143.2 31.6 -64.8 -118.9 -8.8
2155.1 336.2 -84.2 15.8 37.5 -84.8
3051 193.7 126.4 -47.4 145.5 -90.8
winner is: 6
