Regression analysis information for: peruvian_match_interrogative-total-yn_Manuela-vende-el-carro
number of formants: 3
number of coefficients: 5
83.4 140.6 114.4
512.2 -39.1 43.7 -14.4 -69.5 60.1
1522.4 124.3 -372.3 79.3 -23.7 -78
2365.1 113.9 -135.7 -34.4 65.2 -94.1
92.7 131.7 87.4
521.6 -47.4 26.9 6.4 -73.7 45.1
1535.6 133.1 -391.2 83.6 -19.5 -91.4
2399.4 125.9 -152.6 -27.5 70.1 -85.5
95.1 127.9 75.9
521.2 -47.1 20 11.6 -72.8 40.1
1535.9 141.2 -398.4 84.5 -17.5 -99.3
2415.3 125.6 -155 -32.5 67.6 -84.5
98.2 131.3 79.1
522.2 -48.3 15.4 17 -73.5 36.2
1542.9 141.4 -404.9 90.6 -18.1 -104.1
2425.8 123.6 -156.9 -27.3 73.2 -94
98.7 136.1 76.9
518.2 -47.8 20.8 10.2 -72.3 41.6
1546.4 139.3 -405.6 88.4 -15.8 -96.4
2430.7 126.2 -154.8 -30.8 78.3 -88.2
97.2 140.6 78.2
516.7 -45 26.1 7.9 -66.1 43.4
1552.7 139.9 -400.6 93.6 -8.4 -85.8
2438.9 130 -151.7 -26.1 86.3 -80.3
97.4 144.1 77.1
516.4 -45.7 31.9 12.3 -68.9 45.4
1553.4 137.7 -400.4 97.3 -6 -77.1
2443.4 132.3 -149.4 -27.4 92.2 -72.3
99.2 158.4 89.7
517.9 -51.2 46 9.9 -68.3 46.9
1574.7 126.4 -375.8 105.7 1.7 -62.6
2461.1 126 -143.5 -10.9 97 -69.4
112.6 174.6 100.6
532.7 -60.1 39.3 34.8 -66.7 30.6
1582.5 122.2 -368.8 122.9 -12.5 -69.7
2475.9 112.8 -137.5 9.1 90.5 -82
125 207.6 121.2
544.7 -72.2 46.6 42.6 -66.9 25.3
1609.4 98.1 -325 133.7 -18.4 -68.6
2502.4 93.4 -110.4 37.8 88.1 -85.6
150.5 235.3 161.9
568.4 -97.5 34.4 74 -78.5 6.4
1644.6 56.9 -306.5 140.7 -31.3 -75.4
2541.6 51.9 -108.7 74.2 75.5 -107.3
192.4 269.9 230.8
608.9 -140.5 15.9 123.6 -91.8 -34.2
1712.1 -25.4 -240.5 105.1 -2.2 -135.8
2602.2 -6.7 -92.2 108.5 81.4 -162.1
206.1 274.1 252.2
628.1 -150.5 11.3 143.2 -91.3 -57.6
1778.3 -12.3 -195.6 92.5 -4 -189.3
2637.7 -7.4 -104 147.4 79.3 -184.3
211.8 275.7 273.9
632.4 -151.5 7.5 150.9 -89.9 -65.3
1809.1 7.1 -184.1 89.7 4.7 -210.5
2670 -3.3 -108.5 156.9 88.3 -210.7
220.4 284.5 312.3
647.1 -142.7 8.3 134.7 -106 -81.2
1844.8 2.9 -170.4 60.7 25 -228.3
2715.8 -9.8 -117.5 128.8 103.4 -234.9
217 290.7 327.5
645 -139.9 13.9 141.8 -93.1 -73.1
1871.3 16.2 -168.7 52.9 60.3 -226.7
2755.7 -13.8 -110.7 113.3 142.1 -238
225.4 297.3 340.3
660.2 -123.3 13.9 142.8 -109.3 -67.6
1905.3 28.3 -199.2 44.1 65.3 -176.5
2804.2 -7.3 -144.4 70.5 156.3 -207.7
255.9 315.8 368.1
699.8 -87.9 5 125.7 -110.6 -34.1
1969.4 93 -181.4 64.7 73.7 -123.1
2866.3 25.9 -173.6 58.8 166.3 -157.4
298.5 299.6 407.2
756.3 -94.5 -30.8 177.4 -90.8 -67.1
2040.9 124.1 -146.9 92.5 111.9 -100.4
2946.4 11.3 -190.9 86.8 190.9 -156.7
322.3 296.5 405.7
811.6 -145.4 -108.8 271.1 -81.4 -140
2077.7 78.4 -140.8 116.7 115.2 -109.8
3021.2 -10.4 -199 165.9 218.8 -183.6
winner is: 3
