Regression analysis information for: peruvian_mismatch_interrogative-total-yn_La-maestra-vive-en-Paris
number of formants: 3
number of coefficients: 5
83.8 204.6 139.6
472.8 128.9 -5.5 27.8 -44.1 -3.1
1668.3 -105.6 23.1 -87.2 -34.6 -81.4
2408.6 -64.7 124.6 -29.6 79.1 3.1
82.5 209.9 136.6
471.4 125.5 -5.7 27.2 -46.5 -3.6
1704.5 -128.5 -18.5 -100.1 1.4 -69.2
2436 -71.8 89.6 -42 100.6 -7.6
82.3 218.6 147.3
468.7 123.4 -7 23.2 -48.2 -1.7
1730.1 -149.9 -28.1 -111.6 -5.6 -50.3
2482 -76.6 55.8 -69 108 9.8
83.1 223.6 149.7
464.1 122.8 -5.3 17.7 -49 -0.6
1736.5 -152.9 -29.2 -117.7 -13.6 -44.5
2504.1 -96 81.1 -89.4 105.5 10.7
83.5 222.3 152.9
459.9 126.3 1.1 13 -49.2 2
1747.7 -166.1 -7.9 -122.7 -16.7 -39.3
2516.9 -108.6 112.9 -91.2 101.1 10.2
85.2 217.5 159.7
461 129.5 0.6 13.2 -48.2 -0.7
1757.5 -164.9 -7.5 -120.5 -16.2 -46.9
2546.1 -121.4 127.1 -91.8 100.3 16.8
89 221.6 163.8
463.8 134 6 13.1 -51.4 2.1
1775.2 -174.6 21.3 -138.1 -20.1 -33.2
2578.2 -131.2 152 -122.9 93.7 8.2
97.2 228.8 180.8
467.6 131.9 -1.7 16.1 -57 -3.1
1793.6 -190.7 28.6 -152.5 -25.8 -26.4
2616.6 -157.7 178.6 -153.4 91.2 -4
107.3 231 198.1
477.2 126.7 -9.5 13.1 -68.1 11.4
1813.8 -216.7 24.9 -174 -32.4 -18.1
2644.4 -149 177.7 -199.9 98 -18.1
110.3 236.1 223.8
483 140 -7 17.3 -65.1 12.6
1849.6 -209.8 51.8 -173.4 -33.1 -3.3
2691.5 -157.6 198.4 -230.9 90.3 -16.5
119.6 241.7 260.1
492 151.1 -15 9.7 -79.6 15.6
1874.6 -214 56.6 -185.4 -46 -6.8
2740.9 -142.6 205 -273.9 62.2 -29.7
137 244.7 291.3
504.4 134.2 2.4 -17 -60.2 -9.6
1902 -249.8 78.8 -207.5 -35 -19.8
2803.3 -163.4 249.7 -333.4 44.2 -35.2
159.9 248.2 317.4
516.1 118.5 18.3 -33.1 -44 -28.1
1940.2 -269.4 95.7 -215.1 -30.4 -34.4
2874.3 -212.2 295.8 -371.8 13.2 -8
197.1 271.6 350.8
542.2 102.5 42.8 -49.7 -38.9 -53.1
1999.3 -276.8 107.1 -202.4 -19 -71.5
2931.7 -222.7 326.4 -382 8.5 -31.4
263.7 314.8 410.8
598.7 66.2 72.1 -101.8 -52.5 -57.2
2061.2 -302.7 130.2 -256 -2.1 -99.2
3003.3 -228.9 319.7 -432.9 7.6 -55.6
325.9 350.6 465.2
659.6 67.5 93.1 -209.2 -26.6 -82.1
2131.7 -318.6 133.8 -343.1 23.8 -138.1
3081.1 -233.6 300.3 -525.2 28.2 -72.6
374.9 381.6 494.3
735 12.2 154.4 -326.1 14.1 -146.6
2197.5 -339.1 149.8 -408.7 40.9 -171.8
3154.6 -254.3 297.9 -587.9 45 -95.6
384.1 372.3 499.7
761.5 -9 179.9 -359.7 36.9 -179.1
2228.1 -352.8 144.4 -395.7 33.1 -199.5
3200 -258.8 273.4 -597.2 37.2 -100.4
393.1 368.9 497.6
776.9 -16.4 196.9 -363.7 34.8 -175.9
2270.2 -332.2 142.4 -394.3 20.3 -180.1
3246.6 -242.4 264.9 -592.7 39.8 -90.2
423.4 401.6 511.5
815.9 -12.3 220.6 -384.7 50.9 -200.1
2373.5 -300.3 234.5 -440.1 32.1 -222.5
3324.1 -206 293.3 -607.6 59.6 -85.9
winner is: 1
