Regression analysis information for: peruvian_match_declarative-narrow-focus_Marta-abre-el-regalo
number of formants: 3
number of coefficients: 5
81.2 114.6 102.8
554.1 46 25.5 -79 -64 2.5
1469.5 -161.4 -137.7 80.8 -25.9 -44.8
2404.1 -36.7 23.5 18.4 22.2 -60.1
79.6 113 104.9
549.2 45.8 25.7 -74.8 -63.1 -0.4
1473.7 -155.8 -132.8 88.4 -27.2 -57.2
2409.9 -38.9 33.4 20.3 14.3 -78
79.5 110.8 89.9
545.4 49.7 22.7 -71.3 -65.3 1.6
1484.8 -143.5 -136.1 94.7 -30.9 -55.7
2431.5 -21.3 29.3 -0.3 -1 -83.6
78.7 112.7 83.9
548.7 60.6 27.3 -62.5 -61.7 10
1499.3 -122.3 -126.1 117.7 -14 -34.6
2453.2 7 36.7 -5 -2.8 -74.9
77.3 110.4 82.3
550.8 71 29.3 -54.1 -61.4 19.3
1508.4 -113.7 -135.1 136.5 -8 -32.1
2463.5 20.9 33.2 -19.9 -4.8 -79.3
75.9 111.4 77.9
554.1 79.2 32.1 -46.1 -58.7 29.7
1518.7 -98.1 -131.1 156.3 0.6 -14.5
2473 27.3 26.7 -15.2 -6.3 -77.9
76.9 114.4 75.7
558.3 83.3 34.1 -44.9 -60.2 31.1
1530.4 -88.7 -127.3 168 3.8 -5.7
2488.7 37.3 26.3 -9.4 -17 -83.2
80.9 118.2 75.3
560.3 81.8 32.4 -46.8 -62.6 31.3
1543.3 -86.3 -126.7 179.1 8.7 -0.5
2500.4 36.3 25.2 -6 -17.3 -84.1
83.7 121.6 79
567.8 88.2 40.8 -41.7 -57.1 36.4
1560.7 -83.7 -117.1 193.3 19.4 5.3
2519.2 38.6 37.8 1.5 -9.1 -83.9
89.6 131.4 79.1
574.9 91.5 46.9 -40.5 -54.4 37.6
1578.9 -89.3 -107.8 202.3 32.5 7.2
2535.5 35.6 45.9 4.5 -5.9 -88.4
95 140.3 85.1
579.7 90.4 48.1 -43.5 -56.8 34.2
1597.4 -98.4 -100.8 210.1 42.3 10
2555.8 38.3 56.9 16.5 3.1 -88.8
104.2 148.6 100.1
584.5 75.1 50.6 -58.5 -61.5 25.5
1611.3 -126 -120.3 188.5 22.7 -12.3
2579.8 36.2 76.9 5 6.6 -97.4
119.3 173 133.6
609.1 60.9 58.8 -66.8 -50.9 10.6
1656.5 -148.3 -116.7 182.2 45.3 -45.8
2631.4 19.2 87.6 1.6 39 -143.3
128.7 191.5 140.9
620.5 53.5 62.2 -76.8 -44.4 -3.4
1685.9 -200.5 -82.6 135.1 77.8 -82.2
2652.1 -3.5 95.7 -19.5 51.1 -175.3
136.1 195 170.4
634.7 28.1 77.1 -91.8 -41.3 -12.4
1714.9 -233.8 -85.1 123.7 87.3 -121.5
2685.3 -25.9 82.7 -9.5 57.5 -222.1
140.5 205.7 206.3
643.6 29.3 89 -96 -50.7 -30.2
1752.1 -222 -72.6 143.9 92.9 -170.2
2724.9 -4.9 96.6 18.7 77 -255.7
167.6 234 242.5
678.3 22.5 87.7 -85.8 -24.8 -60.8
1799.3 -222.4 -51.9 150.2 124.6 -176.4
2767.9 -11.3 115.7 27.8 120 -276
169.7 265.4 290.2
701 33.2 78.4 -99 -13.7 -29.6
1863.1 -185.6 -57.3 174.8 182.6 -109.1
2840.4 41.8 81 13.8 205.1 -192.7
201.1 310 360.8
754.2 25.2 77.9 -105.1 -19.9 42.1
1942.9 -219.5 -49.2 149.7 207.4 -83.3
2939 5.3 46.3 -38 239.6 -152.8
223.3 312.8 375.9
778.7 32.5 77.4 -102.1 -18.6 59.6
2070.1 -157.6 -26.4 134.4 177.4 54.9
3081.1 65.5 32.8 -84.3 227.7 -48
winner is: 6
