Regression analysis information for: peruvian_mismatch_declarative-narrow-focus_El-nino-oye-el-rio
number of formants: 3
number of coefficients: 5
58.2 392.9 157.1
405.1 -8.8 -28.4 -47.9 67.5 29.1
1488.2 -115.7 33 337.6 90 165.2
2488.9 49.5 20.2 40.9 -44.8 5.2
59.1 421.3 168.7
408.1 -4.5 -21.9 -52.8 59.6 12.9
1585.2 49.8 102.9 295.7 -15.7 -25.1
2542.8 78.5 64.6 34.4 -56.5 -6.5
58.3 384.5 165.3
411.6 -2.1 -14.6 -54.4 55.4 1.2
1642.6 126.8 136.8 269.5 -83.2 -123.5
2571.3 59.8 48 42.9 -65.6 -66.9
56.4 355.1 172.7
412.5 -2.1 -8.2 -51.9 54.4 -8.2
1710.2 160.7 189.2 272.8 -161.9 -137.6
2606.9 44.1 31.9 55.5 -59 -52
55.3 341.6 184.9
413.5 -1 -7.3 -50.8 53.1 -11.5
1772.2 167.2 172.3 264.1 -213.6 -141.4
2640.6 29.1 5 51.7 -63.5 -37
54.1 333.8 172.9
412.8 3.7 -13.4 -49 49.6 -6.9
1782.2 179.7 159.6 267.4 -240.5 -134.5
2662 51.9 13 63.6 -41.3 -20.2
62.8 335.8 175.1
417.6 -7.6 -22.8 -37.2 41.8 -0.4
1793.2 164.7 157.4 293.2 -243.4 -123.4
2695.1 73.2 20.9 85 -38.9 -8.2
66.2 369.1 187.1
415 -17.3 -27.7 -33.6 49.2 10.7
1773.4 101.9 157.9 355.9 -187.9 -73.5
2723.8 81.3 17.3 79.7 -63.1 -14.5
72.9 379 208.2
419.3 -21.8 -41.2 -41.9 54.5 30.2
1786.2 80.5 152.5 365.4 -170.6 -48.7
2756.2 78.2 3.6 70.7 -91.2 1.9
80.1 368.2 192.5
423.5 -27.8 -45.7 -43.8 53.6 39.6
1766.2 10.7 126 388.5 -108.4 36.2
2749.4 4.6 -2.5 81.6 -52.9 48.5
82.2 371.7 211
422.1 -33.4 -40 -34.2 50.5 31.8
1788.7 34.1 153.7 394.3 -161.5 -41.1
2759.3 22.6 19.1 74 -86.8 3.8
98.8 349 245
436.7 -46.9 -40.5 -25 39.6 20.7
1888.2 81.1 200.1 306.6 -271 -186.6
2826.8 43 49.4 23.6 -120.1 -85.3
107.4 310.1 257.1
444.3 -48.4 -40.8 -31.1 37.5 17
1956.1 131.7 195 213 -358.2 -241.9
2894.1 43 65.4 -15.5 -162.3 -80.3
113.8 313.5 268.9
451.6 -50.7 -41.5 -39.4 36.2 22
1986 103.7 204.9 199.5 -358.2 -240.2
2941.2 3.8 83.5 -11.4 -169.1 -57.5
120.5 278.8 258.1
458 -58.2 -41 -47.6 45.7 24.6
2085 -8.8 282.8 72.1 -296.3 -256.8
3027.5 -63.2 134.9 -93.6 -129.5 -61.4
147.4 265.2 248.2
478.6 -91.6 -36.1 -40.4 46 24.5
2137.2 -37.9 267.8 53.9 -307.3 -236.3
3111.3 -87.7 120.7 -115.6 -148.2 -27.2
207.1 230.3 258.9
525.1 -141.4 -76 32.7 3.4 19.2
2264.4 -35.9 95.5 1.4 -213.7 -119.3
3242.7 -116.8 8.8 -96.9 -138.6 47.6
212.2 191.4 257.9
538.1 -148.5 -99.3 39.1 0.9 23.2
2324.7 -29.1 10.7 -9.9 -161.6 -75
3302.6 -114.5 -21.1 -73.8 -138.3 59.2
221.9 180.9 245.7
550.8 -147.5 -68.8 42.8 17.5 56.5
2347.2 -21.2 21.1 -8.4 -139.8 -51.8
3341.9 -107.8 -8.6 -50.7 -121.7 73.1
250 194.2 257
561.1 -121.7 -47.2 79.3 39.3 70.8
2355.2 -19.8 19.8 -1 -123.9 -29.5
3373.1 -102.4 6 -12.4 -84.2 117.2
winner is: 6
