Regression analysis information for: puertorican_mismatch_interrogative-partial-wh_Cuando-comia-la-fruta
number of formants: 3
number of coefficients: 5
87.2 197.6 169.8
514.2 44.6 -46.1 27.9 83.8 -20.7
1292.7 -110.9 -91.1 12 133.2 -27.8
2097.7 -63.5 -64.5 152.2 -130.6 109.7
88.8 202.8 178.5
514.1 43.3 -48.1 25.1 82.2 -21.4
1302 -123.6 -110.3 21.8 132.4 -26.7
2119.7 -62.6 -67.5 144.1 -129.1 103.1
88.8 210.6 200.8
513.5 43.9 -50.1 23.6 79 -22.5
1308.5 -130.1 -128.3 32.4 131 -24.2
2143.4 -57.3 -71.8 118 -140.2 99.5
89.6 216.8 206.2
513.9 45.3 -52.1 22.7 74.5 -24
1311.7 -128.4 -133.2 28.4 129.8 -16.6
2178 -43.2 -75.6 94.9 -176.8 103.4
90.1 220.1 206.9
513.9 42.6 -50.2 24.6 74.4 -25.6
1316.1 -135.3 -127.7 29.1 130.6 -13.1
2197.9 -67 -81.8 106.4 -187 115.4
89.9 226.6 208.9
518.4 35.3 -46.1 18.8 82.7 -24.4
1339.1 -146.8 -134.6 16.8 130.9 4.7
2230.9 -77.5 -88.5 83.9 -197.6 131.9
89.5 232.5 201.2
523.8 39.5 -48.1 10.3 81.4 -20.1
1349.5 -161.1 -137.3 27.1 113.3 13.6
2251 -72.2 -78 74.8 -225.2 118.2
95.4 236.5 196.8
526.4 38.1 -51.2 14.1 79.2 -18.7
1377.2 -132.3 -93 48.2 65.9 -54.2
2295.7 -61.8 -45.8 74.6 -256.3 56.6
102.4 237.8 193.4
537.2 35.7 -54 24.2 71.5 -29.7
1402.8 -118.8 -83.2 34.5 67.5 -71.9
2342.8 -86.2 -21 67 -229.4 26.5
117 255.7 188.3
548.1 27.6 -63.3 45.5 64.6 -46.1
1429 -123.3 -89.9 53.2 66.9 -78.5
2388.9 -98.9 -9.4 79.9 -195.1 8.8
122.1 271.6 187.2
553.8 28.2 -69.1 50 64.3 -49.9
1454.3 -129.9 -111.3 51.8 66.7 -50.7
2441.3 -98.7 -19.5 93.1 -153.7 23.7
128.3 285.9 181.2
560.4 20.3 -63.5 56.5 57.4 -45.8
1487.3 -139.9 -106.1 59.1 44.7 -33.7
2499.7 -76 -6.8 104.5 -126.4 41.1
151.2 306.7 188.8
582.1 3.4 -65.1 65.7 44.4 -32.1
1526.1 -155.9 -120.3 51.1 24.6 6.9
2547.9 -78.3 11.2 98.6 -111.5 67.4
155.2 313.8 181.3
590 15.8 -67.9 64.6 40.5 -33.1
1549.1 -144.6 -142.1 53.5 21.2 4.7
2595.4 -69.4 -2.8 82.5 -91.6 92.2
166 333.5 188
598.8 1.1 -55.2 60.2 35.4 -11.9
1577.1 -177 -143.2 74.1 -0.4 15
2627.9 -91.1 16.5 74.3 -84.5 102.9
175.9 355.2 210.9
609.6 -8 -46.2 53 23.5 3.7
1609.4 -186.8 -142.1 67.5 -42.7 22
2655.7 -98.7 36.3 73.8 -101.4 113.1
199.8 379.8 242.7
634.2 -45.3 -26.5 48.7 14.1 13.5
1636 -210.1 -130.6 63.7 -69.9 29.6
2703.9 -158.9 86.7 48.1 -93 108.1
203 389.2 256.3
634.1 -49.4 -16.4 48.5 1 18.1
1660.7 -223.7 -122.2 56.9 -112.9 42.8
2729.4 -190.8 112.5 32.4 -101.9 131
198.5 387.5 252.3
637.1 -49.3 -18.5 46.6 -1.1 13.9
1673.5 -220.7 -122.2 73.7 -119.1 47.9
2736.7 -188.2 115.3 34.8 -104.8 127.5
193 371.8 267.4
635.8 -55.3 -22.1 71 -4.4 -4.4
1665.1 -220.6 -136.8 91 -121.5 12.4
2750.6 -216.8 120.8 43.3 -121.5 123.1
winner is: 1
