Regression analysis information for: puertorican_match_declarative-narrow-focus_David-leia-el-libro
number of formants: 3
number of coefficients: 5
67.7 241.7 143.8
450.7 16.8 -7.4 -64.5 5.4 -87.5
1683.2 -79.3 -488 -100.5 -120.5 -69
2212.5 3.9 -83.5 76.8 20.8 60.8
68.5 259.4 156.1
448.2 15.7 -4 -59.1 5 -90.1
1713.2 -115.3 -481.9 -24 -166.6 -97.3
2276.8 -19.5 -114.4 132.9 -3.1 73.6
67.2 279.1 148.3
447.7 17.2 -4.7 -62.2 6.1 -86.6
1717.9 -128.5 -464.3 -10.4 -176.7 -113
2323.3 -32.1 -132.7 156.2 -8.8 86.2
66.3 289.2 146.5
446.9 17.4 -2 -59.6 7.6 -84.4
1711.8 -117.1 -459.4 -5.3 -159.8 -135.5
2349.8 -28.5 -139.1 165 5.1 93.7
64.8 288.6 168.7
446.9 18.3 1.1 -58 10.3 -81.5
1698.5 -114.6 -458.3 -20.2 -132.1 -117.7
2348.4 -12.4 -121.5 154.5 19.9 128.5
65.6 283.5 195.1
444.5 14.1 0.1 -60.5 8.9 -82.3
1691.7 -79.1 -420.8 -24.8 -79.4 -55.7
2338 8.8 -76.7 135.3 54.2 171
63.4 297 199.9
446.2 16.5 5.8 -55.5 15.9 -77.9
1718.9 -58.8 -329.2 63.2 -60.3 42.4
2339.4 13.2 -13.2 156.6 64.5 230.4
62.9 278.3 189.3
448.6 18.7 7.1 -56.9 16.5 -76.7
1750.7 -47.3 -323.1 57.2 -64.9 53
2350.3 5.5 -7.9 163.3 61.4 235.4
63 271.2 174.1
450 19.3 9 -57.2 16.9 -77.9
1801.5 -38.4 -307.8 74.9 -86.1 64.8
2380.6 -5.5 -15 177.9 46 221.2
63.6 249.9 176.7
451.6 19.3 11.2 -58.1 17.5 -80
1863.4 41.8 -257.6 120.5 -27.4 111.9
2427.9 21.9 -11.7 206.5 68 227.6
63.5 222.3 182.3
453.7 20.6 14.5 -57.8 19.2 -80.7
1920.1 112.3 -211.9 154.1 20.6 151.3
2463.6 52.2 -22.2 216.3 78.3 235.9
63.4 193.9 166.7
457.1 24.5 19.7 -55.8 21.6 -81
1968.4 172.4 -163 202 69.2 183.6
2503.3 91.6 -11.3 230.7 109 241.4
64.1 196 128.4
457.8 24.3 20.5 -56.7 21.2 -82.4
1976.1 179.8 -148.2 205.3 60.1 170.9
2544.2 141.7 -1.7 225.5 97.4 202.2
65 191.8 103.9
459.3 27.1 22.5 -55.6 21.2 -82.9
1988.1 190.3 -150.1 205.8 56.3 162.6
2568.9 170.8 2.9 221.2 83.1 178.1
65.5 187.4 97.8
459.6 27.8 22.7 -55.6 20.5 -83.6
1998.8 189 -139.7 207.6 47.9 164.7
2578.1 175.8 9.5 218.6 73.7 169.7
65.9 187.4 87.7
459 26.9 21.6 -56.3 19.8 -84
2003.3 191.6 -131.9 212 47.1 168.8
2589.8 192.8 19.7 216.8 60.3 152.7
66.4 182 90.1
459.8 27.8 23.1 -55.5 20 -83.8
2017.2 187.4 -116.7 224.2 44.5 184.9
2597.6 196.6 32.1 222.3 62.5 158.7
66.5 181.9 94.2
459.6 27.1 22.8 -55.6 20 -83.5
2026.4 187.6 -109.9 236.4 43.5 193.4
2605.2 198.5 40.3 229.2 61.8 161.9
66.4 174.8 101.8
459.3 25.9 22.6 -55.9 20.4 -83.4
2043.5 186.2 -89.7 249.3 46.3 216.9
2622.9 204.4 63.4 248 67 183
67.8 174.5 109.6
461.5 19.8 26.1 -59.3 22.2 -83.2
2051.1 175.6 -87.2 251.9 42.4 228.9
2630 195.7 70.7 250.9 70.5 194.3
winner is: 17
