Regression analysis information for: puertorican_mismatch_interrogative-total-yn_El-bebe-comia-muy-bien
number of formants: 3
number of coefficients: 5
83.3 240.3 112.5
535 11.1 -23.3 -3.3 -48.3 59.3
1548.3 12 171.8 77.2 -149.9 -39
2145.1 -89.7 62.1 -31.5 5.1 -71.1
84.6 261 121.5
533.5 14.2 -25.4 -3 -49.3 61
1577.1 13.7 190 98.7 -138.1 -24.5
2171.4 -94.2 67.8 -19.1 0.4 -94.8
83.6 279 141.8
534.7 15.8 -28.2 -8.4 -46.2 64.2
1604.4 -15.6 223.9 86.7 -110.7 -42.3
2197.7 -97.2 98.3 -25 7.1 -98.4
83.8 289.1 166
533.9 18.6 -28.9 -15.2 -44.4 68.6
1599.8 -3.1 219.8 80.1 -118 -23.2
2219.3 -80.7 103.7 -16.1 8.6 -63.7
82.7 295.9 186.6
535.4 21 -34.3 -20.2 -42.2 73.1
1588 6.5 217.9 42.4 -86.1 -50
2219.1 -63.8 96.2 -36.5 30.8 -46.1
82.8 273.8 182.6
536 21.9 -37 -23.5 -39.9 73.3
1552.9 10.6 234.5 -57.7 -19.9 -92.8
2198 -78.4 87 -100.1 83.7 -35.9
82.1 252.7 179.5
540.4 22.3 -44.7 -26.8 -35.7 77.4
1573.5 12.9 192.1 -104.7 3 -82.4
2209.2 -115 59.9 -136.5 87.5 -50
83.4 232 167.5
546.3 22.1 -51.9 -29.4 -35.8 81.7
1598.9 -16.3 206 -112.7 -23.2 -78
2231.1 -134.4 41.4 -144.4 87.2 -50.8
83.2 230.2 169.2
550.1 21.7 -56.9 -29.4 -33.6 81.9
1637.7 -32 206.3 -115.7 -12.4 -87.9
2256.3 -131.7 26.5 -140.1 79.7 -71
84.3 231.8 166
551.2 21.9 -57.6 -29.9 -33.6 81.4
1680.4 -51.2 196.1 -117.5 -8.6 -73
2285.5 -133.5 9.2 -126 67.4 -87.9
85.2 246.2 169.4
552.7 20.7 -59.2 -28.8 -35.5 80
1727.3 -62 198.2 -113.7 -7.9 -48.4
2329.4 -132.8 9.1 -89.7 51.4 -81.8
86.7 233.3 152.1
553.8 21.8 -59.4 -26.7 -35.4 78.6
1783.5 -116.4 206.6 -69.1 -49.9 -1.6
2394.4 -150.8 16.5 -44.8 32.7 -76.6
88.2 225.6 132.5
555.3 21 -59.7 -24.7 -36.4 77.4
1821 -127.6 187.5 -50.3 -17.7 17.8
2461.7 -123.8 40.1 -7 62 -58.6
90.1 232.1 118.6
555.8 21.4 -60.4 -22.5 -37.2 75.6
1831 -129.1 172.9 -32.9 3.8 31.9
2511.1 -121 60.7 12.9 82.2 -44.9
92.8 229.8 109.5
554.8 22 -59 -21.3 -37 72.1
1844 -130.2 184.7 -40.8 -7.4 14.6
2540.7 -124.6 51.4 20.6 89.5 -52.4
97.4 224.2 115.4
556.4 23.8 -58 -25.8 -42.3 73
1848.5 -142.4 195.2 -30.6 -23 14.2
2552.1 -125.7 43.2 18.1 88.7 -50.5
98.8 227.5 117.8
553.7 24.4 -54.4 -26 -43.3 72.8
1841.8 -149 219.1 -31.9 -27.2 -1.3
2553.3 -121.9 44.4 14.4 88.9 -49.8
102.1 227.7 123.9
555.7 27.8 -56.3 -32 -47.8 75
1840.6 -153 228.7 -33.5 -29.9 -11.5
2557.1 -119.4 43 5 86.9 -49.2
105 227.7 128.1
557.5 30.9 -58.2 -37.5 -51.8 76.7
1837.4 -152.3 237.8 -40.4 -32.5 -14.6
2562.7 -118.5 41.9 -4 86 -50.4
108.3 227.8 129.4
559.5 34.6 -59.7 -44.1 -56.3 79.6
1842.1 -152.5 238.1 -51 -31.3 -15.8
2571.6 -122.4 44.8 -18 87.7 -54.3
winner is: 15
