Regression analysis information for: puertorican_match_declarative-narrow-focus_Manuela-vende-el-carro
number of formants: 3
number of coefficients: 5
116.3 162.8 182.8
498.3 -18.3 13.8 -24.3 -79.8 91.3
1484 -23.1 -270.2 72.7 11.6 45.9
2000.3 -54.9 -85.6 77.9 134.3 -36
114.4 164.5 189.6
495.1 -10.7 11.8 -21.9 -78.2 88.7
1491.8 -23.1 -263.6 93.3 7 38.9
2035.6 -51.2 -108.5 88.1 137.1 -52.6
113.8 179.1 212.1
494 -12 13.1 -20.1 -80.4 88.8
1489.8 -0.1 -252.2 112.8 26.6 24.3
2065.7 -49.4 -112.7 121.5 144.3 -71.5
113.5 190.2 231.9
491.4 -12.4 14.2 -21.5 -78.3 85.3
1484.6 12.7 -241.3 116.9 34 16.3
2078.7 -64.2 -98.5 148.4 140.6 -94.1
103.9 191 251.4
495.7 -30.9 20.1 -22.6 -91.7 99.7
1496.1 -1.7 -223.5 126.8 26.6 30.5
2097.5 -100.3 -78.5 160.5 127 -91.9
100.6 183.4 254.2
492.5 -33.4 17.8 -22.4 -94.2 98.3
1505 -3.3 -206.9 148.1 39.9 41.5
2101.2 -121.5 -55.7 184.8 134.3 -120.6
101.7 179.4 259
496.2 -41.8 11 -13.6 -102.3 93.7
1517 -8.1 -200.5 155 30.4 38.6
2110 -136.1 -54 171.9 135.6 -134.7
104.3 184.5 269.6
500.9 -50 10.2 -9.9 -107.5 93.4
1520.8 -16.3 -191.9 141.2 17.8 44.3
2122.6 -151.5 -57.2 151.6 135.1 -133.6
114 177.1 279.3
517 -71.8 17.7 -5 -117.1 98.3
1561 -29.3 -190 152.5 12.2 55.3
2168.5 -164.7 -59.6 152.1 114.6 -117.8
123.2 158.5 278.9
527 -79.9 18.6 2.6 -124.4 99.3
1602.5 -45.7 -194.2 173.7 -8.2 92
2228.6 -186.8 -63 154.8 93.5 -89.4
131.1 164.7 271.7
540.2 -90.8 20.7 13 -135.8 105.2
1613.5 -39.9 -192.8 175 -9.1 101.3
2292.1 -167.5 -90.7 145.4 80.9 -83
139.2 163 245.1
546.4 -93.1 21.3 19.2 -140.1 101.8
1630 -34.4 -168.5 191.2 -4.9 113.3
2382.7 -108.2 -89.7 119.4 65.9 -29.3
164.8 174.2 181.9
566.2 -104.5 2.5 54.3 -159 86.2
1651.7 -46.1 -164.8 216 -1.6 106
2475.6 -57.6 -101.3 97.9 48.7 8.6
179.7 170.4 156
586.2 -118.2 17 60.9 -167.3 87.5
1677.9 -53.4 -165.3 205.6 -21.3 99.9
2540.2 -39 -94.2 87.3 23.4 0.9
186.4 175.3 143
589.7 -113.3 22.5 60 -162.4 81.7
1683.3 -59.2 -172.8 213.1 -31.7 89.1
2563.4 -30.1 -72.1 84.7 9.7 -17
187.2 169.5 132
593.9 -122.3 38.4 44.9 -152.6 79.2
1693.7 -83.1 -137.9 174.4 -2.7 80.8
2582.3 -51.1 -29.7 45.3 31.6 -34.4
188.8 166 153.2
592.5 -124.1 40.2 42.4 -149.6 74.7
1696.7 -82.3 -129.2 171.4 5.8 83.5
2601.7 -61.8 -29.7 64.9 14.1 -47
190.7 174.9 154.6
595.3 -141.8 54.8 23.9 -138.3 72.7
1704.3 -85 -120.8 174.4 15.8 83.3
2607.4 -63.5 -18.1 47.7 21.4 -62.7
197.9 188.9 172.2
604.3 -163.8 58 26.2 -141.4 69.3
1716.9 -91.8 -110.7 184 22.1 88.7
2620.3 -84.5 -16.7 47.5 15.4 -77.7
196.1 196.8 186
602.5 -169.9 59.3 19.3 -135.9 65.5
1725.2 -98.5 -106.9 187.9 31.4 84.1
2630 -108.7 -19.5 54.3 20.1 -85.3
winner is: 1
