Regression analysis information for: puertorican_mismatch_interrogative-total-yn_Mi-tia-odia-la-lluvia
number of formants: 3
number of coefficients: 5
95.4 264.6 192.5
543.7 39.2 -136.9 -65.8 54.4 17
1344 12.6 20.1 -140.6 29.5 -269
2117.9 226.5 181.1 34.6 -193.6 -110.1
92.9 274.2 200.2
543.5 40.9 -142.1 -68.9 61.3 18.1
1358.7 7.8 14.2 -138.1 41.6 -250.8
2159.7 203.7 174.1 44.9 -205 -97.2
94.9 303.5 208.9
540.9 37 -141.1 -69.8 57.2 19.2
1367.5 -63.7 3.3 -101.3 5.1 -186.1
2202.2 169 153 67.8 -233.5 -75.9
92.3 328.8 214.1
541.2 34.3 -143.1 -66.9 55.3 21.4
1395 -98.4 4.6 -35.3 -11.8 -127
2246.8 154.8 137.7 91.5 -246 -30.3
88.7 319.9 197.7
542.3 33.5 -146.2 -66.2 57 24.9
1416.3 -112.4 2.8 23.9 11.2 -80.3
2263.5 146.2 150.8 107.2 -257.5 0.2
89.6 322.2 184.6
540.3 34.1 -143.1 -63.8 55.1 24.3
1419.1 -121.6 6.7 54 44.4 -57.8
2274.7 144.7 155.5 103.4 -251.9 26
85.4 321.8 193.2
542.1 31.4 -150.6 -64.4 56.7 26.5
1439.3 -139.4 2.1 73.3 53.9 -33
2317.9 141.1 127.4 56 -228.5 79.5
87.7 332.2 214.9
540 29.9 -148.7 -59.4 59.2 31
1492.7 -72.8 47.4 85.2 10.4 -77.4
2383 164.2 57.8 26.7 -192.8 118.1
84.6 308.8 204.4
543.4 33.1 -151.8 -61.4 58 27.9
1597.9 44.3 75.6 52.4 -71.8 -200.8
2480.3 157.5 -23.4 -20 -109.8 132.6
86.9 297.3 188.7
547.7 24.8 -148.5 -73 62.6 16
1648.2 100.7 114.1 5.3 -107.1 -273.5
2544.5 139.9 -42.6 -54.3 -52.9 110.9
89.8 270 173.1
550.9 23 -142.9 -76 68 13.2
1718.3 185 167.9 29.8 -132.5 -305.4
2584.4 132.2 -47.5 -27.9 -51.3 78.8
96.7 234.2 156.4
559.8 30.2 -131.7 -74.8 72.7 4
1764.1 251.6 226.9 72.4 -96.6 -301.9
2623 127.3 -63.7 -8.3 -26.2 36.5
99.4 229.7 149.8
563.6 15.4 -121.8 -89 84.3 -5.2
1769.1 255.9 231.4 53 -101.2 -318.9
2643.4 120.4 -57.7 -33.5 -23.4 1.7
107.1 222.5 135.7
570.1 26.3 -113.9 -84.5 83.8 -12
1787.1 277.4 247 56 -105.2 -327
2671.7 142 -53.7 -41.2 -27 -8.9
110.1 219.1 142.5
573.9 16.3 -104.5 -94.4 93.1 -20.8
1796.1 286.2 260.5 57.6 -102 -332.7
2691.6 144.8 -34.6 -65.1 -18.1 -29.1
109.4 222.8 144.5
570.7 19.4 -108.5 -91.2 89 -15.6
1799.4 291.5 260.6 60.3 -109.9 -333.6
2696 146.7 -33 -68.9 -20.1 -31.6
109.8 220.6 145
569.5 17.4 -108.5 -92.3 88.9 -14.5
1809 303 269.3 68.7 -113.9 -334.7
2701 150.5 -36.9 -65.7 -28.4 -31.2
110 229 150
568.5 15.7 -109 -93.2 88.4 -13.5
1810.1 298.2 267 71.8 -114.3 -327.4
2704.7 144 -38.6 -65.5 -28.2 -26.9
112.9 237.9 159.5
570.1 17.9 -106.4 -92.7 87.1 -15
1810.7 287.2 263.8 80 -113.6 -312.4
2713.1 134.3 -36.3 -63.9 -29 -24.8
113.8 237.1 173.8
571.5 10.7 -103.6 -98.1 90 -18.1
1816.3 266.1 262.1 93.9 -117.7 -295.2
2724.6 111.6 -28.6 -65.1 -23.5 -22.7
winner is: 14
