Regression analysis information for: puertorican_mismatch_declarative-narrow-focus_El-hombre-mira-la-luna
number of formants: 3
number of coefficients: 5
66.9 230 217.3
505.7 42.6 -72.3 45.6 46 -31.4
1269 243.1 -40.6 5.9 305.4 19.7
2100.5 29.2 125.6 -62.4 -47.6 192.8
66 238.2 226.2
503.6 41.7 -75 46.7 44.6 -31.9
1275.1 245.5 -47.7 0.5 311.6 30.8
2135.9 50 137.8 -48.8 -31.7 214.3
65.5 250.9 234.7
500.3 40.3 -77.1 47.2 43.4 -33.6
1281.8 239 -58.5 -2.8 299.5 38.7
2176.9 56.9 141.1 -27.5 -19.4 236.9
64.8 235.5 237.1
497.3 39.3 -78.9 46.4 40.9 -33.2
1305.2 247.9 -93.6 -27.9 304.4 83.6
2210.1 49.5 126 -31.8 -16.5 274.2
60.2 259.3 222.5
501.3 43.2 -78.3 52.9 42.2 -30
1337.2 225.5 -108.8 -26.1 252.6 58
2238.6 -18.1 107.7 2.6 -84.1 273.9
61.2 265.6 218.2
498.2 42.1 -79.1 46.9 39.7 -30.6
1351.7 208.1 -95.5 -29.2 216.1 24
2246.4 -55.6 121.2 21 -132.7 247.5
60.3 245.8 209.8
500.3 42 -81 48.1 38.4 -34.3
1380.2 225 -113 -25.4 229.6 17.8
2269.2 -71 92.2 51.6 -145.9 203.5
57.4 222.1 181.5
504.2 46.2 -79.6 50.3 39.5 -37.1
1426.8 238 -150.4 -1.6 228.7 -28.3
2333.6 -74.6 40.2 104.1 -162.4 123.5
58.6 210.9 160.4
505.2 46.5 -78.6 49.6 38.2 -37.7
1457.2 266 -134.5 12.8 255.6 -13
2377.4 -59.6 39.4 129.6 -135.9 106.2
58.5 206 140.1
507 46.5 -78.7 49.1 38.8 -39.9
1472.3 266.4 -138.9 13.2 263.5 -25
2434.9 -44.4 6.2 145.1 -106.2 61
58.7 195 134.4
508.1 46.6 -77.6 47.8 39.4 -40.5
1496 281.3 -149.2 -9.7 282.8 -5.8
2462.1 -30.5 8.3 134.1 -100.8 56.3
59.3 197.5 128.6
508.4 45.8 -76.5 46 39.5 -41.3
1498.3 289.1 -153.4 -20.7 285 -12.1
2479.2 -25.9 11 124.1 -99.6 59
59.3 198.7 128.2
509.4 45 -73.2 44.9 40 -40.8
1507.3 301.7 -139.9 -20.9 290.8 -14.1
2489.8 -33.7 20.5 119.5 -93.9 62.5
60 209.7 133.3
510.5 43 -70 43 40.1 -40.5
1520.6 282 -120.1 -37.5 297 -10.6
2507.1 -54.8 37.1 101.8 -85.9 57.5
60.5 214 136.6
511.8 40.3 -66.9 41.8 38.8 -39.4
1525.5 282.7 -115 -46.4 295.1 -16.6
2512.3 -68.2 43.7 99.5 -82.7 62
61.5 229.2 139.1
512.5 39.2 -66.2 42.6 35.6 -36
1527.5 284.6 -107.8 -53.3 290.5 -29.5
2518.3 -84.3 49.9 95.9 -79.7 69.7
62.9 241.7 147.7
515 34.1 -61.2 38.7 37.1 -37.6
1540.4 256.4 -81.3 -77.7 309.4 -39.2
2535 -113.1 75.2 76.7 -71.9 63.9
65.4 266.9 171
515.1 34.6 -60.7 37.8 37.3 -39
1579.4 195.4 -49.1 -73.4 266.7 14.9
2558.2 -153.2 98.9 75.9 -90.5 90.7
64.9 282 197.9
516.7 32.9 -60.2 38.7 34.2 -36.8
1647 86.1 4.5 -62.2 197.6 109.5
2589.6 -203.4 127 75.9 -117.7 124.3
66.2 297.8 219
518.7 30.5 -57.5 36.2 35 -37.8
1696.3 13 45.2 -66.7 155.1 174.2
2615.2 -244.5 155.1 67.9 -132.5 144.7
winner is: 12
