Regression analysis information for: puertorican_mismatch_interrogative-total-yn_Mi-madre-come-la-fruta
number of formants: 3
number of coefficients: 5
85.2 245.1 229
586.1 19.2 -18.3 -15.9 -25.3 -100.3
1383.7 161.4 38.3 -45.2 -2.9 -48.3
2049.6 61.4 8.5 107.8 -13.2 73.3
86.8 247.1 229.2
591.9 10.4 -12.2 -16.6 -23.6 -99.8
1407.3 160.8 71.9 -37.4 19 -51
2080.4 54.6 20 125.3 -6.8 63
83.8 251 213.3
585.8 17.6 -21.6 -12.3 -26 -101.9
1417.8 158.3 72.5 -44 17.5 -52.6
2120.8 30.6 7.4 136.2 -24.3 82.4
84.5 252.2 182.4
588.1 15.6 -24 -15.3 -27 -95.3
1440.6 121.7 53.3 -34.4 -16.5 -46.4
2158.2 -16.1 17 156 -69.4 143
88.9 259.6 176
592.3 1.5 -23.4 -15 -30.4 -95.7
1444.3 86.6 23.9 -37.3 -37.5 -40.3
2185.2 -45.3 18.3 153 -108.9 191.2
88.1 256.4 177.7
595.2 3.6 -25.7 -11.4 -30.2 -91.5
1458.8 84.9 24.6 -31.5 -25.7 -34.8
2211 -56.7 4.1 155.5 -120.7 198.7
88.3 254.1 183
597.5 4.9 -33.8 -8.5 -27.8 -91
1468.5 74.2 2.6 -39.2 -14 -37.8
2235 -66.8 -24 149.8 -111.6 192
95.9 251.3 180.6
608.8 5.4 -49.4 -9.8 -26.8 -84.4
1469.5 74.6 -31.1 -47.9 -5.5 -46.5
2263 -55 -67.1 147.4 -103.3 187.3
99.6 253.8 183.8
612.4 16.3 -64.6 -11.5 -28.1 -78.5
1471.5 69.4 -34.9 -50.1 -5.6 -50.3
2299.6 -50.8 -80.7 140.5 -96.2 166.6
105.9 262.7 197.2
616.5 15.1 -64.3 -17.7 -28.3 -75.8
1484.3 82.3 -17 -40.5 8.7 -40.1
2332.1 -39.8 -69 127.7 -106.6 148.2
116 269.5 216.3
613.8 24.7 -60.7 -30 -31.8 -58.6
1512.3 142.2 31.9 14.5 52.2 -2.7
2368.2 -10.9 -43.4 132.2 -114 142.9
118.9 265 233.1
617.2 26.3 -60.9 -28.3 -33.3 -59.7
1554.1 140.9 96.1 32.4 86.6 39.5
2419.5 -21 -2.6 123.3 -107.2 129.5
126.5 259.5 240.7
624.8 22.6 -58.7 -28.9 -35.4 -60.4
1580.7 138.5 127.5 48 97.5 59.1
2470.8 -9.3 29.9 116.6 -127.1 108.4
139.1 269.2 244.5
636.8 11 -57.2 -25.3 -40.7 -60.7
1596.6 126.2 132.1 59.3 95.6 58.7
2515 18.5 56.3 109.1 -148.2 93.2
149.9 276.3 246.6
651.8 0.7 -62.1 -13.8 -51.5 -68.1
1623.7 115.7 137.2 85.2 85 44.9
2557.9 31.3 74.8 113.9 -176.3 73.6
155.7 277.7 251.3
654.9 3.4 -66.5 -6.3 -61.4 -68.9
1627 112.6 136.4 92 75.6 46.4
2579.1 41.2 74.4 115.1 -196.5 73.5
163.3 289.4 257.6
663.4 -0.7 -67.1 -11.5 -61.9 -70
1639 97.1 134.6 100.5 67.5 43.6
2606.6 30.9 87.9 107.6 -204.7 77.3
176.1 309.9 274.4
674.7 -14.5 -67.8 -2.5 -73.6 -65.7
1663.9 71.8 127.8 116.8 50.8 53.4
2645.1 -3.2 87.6 91.4 -207.6 101.5
182.1 322.4 288.3
681.1 -30.5 -65.2 10.1 -78.5 -73.3
1680.4 58.7 115.8 131.6 47.7 49.8
2670 -33.9 98.4 82.1 -209.3 114.2
187.8 334.4 302.4
683.2 -31.9 -68.3 7.5 -78.5 -69.8
1702.6 35.7 119.8 138 39.7 56.2
2711 -85.5 128 39 -184.6 114.1
winner is: 4
