Regression analysis information for: puertorican_mismatch_interrogative-total-yn_El-nino-oye-el-rio
number of formants: 3
number of coefficients: 5
71.9 251.2 183.7
551.1 57.9 -67.8 -22.7 53.5 39
1481.3 -115.5 -25.7 103.5 -139.5 107.5
2282.4 55.3 -77.4 41.3 -114.4 50.5
72.9 244.3 178.9
551 60.4 -66 -23.5 54.7 39.2
1533 -77.3 16.7 102.8 -148.9 108.2
2337.1 26 -66.8 29.7 -90.8 36.6
73.7 228.9 169.1
552 52.8 -60.2 -32.3 61.3 34.4
1583.3 -43.7 77.7 101.5 -153.8 85.5
2383.8 19.6 -46.7 18.6 -68.5 9.6
71.6 240.5 184.2
552 56 -59 -35.9 60.7 32.8
1607.8 12.7 90.3 111.8 -188.9 90.1
2392.5 57.1 -49.2 28.7 -77.7 9.4
65.5 248.4 167.6
554.7 63 -57.6 -42 56.1 30.6
1628.3 43.7 92.3 60.9 -211 54.6
2417.4 47.1 -16.1 -10.5 -79.1 -17.8
63.8 257.9 181
554 62.2 -56.6 -45.9 56.5 29.9
1615.9 48 72.8 3 -209.5 10.2
2395.2 66.9 32.5 -68.5 -115.4 -47.9
58.1 251.1 192.4
555.7 65.9 -58.1 -53.5 50.9 31.6
1602.8 48.7 65.6 -40.8 -215.2 33
2384.9 87 62.7 -84.8 -99.7 -58.3
60.7 254 204.9
552.4 61.3 -58.8 -50.6 55 32
1559.1 -18.1 52.4 -31.1 -187.5 49.6
2367.2 94.1 80 -105.5 -68.1 -36.6
56.7 246.6 197.9
555.8 65.9 -59.5 -52.5 52.5 31.5
1578.9 -19 68.4 -20.6 -184.2 49
2404.7 83.8 66.7 -90.1 -51.6 -37.8
57.6 256.4 195.7
555.1 65.6 -59.9 -50.7 52.8 31.8
1621.3 -40.1 77.1 15.3 -191.5 55.9
2460.7 52.6 44.4 -66.9 -55.1 -30.2
56.3 261.3 185.7
556.6 67 -61.6 -47.7 53.3 31.4
1674.9 -33.8 79.3 15.3 -201.1 85.9
2510.7 40.2 21.7 -51.8 -57.9 -15.7
55.2 255.5 178.4
558 69.8 -63.1 -47 53.5 30.9
1733.4 -2.2 107 21.7 -236.1 78.1
2554.3 30.9 14.8 -24.5 -93.2 -12
55.6 225.5 168.3
559 70 -64.3 -44.8 52.7 30.7
1803.8 69.5 140.2 42.8 -282.5 24.2
2592.5 40.9 -0.6 7.2 -109.9 -28.7
58.5 223.2 167.4
557 67.4 -66 -41.7 56.5 34.8
1855.7 107.7 149.2 77 -304.1 -38.6
2616.9 50.3 -12.3 29.4 -110.2 -43.1
59.8 200.7 142.4
561.3 64.6 -66 -35.4 49.4 36
1902.6 157.4 167.1 89.6 -321.7 -47.2
2655.5 86.6 1.1 65.1 -98.5 -41.2
61.6 197.1 130.9
559.7 62.3 -66.2 -32.7 52.3 36
1915.5 168.3 170.7 85.4 -335.1 -54.6
2668.6 101.5 11.7 72 -93.1 -41.3
68.8 200.2 128
562.9 51.4 -65.5 -21.9 44.2 44.4
1920.7 165.2 188.3 114.9 -320.8 -47.6
2678.5 103.3 21.6 79.7 -81.4 -30.3
70.8 215.9 133
559.7 49.8 -64.8 -21.8 48.7 44.4
1910.1 148.9 195 138.4 -287.1 -34.9
2681.4 101.7 21 77.6 -72.8 -21.5
71.6 230.1 143.5
557.6 46.9 -64.3 -20.5 51.4 45.4
1899.8 135.5 198.8 146.1 -270 -33.5
2678.4 79.1 23.2 62.6 -60.7 -26.5
71.8 235.7 149.6
556.2 44.1 -64.7 -19.7 53.1 46.7
1897.1 126.9 196.6 144.7 -263.3 -30.6
2677 62.7 24 49.2 -51.4 -29
winner is: 16
