Regression analysis information for: puertorican_mismatch_interrogative-partial-wh_Por-que-desayuna-muy-bien
number of formants: 3
number of coefficients: 5
76.3 251.4 153.3
493.5 66.3 -51.6 -26.9 -3.4 -20.8
1576.1 -269.9 52.1 -168 16.2 0.8
2178.3 -143.3 74.8 -80.9 91.7 50.8
71.7 252.8 168.8
496.2 70.9 -54.3 -35.1 -11.3 -20.2
1590.8 -242.7 41.8 -213.4 0 -7.7
2201.2 -132.1 56.9 -108.3 94.3 56.3
72.5 262.9 184.6
493.1 71.5 -53 -34 -12.8 -23.5
1609.8 -249 36 -190.8 -25.6 -15.9
2221.1 -134.9 49.1 -99.6 92.9 51.1
70 260.3 196.7
493.6 74.7 -55.9 -37.1 -16.1 -21.8
1632.5 -256 34.7 -201.7 -41.7 -2.8
2245.9 -130.4 51.1 -118.2 101.4 54
69.1 257.7 197.6
491.1 76.8 -54.9 -35.3 -17.6 -23.7
1651.3 -274.6 54 -191.2 -43.7 -3.5
2264.3 -141.8 71 -113.8 110.5 58.1
66.9 246.1 195.5
491.4 83.1 -59 -42.1 -19.8 -16.3
1667.8 -260.4 41.3 -196.5 -54.1 19
2283.5 -145.1 72.4 -119.4 91.1 89
67 246 214.3
494 85 -59.2 -36.2 -19.2 -20.5
1676.8 -245.5 15.3 -168.8 -53.3 -15.1
2308.5 -139 73.9 -83.3 86.2 70.2
70 238.8 224.4
498.3 91.4 -57.8 -34.8 -18.3 -19.5
1703.8 -238 -7.3 -164.8 -30.1 -13.3
2336.7 -128.7 71.2 -57.9 96.4 66.4
69.6 232.3 231.7
497.4 88.6 -63.3 -37.6 -19.9 -19
1717.7 -246.7 3.6 -177 -25.7 -26.3
2350 -131.4 68.1 -43.5 99.2 55.5
71.9 224.8 231.8
499 90.1 -64.5 -37 -20.6 -19.8
1757.1 -255 -16.9 -183.7 -15.8 -12.8
2384.7 -138.2 21.4 -34.3 119.2 56.8
74.1 218 226.7
499.9 90.1 -66.4 -37.3 -21 -19.9
1783.9 -250.2 -21.8 -203.6 -20.7 -13.4
2421.5 -137.2 0.9 -30.7 116.4 40.2
81.4 201.8 216.5
506 99.7 -61.1 -33.6 -20.9 -23.1
1822.1 -239.7 -14.3 -213.7 -39.7 -37.7
2475.2 -127.4 -0.7 -33.8 99.3 20.1
81.5 193.3 206.9
504.2 97 -63.1 -35.4 -23.8 -25.3
1839.6 -222.2 -0.1 -216.4 -52.2 -62.3
2509.8 -86.9 3.1 -47.3 79.2 3.2
80.9 174.6 204.3
503.3 93.3 -69 -37.1 -24.4 -26.2
1864.9 -200.2 -2.7 -214.3 -45.2 -58
2542.3 -56.9 -2.6 -58.9 81.3 1
82.5 167.3 202.3
503.8 93.1 -70.2 -36.3 -24.5 -28.6
1881.5 -186.9 8.8 -201.8 -37.3 -62.8
2575.6 -22.1 11.4 -49.9 91.2 -14.9
89.9 172.2 211.3
514.2 111.3 -56.3 -24.6 -20 -34
1884.5 -168.8 -1.5 -179.3 -51.5 -57.7
2591.7 -8.2 17.2 -20.9 106.9 -39.5
91.8 171.3 215.4
517.7 116.3 -53.1 -19.9 -16.9 -35.3
1893.7 -163.5 9.9 -168 -47 -56.4
2602.4 0.5 24.3 -10.3 115.5 -49
93.9 167.2 216
522.4 123.7 -48.4 -14.7 -13.8 -36.6
1904 -173 26.6 -166.9 -37.6 -63
2619.1 3.3 26.1 -1.1 128.9 -69.1
94 168.1 213
522.7 123 -49.5 -14 -12.3 -35.4
1908.4 -181 28.6 -166.4 -41.7 -62.3
2623.5 3.3 22.9 -2.6 128.7 -73.6
93.6 166.7 217
523.7 124.2 -49.4 -14 -11.6 -33.7
1913.9 -182.5 32.3 -162.8 -43.5 -56.6
2629.7 6.6 31.1 3.9 134.9 -74.1
winner is: 15
