Regression analysis information for: puertorican_match_declarative-broad-focus_Mariano-habla-del-tiempo
number of formants: 3
number of coefficients: 5
92.4 165.8 142.7
518.6 153 -27.2 -78.5 -28.7 8.6
1519.1 213.4 -214.9 240.8 -109.3 -84.2
2116.8 -183.5 158.2 11.4 -20.7 -101.6
92.6 164.4 145.3
517.1 151.7 -26.5 -77.8 -29.8 8.9
1534.9 205.9 -212.2 248.9 -120.7 -82.1
2136.4 -189.6 169.5 5.3 -8.2 -112
92.1 172.5 152.3
514.4 149.1 -25.3 -76.9 -29.2 8.2
1557 181.6 -202.2 252.4 -133.8 -76.1
2157.9 -213.6 198.5 1.1 -7.9 -120.2
90.8 179 163.9
511.6 145.7 -23.4 -76.7 -27.1 7.1
1564.9 167.7 -188.7 242.7 -131.7 -77.5
2167.2 -240.3 227.5 -4.2 -11.3 -132.7
90.6 180.6 171.7
509 141.5 -22 -75.6 -25.3 8.4
1575.2 132.6 -176.7 254.7 -155.5 -49.8
2172.1 -274.3 251.1 2.8 -24.6 -142
90 189.4 175.5
506.6 138.4 -21.7 -74.4 -22.7 10.1
1574.3 101.5 -167.7 255.6 -148.8 -29.9
2178 -304.4 254.2 11.9 -17.3 -159
91.7 193.9 174.1
509.1 131.4 -17.3 -76.3 -22.1 14.1
1573.2 82.3 -160 245.9 -130 -16.8
2175.7 -330.9 251.5 -4.8 -9.9 -152.7
94.6 191.5 171
512.1 125.1 -12.9 -79.2 -21.9 18.7
1586.6 67.9 -157.2 256.3 -135.9 -6.9
2188.6 -360.8 232.5 -2.3 -10.7 -151.4
97.3 193.3 180.5
517.3 118.7 -9.2 -80.5 -22.5 22.9
1616.9 38.4 -144.7 263 -134.6 -8.7
2222.7 -385.9 218.2 17.5 1.2 -154.6
98.9 190.3 183
520.7 117.9 -8.1 -82 -22 24.5
1639.9 21.4 -142.3 278 -153.1 15.8
2277.4 -396.4 229.6 31.6 9.8 -131.4
100.4 187.5 185
524.3 118.8 -8.2 -83.9 -21.6 26.1
1667.2 20.1 -125.5 285.6 -181.3 21.4
2330.1 -378.2 233.8 45.8 14 -113.3
105.9 193.6 194.2
531.4 115.5 -4.5 -87.1 -23 31.1
1690.2 16.3 -98.3 275.2 -206.5 23
2389.6 -354.5 218.6 30.7 37 -81.5
112.8 193.6 215.9
540.2 110.6 0.3 -93.1 -23.9 36.4
1721 14 -73.9 275.1 -217.6 19.6
2463 -334 204.8 6 56 -43.8
111 192.8 219.3
542.1 119 -4.5 -94.7 -23.7 34.2
1741.1 22 -67.3 269 -226.7 23.1
2538.6 -315.2 120 -33.9 105.4 4.3
111.8 200.6 209.2
543.7 127.3 -8.7 -96.4 -25.2 31.7
1757.9 19.5 -50.6 258.1 -229.4 13.3
2579.1 -309.9 138.1 -42 91.7 3.8
115 209.5 209.3
549.6 125.7 -5.7 -100.8 -28.6 34.1
1772.1 3.7 -32.8 245.8 -223.6 9.8
2608.5 -313 138.2 -58.9 78.4 -2.3
115.5 211.6 207.8
550.5 130 -7.4 -103.1 -31.1 31.9
1779.3 -2.9 -23.4 241.5 -217.9 7.3
2631.4 -309.6 139.3 -65.3 74.7 -6.2
118.8 222.2 212.9
556 122.5 -0.4 -110.5 -30.2 30.5
1808.9 -55.7 19.4 202.3 -205.3 -3.1
2656 -331.2 148.4 -87.3 72.6 -12
122.4 233.6 219.4
558.5 116.8 4.5 -112.7 -32.4 32.5
1823 -80.5 36.1 191.9 -201.3 -3.9
2672.6 -347.4 156.9 -91.9 74.3 -14.3
122.6 243 223.7
558.1 115.9 5.5 -112.9 -33 31.9
1831 -93.7 43.6 190.4 -203.3 0.3
2685.9 -364.7 161.8 -89 70.2 -11.6
winner is: 1
