Regression analysis information for: puertorican_mismatch_interrogative-total-yn_Mi-novio-viene-del-lago
number of formants: 3
number of coefficients: 5
78.1 196.4 168.8
596.9 -14.1 -30.6 17 -44.8 -12.6
1475.5 42 -110.8 65.6 -21.1 58.3
2116.8 99.6 -73.8 56.3 28.7 41.4
77.2 179.8 175.2
598.2 -17.4 -32.7 19.7 -48.9 -14
1505.7 15.7 -135.8 108.1 -50 43.4
2159 81.5 -92.3 86.6 2 26.9
78.2 186.7 185.2
597.1 -17.9 -32.3 18.3 -50 -14.2
1504.7 22.9 -124.1 110.5 -50.1 31.3
2186.7 80.4 -112 97.4 -2.8 12.6
77.7 191.4 196.4
596.5 -18.4 -31.7 17.8 -49.9 -14.2
1507.4 29.2 -110.3 116.8 -53.6 28.4
2203.6 81.6 -111.2 97.1 9.1 1.7
75.9 201.2 214.1
595.7 -14.2 -24.8 20 -44.5 -11.1
1511.3 75.1 -47 149.6 -16.2 49.4
2216.2 89.7 -93.5 96.8 48 -31
75.4 204.9 226.4
596.3 -14.4 -26.1 18.1 -43.9 -11.2
1508.1 79.7 -32.2 141.3 -17.7 61.1
2215.5 82.2 -77.8 68.7 64.9 -49.4
75.3 189.9 216.7
596 -14.8 -24 16.7 -45 -8.2
1521 65.9 -39.3 151.2 -33.4 73.2
2236 61.2 -74.5 61.3 64.6 -67
74.3 185.4 210.1
597.2 -14.9 -24.7 16.5 -44.8 -11.5
1521.8 73.9 -29.4 130.6 -34.4 91.5
2248.2 55 -31.4 21.2 48.9 -50.4
73.2 175.8 208.9
599.4 -14.5 -22.8 17.6 -44.9 -10.4
1539.3 86.3 -34.1 150.3 -15.1 85.2
2276.4 27.4 17.2 11.5 18.2 -42.9
73.5 175.1 179
599.9 -14.1 -20.9 16.4 -44.7 -10
1573.7 73.3 -74.3 149.8 -3.5 97.4
2343.9 -11.2 33.8 6.7 -23.3 -32.6
73.7 174.9 155.6
601.4 -14.2 -19.3 15.7 -46.2 -10
1609.9 82.8 -108.5 151.3 29.7 115.3
2399.5 -25.8 47.3 3.4 -40.4 -29.9
74.6 168.1 118.8
603 -14.6 -20 13.7 -44.8 -9.9
1635.4 89.2 -130.8 159.4 62 118.4
2456.7 -38.2 42.5 20.9 -55.5 -39.7
75.8 165 93.2
604.2 -15.8 -20.6 12.2 -45.5 -10.9
1667.9 92.9 -172.9 160.6 97 123
2506.4 -52.9 14.1 35.5 -41.3 -42.8
77.5 154.6 72.2
604.5 -17.3 -21.1 10.1 -46.2 -11.6
1690.2 108.3 -181.7 169.2 129.3 133.6
2536 -47.8 1.4 49.9 -22.6 -42.9
79.6 157.3 70.4
604.7 -18.5 -21.5 7.9 -47.4 -12.5
1697.3 117.1 -175.4 172.6 134.7 138.8
2550.6 -48 3.9 59.6 -25.6 -41.2
81.3 161.8 72.9
604.5 -19.9 -21.9 5.8 -48.6 -13.3
1706.3 132 -163.9 179.4 142.6 143.1
2559 -38.7 13.1 62.1 -20.4 -42.8
82.2 162.8 74.5
604.2 -21.3 -22.4 4 -49.7 -13.5
1711.2 139.4 -158.7 182.3 147.1 147.1
2561.1 -40.3 11.9 57.4 -21.7 -47.6
82.6 164.3 77.3
603.9 -22.4 -22.5 2.2 -50.6 -13.6
1713 141.7 -157 181.3 148.7 149.2
2562.8 -43 11.9 52 -22.3 -52.3
83.1 165.3 79.9
603.7 -23.7 -22.7 0.5 -51.3 -14.1
1713.4 141.2 -157.5 179.7 148.1 149.1
2564.9 -45.7 13.6 47.5 -21.6 -56.7
83.4 164.5 80.2
603.5 -24.7 -22.7 -1.1 -52.1 -14.7
1710.7 134.3 -162.8 174.4 145.5 151.1
2565.9 -50.2 14.2 42.1 -22.2 -59.6
winner is: 14
