Regression analysis information for: puertorican_match_interrogative-total-yn_Mariano-habla-del-tiempo
number of formants: 3
number of coefficients: 5
103.3 180.1 156.1
579.2 134.6 -70.8 -105.5 29.2 29.3
1495.6 88.3 3.5 233.8 -136 -4.3
2075.3 -66.3 102 86 -64.8 -36.5
99.6 184.1 165.5
572.6 143.7 -78.5 -98.5 27.1 31.6
1490.6 94 -5.7 223.7 -152.1 -5
2090 -60.1 121.8 89.6 -66.5 -54
101.4 190.1 177.4
570 137.1 -75.4 -95.6 34.7 33.9
1493.2 96.7 -3.6 226.6 -156.3 -8.6
2110.2 -55.7 133.4 89.9 -64.7 -62.4
104.8 197.7 193.5
567.9 131.9 -72.6 -94.1 39.8 35.9
1490 102.7 12.7 219.8 -162.4 2.8
2116.5 -44 142.6 86.3 -67.2 -44.5
107.7 197.7 215.5
570.2 124.4 -69.2 -95.7 42.6 33.3
1508.3 87.9 24.3 238.3 -164.9 0.4
2145.8 -72.8 164.5 76.1 -37.5 -59.9
111.7 192.5 219.6
571.9 118.8 -67.3 -98.5 44.5 30.4
1534.2 64.6 32 270.3 -166.5 -14.3
2167.8 -118.6 187.2 69.7 -36.8 -82.6
128.5 197.5 235.3
585.3 95.4 -58.3 -99.4 41.6 28.7
1547.6 46.9 39.2 277.8 -162.6 -8.5
2201.2 -183.9 197.7 45.5 -28 -69.7
136.4 185.4 231.6
593 85.4 -62.4 -90.6 32.1 33
1562.3 27.4 10.5 298.6 -156.2 -11.3
2239.4 -247.8 173 32.3 -26.7 -58.4
143.9 175 236.5
605.9 67.6 -62.4 -76.5 9.4 56.2
1577.5 16.6 11.8 313.9 -174.6 -3.1
2281 -277.6 160.2 28.6 -45.2 -54.1
147.1 176.1 251.5
605.6 67.9 -61.3 -77 10.6 56.7
1594.7 15.5 5.2 324.8 -175.2 -8.6
2332.8 -263.4 136.4 18.3 -19.3 -23
147.8 180.3 251.4
613.9 78.1 -68.8 -81.2 -3.7 53.7
1611.8 20.2 -6.9 319.1 -164 -11
2398.3 -231.9 109.7 17.9 14.6 -11.2
156.9 181.7 227.7
625.9 70.4 -58.5 -96.2 0 47.4
1646.5 -11.1 -3.2 321.9 -165.1 -21.1
2482.7 -223.5 90.8 32.5 47.2 -12.3
160.5 174.8 202.4
633.6 88.9 -65.7 -105.6 -18 39.6
1668.8 -4.7 -23.9 321.1 -177.1 -28.5
2549.5 -198 54.6 33.9 70.6 -8.6
167.2 184.4 176.5
646.9 98.8 -67.5 -115.4 -37.5 28.7
1686.4 7.6 -22.7 305.2 -188.2 -39.2
2587 -170 63.8 39.8 70.7 -11.5
173.4 183.6 167.3
654 104 -66.9 -123 -42.9 25
1702.7 3.7 -16.5 298.4 -197.4 -47.4
2614 -177.1 62.6 41.4 55.6 -35.4
178.1 185 164.6
658.2 102.6 -61 -130 -43.2 25.2
1712.8 4.5 -16 296.5 -204.5 -53
2630.7 -182.8 53.2 43 54.3 -41.9
184.3 192.1 170.2
661.9 94.4 -51.9 -133.3 -38.4 26.3
1717.9 -4.2 -4.9 292.6 -204.3 -49.4
2643.6 -189.7 56.9 36.3 48.7 -43.2
187.3 194.3 171.2
660.4 89.9 -48.4 -131.6 -32.4 30.7
1725.6 -21.7 10.9 285.1 -196.2 -52.5
2659.4 -209.2 66.1 27.6 55.1 -46.3
193.1 201.3 189.9
663.2 75.2 -44.9 -122.1 -33.4 38.7
1730.5 -37.3 18.8 289.1 -193.8 -45.1
2677.1 -239 75.9 30.3 56.8 -40.1
202.2 210.1 212.4
670.7 58 -41.8 -113 -36.3 40.7
1739.5 -61 32.9 288.5 -190.1 -40.4
2697.4 -272.5 86.1 36.8 52.9 -37.9
winner is: 1
