Regression analysis information for: puertorican_mismatch_declarative-narrow-focus_La-maestra-vive-en-Paris
number of formants: 3
number of coefficients: 5
98.1 232.3 175.6
515.6 75 3.9 -12.2 4.8 51.2
1561.7 -158.5 79.4 -204.6 130.6 -131
2173.7 -40.3 93.7 -143.5 38.9 -56
97.2 232.6 187.3
511.9 76.6 -0.3 -11.3 0.5 52.9
1575.6 -175.2 92.3 -217 108.4 -135.8
2207.2 -36.9 124.1 -128.3 43.7 -32.3
102.4 225.8 193.2
522.6 80.8 -0.5 -35.6 4.6 56.2
1609.7 -165 110.4 -237.7 85.8 -120.3
2238.7 -15.7 157 -119.7 49.9 7.2
125.6 210.4 194.1
537.5 58.2 15.9 -57.1 18.6 43.7
1631.8 -184.9 111 -232.1 59.2 -120
2269.2 -33.6 179.9 -116.4 19.4 43.2
133.5 199.1 232.6
538 39 35.4 -57 33.7 26.4
1655.6 -207.2 124.5 -224.8 69 -125.3
2259 -6.7 185.1 -133.5 43.6 11
148.2 209.3 268.9
550.5 31.3 35.1 -81.3 41.5 26.6
1676.2 -224.5 102.4 -240.8 60.3 -119.5
2263.1 -28.7 163.5 -175.9 33.2 14.7
154 201.5 262.6
551.1 15.6 52.7 -78.7 56.8 10
1697.3 -225.1 90 -236.8 75.8 -105.6
2273.6 -52 161 -152.6 43.3 14.9
176.4 194.1 258.8
566.8 -21.5 89.2 -107.9 91.4 -22.7
1726.8 -210.8 103.3 -235.9 64.2 -131.8
2313.7 -71.9 156.6 -149.7 19.1 2.2
186.2 194.8 245.3
579.7 -12.1 74.1 -129.4 87.6 -6.5
1758.9 -207 96.1 -254.4 66.8 -112.2
2380.3 -80.1 120.5 -152.9 0.6 24.4
188.9 194.3 227.8
582.2 -8.4 71.6 -133.7 84.7 -4.7
1792.5 -190.7 76.7 -265.4 42.6 -122
2460.1 -66.9 88.8 -121.2 -6.3 39.8
192.3 187.8 192.8
586.6 -15.1 78.1 -142 92.9 -11.7
1816 -196.5 70.3 -272.5 45 -124
2526.8 -53.8 79.1 -113.8 14.8 54.3
190.7 187 191.3
584.2 -4.1 69.2 -139.5 86.5 -5.1
1825 -178 65.1 -283.9 31.8 -143.8
2556.5 -20.4 71.3 -122 26.4 42
189.3 175.2 185.8
583.2 -15.5 81.5 -134 95.2 -17.8
1840.9 -189 80.1 -277.2 14.6 -145.2
2582 -42.9 86.5 -108.1 7.7 45.3
189.8 169.6 183.4
581.1 -17.4 84.6 -128.8 97.5 -22.7
1852.9 -186.1 79.5 -277.3 -7.9 -152.4
2612.2 -51.3 90.5 -98.4 -36.4 48.2
192.9 162.1 178.8
581.6 -16.8 85 -128.1 96.8 -23.4
1863.2 -183.1 85.4 -286.9 -16.9 -153
2635.8 -39.6 96.9 -106.8 -60.4 41.6
195 160.8 182.9
581.1 -15.6 84.3 -127.5 95.8 -23.2
1866.2 -181.5 87.6 -290.5 -23.2 -159.4
2636 -41.2 95.4 -111.4 -63.9 37
199.9 161.8 192.3
585.2 -21.9 91 -136.3 102.4 -29.1
1871.4 -184.1 88 -285 -27.8 -163.1
2639.7 -45.6 95.8 -100.5 -67.5 29.9
204.6 163.8 203.9
588 -28.6 97.7 -142.8 109.2 -33.8
1877.1 -190.6 91.1 -277.3 -29.8 -167.2
2651.5 -61.9 104.9 -97.6 -67.4 25.5
219 169.7 229.9
601.5 -47.7 116 -172.2 128.5 -46.7
1884.9 -197.8 92.9 -283.2 -29.5 -169
2674.1 -81.2 113.1 -121.5 -61.3 27.5
229.4 178.8 251
612.5 -60 118 -174.9 124.1 -45.3
1898.3 -205.3 91.6 -276.3 -42.7 -165.4
2692.6 -93.5 113.5 -117.3 -72.7 34.9
winner is: 1
