Regression analysis information for: puertorican_match_declarative-narrow-focus_Ana-lleva-el-abrigo
number of formants: 3
number of coefficients: 5
74.1 266.4 126.4
505.7 61.1 7 72.2 87.3 -5.3
1388.3 118.1 -220.3 70 -177.5 145.3
2106.4 -126 -19.8 -100.4 -119.2 109.2
74.8 259.8 120.2
509.2 67.7 12.8 71.6 83.8 -8.6
1422.5 78.6 -194 75.8 -224.9 188.3
2127.9 -159.3 7.4 -109.7 -129.4 119.1
75.8 255.4 124.9
510.9 73.1 16.6 72.3 82.1 -13.7
1435.8 38.1 -156.2 69.5 -269 228.2
2131.1 -168.2 23.2 -120 -152.7 136.4
75.2 236.8 130
511.1 69.8 17.4 70.2 78.4 -13.9
1453.3 2.8 -128 63.3 -312 261.2
2129.1 -163.4 35.9 -148.1 -170.4 172.5
77.2 238.4 138
509.9 68.2 14.8 65.1 72.8 -21.4
1454 3.5 -128.8 46.6 -349.9 243.6
2151.7 -178.4 39.1 -163.4 -186 154.8
71.9 234.9 139.2
504 57.9 7.9 56.4 69.4 -23
1470 12.2 -129.8 39 -368.6 231.3
2174.5 -199.5 38.2 -174.2 -198.2 114.2
65.1 235.7 146.1
499.1 46.4 1.5 58.4 77.5 -18.7
1475.8 13.7 -152.8 46.1 -363.1 231.9
2183.8 -222.5 30.7 -162.7 -194.2 80.8
64 237.6 156.8
500.1 48.1 1.4 58.8 79.7 -22
1504 7.2 -153 25.1 -358 211.4
2208.5 -235.5 29.6 -165.2 -200.6 56.6
64.5 247.3 165.5
502.3 50.5 1.5 59.7 80.6 -24.7
1536.6 -13.1 -151.1 10.7 -350.7 208.6
2242.7 -266.1 39.1 -176.5 -205.3 68
66.7 261.6 178.2
507.2 56.3 6.4 62.7 86.6 -26.3
1580.6 -0.7 -178 -1.4 -347 184.8
2292.1 -256.7 10.1 -181.6 -172.4 66.2
69.4 268.9 207.7
515.6 67.1 17.2 69.8 94.7 -25.3
1631 17 -178.1 -4.8 -339.3 164.7
2367.8 -237.9 -2.4 -165.2 -101.8 51.1
69.1 254.2 248.1
528.1 92.3 35.3 86.6 104.6 -19.6
1664.7 72 -144.6 33.9 -332.5 178.5
2435.1 -155.9 32.8 -87.4 -39.4 70
73.3 257.3 246.3
532.9 101.6 40.6 90.9 104.9 -21.4
1677.7 72.5 -137 37.4 -330.9 181.2
2474.6 -122.8 43.7 -52.1 -5.3 71.2
79.9 223.4 214.7
542.3 117.4 52.7 95.5 105 -27.6
1712.4 127.9 -98.3 47.9 -343.6 139.2
2537.7 -17.5 132.6 -16.2 12.6 33.8
79.7 218.3 176
552 128.1 65.2 93.5 103.3 -41.2
1738.1 125.4 -65.2 24 -334.1 97.8
2585.6 22.4 202.3 -12.6 40.7 1
79.7 227.1 171.7
554 127 68.8 91.4 105.3 -42.9
1754.4 98.6 -40.1 0.9 -315.3 84
2600.8 21.2 220.6 -19.8 48.2 -9.4
79.3 223.3 173.1
554.7 123.3 70.6 87.5 106.9 -46
1753.3 94.7 -40 3.2 -309.5 87.1
2610.8 5.5 243.6 -22.3 75.1 -15.5
80.8 219.1 166.7
552.2 123.9 66.8 87.6 105.1 -45.5
1749.6 106 -51.2 11.3 -321.6 96.5
2619.8 10.7 245.8 -18.7 63.8 -9
79.4 225.3 168.3
551.7 116.4 66.8 83.1 106.4 -45.5
1759.3 86 -35.8 -1.8 -311.2 92.7
2633.6 -5.6 259.3 -37.5 67.6 -19.4
79 226.5 175.2
548.4 109.4 62.9 78.7 107.2 -44.7
1766.2 75.3 -29.3 -10.3 -310 92.2
2641.9 -30.7 260.3 -58.8 60.7 -20
winner is: 4
