Regression analysis information for: puertorican_match_interrogative-partial-wh_Cuando-lleva-el-abrigo
number of formants: 3
number of coefficients: 5
78.7 164.2 179.1
625.2 42.8 -97.1 36.8 39.5 0.6
1414.5 -30.7 -242.8 25.8 -199.9 107.3
2148.3 -5.7 -49.7 66.1 -58.1 75.4
81.9 167.5 178
621.5 42.6 -95.5 31.8 42.8 3.4
1421.2 -39 -242.9 22.2 -201.8 119.4
2195.9 -27.8 -62.9 59.5 -34.3 46.9
81.8 158.3 197.5
622.4 35.6 -95 33.4 40.8 6.4
1434.3 -75.9 -239.4 37.8 -222.5 141
2217.7 -31.8 -40.8 52.8 -54.2 44.7
81.8 164.5 223
621 35 -91.8 29.6 39.4 8.5
1437.8 -67.2 -214.5 19 -252.1 136.9
2227.1 -28.2 13.1 25.1 -86.8 5.9
79.9 162 230.3
622.6 32 -92 32.4 36.2 6.7
1447 -58.7 -199.9 17.5 -276.6 107
2229.1 -41.2 60.7 23.2 -148 -18.4
79.3 153.5 215.7
623.6 28.8 -92.4 36 33.5 6
1449.5 -74.9 -201.4 42.4 -272.9 86.6
2242.4 -67.6 69.3 36.6 -161.8 -49.9
77.3 147.3 197.7
624.6 29.1 -94.5 39.6 33.1 2.9
1441.4 -66.7 -216.4 52.8 -259.9 68.8
2250.1 -73.1 57 60.5 -153.2 -87.7
76.7 148.5 194.4
624.8 30.5 -94.6 40.7 34.2 2.3
1439.5 -63.2 -209.3 44.2 -257.4 65.8
2245.1 -88.3 56.2 93.1 -109.5 -94.2
75.8 144.8 173.4
626 34.1 -93.6 40.5 34.4 0.8
1456.1 -63.3 -225.8 46.9 -255.5 63.8
2300.9 -84.4 -22.4 111.9 -16.6 -82.9
74.8 153.4 174.3
627.9 38.9 -91.4 40.2 33.8 -1.3
1491.2 -37 -206.5 38.8 -288 42.7
2353.9 -55.4 -28.3 116.1 4.1 -79.8
74 155.6 174.7
629.6 43.8 -90.8 39.6 34.8 -2.5
1502.9 -29.8 -207.9 19.4 -284.1 54
2400.2 -27.7 -18.4 107.9 21 -61.8
74.3 153.2 156
631 48.8 -90.1 39.1 35.3 -3.9
1523.3 -20.7 -214.8 31.2 -304.5 51.3
2446.3 9.8 6 127.5 9.6 -64.8
74.4 157.3 148.5
633 50.7 -88 38.3 36.2 -2.6
1532 -16.4 -218 24.9 -306 61.3
2489.4 54.1 19.3 97.2 -13 -71.1
75.1 159.1 143.9
633.7 52.1 -87.5 37.2 37.8 -1.1
1546.3 -18.8 -221.7 28.2 -320.8 71.1
2525.1 67.4 17 62.5 -28.1 -63.8
76 172.7 142.9
634.2 51.6 -85.2 38.1 41.8 3.9
1542.7 -19.7 -204.4 45.7 -304.3 71.8
2560.6 81.7 12 22.5 -14.5 -35.5
76.4 167.6 128.3
634.2 51.5 -86 36.4 43.8 6.9
1563.5 -1.9 -232.8 2.3 -305.3 111.6
2604.3 105.3 -21.7 -57 -18.2 13.9
77.6 167.3 134.4
634 49.2 -85.9 35.1 45.2 9
1563.5 -9.9 -228.9 -0.2 -302.5 119.5
2609.2 94.9 -10.6 -64.7 -9.9 14
79.2 165 139.1
632.8 47.1 -86.8 33.7 46.8 9.6
1558.9 -15.6 -230.7 -1.9 -297.7 126
2608.4 87.6 -1.6 -75.8 2.3 17.1
78.4 163.4 147.1
634.6 46.1 -82.4 34.8 50.7 12.3
1564.8 -22.2 -218.8 5.2 -290 146.8
2616.3 77.1 14.5 -80 12.9 29.2
79.5 164.4 149.4
634.9 43.1 -80.9 33.4 51.8 10.5
1564.5 -24.8 -219.8 6.4 -290.6 149
2619.6 66.2 20 -84.7 19.5 31.7
winner is: 16
