Regression analysis information for: puertorican_mismatch_interrogative-total-yn_El-hombre-mira-la-luna
number of formants: 3
number of coefficients: 5
96.4 210.3 120.2
544.3 7.1 -49.2 85.3 37.6 -34.3
1338.3 49.2 10.4 61.2 259.8 21.9
2007.5 84 82.5 -22.7 -33.3 34.8
96.4 218.3 141.5
541.9 4.5 -54.3 84.5 31.4 -39.2
1344 45.7 6.9 68.8 257.5 26
2032.7 83.1 74.8 9.4 -28.9 15.4
94.4 245.9 172.9
539.9 7.9 -48.7 86.7 26.1 -34.7
1332.5 42.1 29.2 59.7 222.4 39.6
2061.1 94 67.2 28.5 -24.2 15.2
91 258.2 207.5
539.6 10.4 -45.7 87.6 19.6 -33.8
1336.3 36.2 40.4 64.3 187.1 39.4
2093.8 97.6 65.2 47.7 -21.3 25.1
88.4 275.5 224.6
540.8 11.7 -45.9 86.4 13.7 -34.9
1337.8 36.3 52.8 59.6 163.5 50.3
2112.4 102.4 92.8 66 -38.1 49.4
80.4 280.3 243.2
548.3 17.8 -47.5 82.1 -0.1 -44.3
1377.9 70.4 41.3 16.4 83.7 -0.5
2134.8 99.4 75.1 36.9 -90.1 26.8
74.4 248.5 254.3
557.2 22.5 -52.2 78.4 -6.7 -48.6
1429.8 87.9 -6.8 -26.7 59.4 -8.1
2170.7 89.3 26 7.3 -136.3 35.3
71.8 236.3 264
562.2 24.7 -52.8 79.4 -8.3 -48.9
1462.8 102.5 -18.1 -30.7 79.3 8.2
2209 70.3 28.5 -0.4 -133.9 32.5
74.7 239.7 267.9
565.6 21.8 -47.8 71.9 -6.1 -50
1477.7 107.2 -17.3 -53.6 91.8 27.3
2254.2 45.2 41.4 -1.8 -136.5 18.5
74.3 221.3 256
570 19.8 -50.5 73.2 -6 -48.6
1526 118.8 -27.1 -17.6 119.2 48.8
2343 28.7 22.6 48.7 -134.7 -12.4
76.1 204.7 237.8
571.7 18.6 -50.6 73.1 -5.2 -46.8
1556.8 139.7 -17.9 -3.4 142.7 80.5
2414 31.4 46.8 73 -133.4 9.1
79.1 197.2 216.2
574.9 12 -45.9 70.3 -1.5 -46.4
1588.9 137 -28.3 -10.1 138.5 83.9
2475.2 20.9 55.6 83.4 -129.6 -16.5
82.6 192.9 202.5
576.2 6.3 -41.3 67.2 3.9 -48.6
1605.6 144.6 -25.2 -10.1 154.5 87
2519 14.2 73.5 80.4 -119.1 -25.2
86.7 189.5 189.3
574.8 4.5 -40.3 69.6 4.3 -44.9
1615.2 145.8 -25.3 -12.9 151.4 91.7
2548.2 3.8 84.4 70.9 -103.9 -27.4
93 198.8 174.2
579.7 -12.4 -23.8 56 22 -57.5
1620 139.7 -20.4 -31.4 163.1 79.8
2582.8 -33.9 114.5 43.8 -59.8 -45.5
99 194.7 160.1
585.1 -30.2 -6.5 43.7 37.6 -69.3
1632.9 129.1 -8 -30.5 176.8 80.7
2608.7 -52 144.4 34 -28.9 -56
101.1 191.4 160
583.9 -35.5 -1.2 41.1 43.7 -71.4
1636 139.1 -5.8 -39.5 177.9 68.5
2619.4 -55.2 142.2 30.1 -19.4 -67.6
102.9 194.8 155
586.3 -42.2 8.5 32.7 50.8 -80.6
1637.1 139.7 -7.8 -51.5 170.6 58.2
2621.9 -69.6 151.4 30.5 -13 -86.2
102.1 189.8 152.2
586.8 -44.9 10.7 32.7 49.1 -78.3
1646.7 138.4 -4.2 -44.6 155.9 84.1
2627.5 -89.2 159 33.9 -11.6 -73.4
99.5 188.1 147.4
584.1 -40 6.6 36.6 44.5 -74.1
1637.7 132.4 -8 -42.5 173.6 93.3
2623.2 -100.1 167 37.8 -10.2 -68
winner is: 1
