Regression analysis information for: puertorican_match_interrogative-total-yn_Manuela-vende-el-carro
number of formants: 3
number of coefficients: 5
99.7 219.1 196.4
594 2.9 18.1 -45.1 -92 59.8
1365.4 43 -110.2 -53.4 -127.5 -47.4
1961.1 76.9 -31.2 130.7 29.3 -51
100.8 215.4 209.2
595.2 2.8 15.6 -40.8 -92.5 58.6
1383 47.7 -123.3 -17.4 -131.7 -50.5
2003.3 66.3 -50.9 177.9 28 -50.2
103.8 217.1 229.5
595.3 3.5 12.4 -36.3 -92.4 56.1
1387.2 54.2 -117.7 -3.3 -133 -43.8
2027.5 61.3 -55.9 206.3 29.5 -38.3
102.3 218.2 255.8
594.7 3.1 11.2 -35.7 -91.6 55.5
1391.6 51.2 -103.1 9.6 -139.1 -40.8
2048.6 60.6 -54.4 215.5 31.7 -22.5
101.5 205.9 252.7
593.3 0.5 9 -36.9 -92.3 53.7
1399.2 36.1 -96.1 28.8 -144.4 -61.9
2060.5 40.4 -82.8 232.5 42.8 -41.9
101.1 187.5 262
591.7 -0.5 8.1 -40 -91 52.1
1407.3 13.3 -77.5 41.4 -152.7 -55
2081.1 -3.5 -90 203.2 70.1 -62.9
96.2 183.6 272.4
593.6 -2 13.1 -42.5 -89.8 57.3
1445.2 26 -74.7 66.2 -107.2 -40.6
2128.5 -38.4 -84.5 170.5 117.8 -73.7
95.5 174.9 274.4
596.7 -3.3 15.8 -40.7 -93.7 60.4
1476.8 6.6 -73 77 -121.5 -17.7
2201.7 -77.8 -70.2 157.5 94.1 -66.9
96.3 171.6 264.1
599.9 -1.5 15.6 -40.1 -92.3 59.5
1506.1 8.1 -51.7 104.7 -116.9 2.8
2273.3 -96.8 -48.1 163.7 48.4 -54.7
97 183.3 243.5
603.2 0 19 -38.3 -95.1 61.4
1521.2 14.7 -33.2 116 -120.9 20.7
2331.7 -99 -34 168 2.1 -8.7
99.6 169.1 221.7
608.8 0 15.8 -36.2 -97.6 61.8
1571.9 7.9 -105.1 113.6 -49.5 56.1
2408.3 -68.9 -97.2 158.2 36.4 19.5
103.1 163 169.1
612.1 0.2 13.9 -34.5 -100 60.9
1588.9 18.3 -112.6 101.4 -45.5 76.4
2487.8 -30.9 -116.6 118.3 5 55.8
103.9 164.2 146.3
615 6.3 18.3 -33.5 -100.9 58.7
1600.9 31.7 -97.9 109 -45.5 76.5
2535.7 1.7 -82.5 109.5 -0.1 42.5
107.1 167.8 140.1
614.1 4.7 16.2 -36.3 -103.4 56
1607.1 32.4 -96.3 110.4 -41.1 80.2
2561.2 19.7 -74.1 107.5 0.7 39.5
107.7 170.4 150.5
615.9 8.4 19.6 -35.3 -103.4 54
1620 47.8 -83.8 119.6 -38.8 73.9
2575.2 22.6 -65.2 111.4 -1.7 25.7
112.4 171.6 158.1
619.6 7 18.5 -29.7 -108.3 46.8
1624.2 35.9 -98.1 113.8 -56.2 48.3
2599.1 35.7 -52.5 132.4 -2.5 10.2
112.9 173.2 161.2
618.8 6.3 19.6 -29.9 -108.6 44.7
1629.2 34.7 -101.8 115.9 -57.3 38.3
2606.7 33.5 -53.7 134.2 -3.1 -3.9
119.8 182 171.2
624 -0.3 16.4 -18.5 -114.1 39.5
1639.2 35.1 -98.2 130.7 -53 37.3
2618.9 18.9 -52.2 142.4 2.5 -18.5
119.7 185.4 181.5
622.5 -1.6 17.5 -21.1 -112.9 38.8
1641.6 22.7 -105.6 131.1 -56.5 27
2632.7 -13 -32.6 139 7.1 -41.8
126.4 197.2 197
629.7 -8.1 11.8 -6.7 -117.1 32.7
1652.6 19.5 -110.8 152.4 -54.5 23.5
2648.5 -31.5 -30 155.7 6.5 -58.5
winner is: 13
