Regression analysis information for: puertorican_match_interrogative-partial-wh_Cuando-vendia-el-carro
number of formants: 3
number of coefficients: 5
108.6 171.8 239.8
597.8 30.8 9.9 33 -75.6 74.8
1476.3 -41.6 -264.7 73.1 -27.8 10.1
2126.6 36 -177.8 -18.1 -50.4 31.8
107.2 158.9 231
599.8 26 9.9 30.6 -76.5 80.9
1501.5 -39.9 -276.7 66.9 -32.9 8.5
2196.2 46.2 -162.9 -30.9 -75.5 25.8
108.6 156.5 209.1
596.4 25.5 10.4 27.6 -75.2 85.4
1503.6 -41.1 -285.2 62.8 -22.6 15.7
2240 68.2 -143.6 -30.6 -55.2 40.7
112.9 143.5 218.5
601.5 17.8 -0.3 37.8 -72 78.1
1517.8 -33.9 -332.6 33.9 22 58.1
2256.6 59.5 -142.2 -84.2 -30.1 31.8
113.1 140.4 214.1
600.4 16.2 -1.6 36.7 -71.6 78.7
1526.9 -39.5 -356.5 22.2 37.5 73.2
2271.2 34.3 -142.7 -119.3 -5.7 21.8
113.4 143 224
598.7 15.7 -1.8 38.8 -72.9 77.9
1529.6 -48.4 -345.7 29.4 33.2 65
2269.8 21.5 -139.9 -101.5 -2 -11.2
115.5 153.6 233.9
595.9 15.8 0.1 38.7 -71.7 77.2
1524 -54.4 -334.9 40.4 29.8 59.6
2271.2 -0.2 -126.6 -68.5 9.3 -4.8
121.3 155.7 224
603.6 6.9 -6.5 54.2 -72 63.1
1534.2 -65.9 -316.7 43.2 13.8 49.5
2312.4 -32.4 -82.3 -42.1 4 -12.3
123.8 152.8 197.1
606.4 7.4 -8.5 56.2 -73.8 58.9
1547 -59.7 -318.7 32.7 10.8 49.6
2361.9 -24.1 -66.6 -57.2 -16.3 -17.3
135.1 156.3 168.3
619.8 -1.2 -24.7 80.5 -75.6 34.9
1561.1 -61.6 -322.8 36.5 12.9 40.6
2421.3 -43.6 -49.9 -45.9 -4.8 -48
145.2 161.6 160.9
628.5 -7.4 -35.5 98.5 -74.3 16.5
1573.5 -62.7 -328.4 42.2 18.3 30.7
2471.7 -26.4 -41.2 -50.8 -1.8 -68.6
151.6 158.9 155.7
634.5 -9.8 -42.6 108.2 -75.2 5.8
1588.4 -57.2 -345 35.6 25.6 30.5
2516 -1.9 -27.4 -55.8 4.8 -75
156.6 168.4 161.2
636.4 -10.7 -46 114.1 -73.6 -1.3
1598.8 -52.3 -355.3 37.8 34.2 21.5
2543.4 17.7 -16.1 -34 28.2 -88.8
163.3 171 179.9
641.9 -13 -52.6 127.5 -71.4 -10.2
1606.6 -44.9 -364.1 49.6 54.1 23.8
2570.7 34.1 -8.2 -5.6 61.7 -101.9
169.7 171.3 186.6
646.8 -16.9 -59.6 138.5 -70.5 -19.3
1606.3 -46.4 -368.3 57.1 65.1 16.2
2588.8 34.9 -3.1 13.6 79.6 -117.5
181.1 175.3 198.2
659.2 -25.6 -78.6 161.3 -65.6 -43.7
1607.2 -55 -376.9 62.9 71.1 4.5
2604.1 18 -17.9 26.6 89 -145.6
186.7 181.1 206.8
666.3 -30 -89.3 173.5 -61.7 -59
1612.2 -57.2 -382.9 63.1 76.2 -5
2617.6 9 -18.8 33.9 99.5 -162.5
186.4 185.7 208.4
666.6 -29.8 -87.7 173.4 -62.7 -60
1624.7 -46.7 -376.5 60.1 69.6 -23.1
2627.7 3.8 -10.8 31.5 98.9 -172.4
190.1 193.5 214.6
671.8 -32.1 -92.4 179.6 -61.6 -68.8
1638.9 -37.3 -371 58 62.2 -37.9
2644.7 -4.2 -10.2 40.4 96.7 -192.9
190.4 199.6 224.1
674.1 -31.6 -90.2 180 -64 -70.1
1652.1 -28.5 -358.5 58.7 50.9 -55.1
2662.5 -10 3.7 51.2 96.5 -198.3
winner is: 10
