Regression analysis information for: puertorican_mismatch_interrogative-partial-wh_Cuando-miraba-la-luna
number of formants: 3
number of coefficients: 5
82.9 164.8 144.7
580.7 73.2 -59.9 65.7 46.2 -39.1
1414.1 -43.6 -143.2 -89.3 -47.5 65.2
2043.1 -169.5 -73.8 10 -143.1 116.3
85.3 178.4 144.2
576.3 71.3 -62.3 70.2 49.1 -34
1403.5 -60.7 -151.5 -74.2 -19.9 89.3
2071.7 -171.1 -90.4 48.8 -138.4 128
86.9 189.1 148.4
571.8 69.7 -63.6 72.8 51.4 -29.7
1396.4 -72.7 -164.7 -72 -6.1 115.3
2078.9 -166.7 -92.5 56.8 -145 147.2
88.2 189.5 148.5
567.2 67.5 -64.7 74 53.7 -26.8
1389 -84.3 -177 -72.1 2.1 134
2072.9 -157.3 -67.9 68.4 -143.4 190.1
88.5 187.5 150.6
564.4 66.4 -65.1 74.3 55.2 -26
1385.1 -88 -178 -70.7 2.9 136.1
2069.3 -146.8 -52.5 71.1 -142.4 213.1
87.3 185.9 144
563.6 67.2 -64.3 73.8 55.6 -28
1375.4 -101.9 -171.5 -61.5 10.5 130.9
2057.9 -133.6 -15.5 95.1 -138.5 218.5
85.7 191.7 164.8
564.7 68.6 -63.6 73 56 -30.6
1389.1 -90.2 -168.2 -76.9 0.3 116.2
2090.4 -99.6 -16 82.7 -140.6 208
82.1 189.3 201.9
567.9 73 -62.1 70.6 54.6 -36.6
1412.1 -69.5 -170.4 -110.6 -24.5 99.1
2131.5 -59.8 -25.3 44 -112.8 202.2
80.2 189.9 231.1
571.6 76.3 -61 69.6 54.4 -41.4
1428 -50.9 -162.4 -124.2 -41.6 76.4
2194.8 -49.8 -39.8 44.4 -92.4 161.1
78.3 184.7 242.7
577.6 82.5 -60 67.1 51.2 -47.3
1460.7 -11.9 -152.5 -141.8 -63.9 42.6
2286.8 -14.9 -64.6 61.2 -88.2 72.4
76.7 154.1 220.1
583.9 89.4 -58.6 65.4 47.2 -54.8
1498.4 39.5 -143.2 -166.8 -103.3 3.5
2377.7 24.3 -58.9 50.9 -99.7 -0.6
78 156.7 175.9
586.9 91.1 -58.7 65.7 48 -56.7
1508 39.3 -141 -178.7 -101 -0.3
2448.9 41.1 -48.7 55.7 -91.1 -37.4
83.5 161.2 132.1
593.4 82.3 -50.1 58.8 58.6 -65.9
1519.6 42 -132.6 -185.4 -97.2 -8.3
2509.2 56 -31.1 47.4 -80.9 -48
87.7 162.9 119.9
596.6 74.7 -46 54.9 66.6 -69.5
1524.8 41.6 -128.1 -187.9 -95.7 -13.2
2541 74.3 -12.6 30 -76.7 -53.2
91 162.9 104.8
596.1 72.7 -47.8 56.5 67.7 -66.9
1527 41.4 -126.2 -189.5 -96.5 -13.3
2563.2 65 -6 34.6 -84.6 -58.6
95.3 163.8 94.5
597.2 64.4 -44.6 52.3 74.3 -68.8
1529.6 38.3 -124.1 -188.9 -96.8 -12.6
2578.6 58.5 3.3 38.2 -88.9 -65.6
97.2 166.5 100.2
598.7 57.6 -39.3 48.6 81.6 -70.2
1534.4 41.6 -113.4 -180.7 -87.9 -3.1
2590 56.3 23.8 39.5 -73.4 -63.7
97.5 166.3 99.4
596.2 57.3 -41.6 50.8 81.4 -66.1
1533.8 39 -112.7 -177.8 -88.7 1.2
2589.8 56 23.9 43.9 -77.5 -57.7
97.7 166.3 101
594.7 55.9 -42.8 51.7 82.6 -63.3
1534.1 32.9 -110.7 -177.1 -87.2 5.3
2585.4 38.3 23.1 44.2 -66.7 -42.3
98.5 166.3 103.8
593.7 55.4 -43.8 52.3 83.6 -62.4
1535 26.1 -109 -177 -85.7 10.2
2582.3 27.4 20.3 45.5 -61.1 -30.1
winner is: 16
