Regression analysis information for: puertorican_mismatch_declarative-narrow-focus_Mi-madre-come-la-fruta
number of formants: 3
number of coefficients: 5
94.6 241.4 169.4
536.8 15.4 -18.8 -22.3 -66 -101.3
1398 64.8 -4.9 -56 -96 -53.3
1996.7 -44.8 70.5 31.1 0.8 126.8
95.1 251.4 196.6
537.3 11.4 -12.1 -26.4 -57 -104.7
1410.4 87.2 6.9 -32.4 -75.5 -49.3
2004.3 -19.7 64.7 46.4 15.3 108.4
101.7 249.4 215.9
542.8 -2.1 -16.8 -12.9 -62.1 -107.3
1435.2 114.4 14.9 30.4 -59.8 -24
2027.8 -4.5 60.8 88 32.6 109.7
101.7 236.6 213
543.4 -5.7 -22 4.4 -65.4 -94.9
1452.8 119.1 33.4 56.4 -39.5 -0.5
2048.9 -11.2 69.1 124.4 22.7 157.7
99.2 234.1 213.5
537.3 -7.7 -25.1 4.6 -62 -84
1454.2 116.8 27.3 63.3 -36.3 11.7
2050.8 -23.2 83.6 128 22 209.9
100.3 231.3 216.3
540.6 -17.5 -23.2 3.8 -54.9 -87.3
1471.1 101.6 33.7 58.4 -18.9 9.4
2064.3 -49.4 103.5 112.6 41.8 219.4
101.2 232.8 216.7
542.8 -22 -23 0.3 -50.5 -86.7
1481.9 81.4 31.4 46.4 -3.3 9.1
2084.3 -86.6 101.9 94.9 52.9 233.8
105.8 228.8 219.9
553.2 -38 -13.7 -8.2 -43.6 -94.3
1510.6 91.8 50.2 53.6 13.5 6.5
2133.3 -126.2 98.7 101.6 61.5 224.9
105.1 225.7 198.1
559.4 -42.6 -14 -7.7 -44.4 -98.5
1531 104.9 40.6 62.5 12.7 9
2185.2 -148.7 52.9 124.6 65.7 231
108.3 224.4 196.5
566.8 -47.3 -10.3 -13.1 -40.5 -107.4
1551.1 119.6 54.3 67.1 26 9.6
2234.1 -159.9 35.1 111.8 84.5 223.8
110 218.1 193.9
571.3 -46 -9.7 -16.1 -42.1 -113.2
1568.6 127.8 65.9 68.8 37.7 2.1
2283 -168.3 18.2 98.9 87 199.3
110 217.3 196.1
571.8 -34.7 -15.5 -13.2 -51.4 -113.9
1576.3 137.8 70.7 76.2 38.4 3.6
2329.9 -152.3 16.8 95.4 66.5 189
122.5 219.7 218.8
579.4 -27.2 -20.2 -9.6 -67 -116.3
1597.3 132.8 84.7 83.5 32.9 16.3
2398.3 -120.4 36.8 62.1 35.2 159
145.4 230 232.7
598.8 -32.6 -23.9 10.4 -99.5 -123
1614 118.2 97.2 99 24.1 33
2464.9 -45 59.1 14.9 -39.1 107.1
155.6 234 211.9
614.7 -42.1 -13 7.3 -105.5 -141.8
1632.1 100.8 112 95.4 17.4 29.7
2524.9 -8.3 85.3 -27.5 -92.1 47.5
161.1 238.2 202
619.2 -42.9 -13 13 -114.4 -147.3
1643.4 83.6 123 91.8 10.3 41
2556.7 -7.7 89.6 -28.8 -117.5 55.6
167.7 239.7 204
624.8 -48.4 -10.9 14.2 -119 -146.2
1646.1 85.1 123.5 83.7 10.6 42.8
2574.6 5.7 91.5 -48 -115.5 55.8
177.7 242.6 203.6
630.1 -48.9 -17.9 11.9 -122.4 -133.5
1650.5 78.6 121.5 81.9 7 47.6
2599.8 -14 92.7 -57.4 -121.4 76.7
193 246.9 211.6
644.5 -49 -37.3 -9.5 -116.2 -107.9
1657.6 71.6 119.7 74.6 5 59.2
2636.7 -38.4 82.5 -67.9 -132.9 113
200.1 250.7 216.6
652.9 -52.3 -52.4 -15.5 -117.1 -85
1657.6 74.4 111.7 72.1 8.8 57.4
2652.7 -41.9 62.2 -74.8 -130.3 139
winner is: 1
