Regression analysis information for: puertorican_mismatch_interrogative-partial-wh_Por-que-venia-del-lago
number of formants: 3
number of coefficients: 5
78 173.2 193.8
570.6 -2.8 -28.1 5.5 -19.1 34.2
1427.2 114.5 -186.6 -72 -158.3 33.5
2080.4 116.6 27.4 8.7 60.9 55.3
79.8 187.8 195
570.8 -1.8 -29 4.4 -20 32.5
1441.7 128.5 -196 -85 -159.9 28.1
2122.5 88.1 45.3 -6.9 72.9 41.8
79.8 196.8 207.7
570.1 -2.2 -30 4 -19.2 32.3
1451.9 133.1 -217.4 -78 -150.1 25.8
2153.8 88.8 51.3 -17 94.4 8.8
80.9 208 195.7
569 -1.9 -31.1 3.6 -18.7 30.1
1465.5 134.4 -228.9 -82 -130.1 13.8
2189.6 56.2 88.9 -67.9 132.6 -23.1
80.5 206.3 200.9
566.4 -5.8 -34.2 3.7 -18.4 31.1
1469.4 126.1 -243 -78.1 -112.7 21.7
2175.5 104.7 67.2 -99.6 162.3 -16.8
82.2 220.8 200.4
560.7 -6 -36.9 2.2 -15.6 26.8
1456.6 125.1 -245.1 -65.7 -83.5 -2.1
2180.3 130.8 71.5 -128.1 201.3 -32.3
83.9 213.2 191.2
557.5 -6.5 -39 -0.9 -14.2 26.8
1447.6 97.9 -253.8 -18.3 -64.7 -39.6
2199.9 81.4 72.9 -100.5 240.5 -63.9
83.3 188.3 213.3
557.4 -12.9 -43.7 2.9 -18.6 28.6
1487.5 93.1 -305.5 -10.6 -66.8 -26.4
2252.1 20.9 74.4 -45.9 178.9 -51.7
83.4 177.7 209.7
558.6 -14.2 -43.9 3 -22.9 31.5
1522.7 88.7 -323.1 -8.7 -87.4 -26.6
2304.7 -41.4 71.1 23.4 113.3 -34.2
85.3 174.5 204.9
561.8 -12.2 -45.2 3.9 -25.6 31.1
1564.7 106.6 -368.3 -39 -77.9 -3.5
2352.4 -40 48.1 41.9 91.4 -35
86.8 171.9 184.8
564.2 -9.7 -45.2 3 -27.5 30.4
1596.8 121.8 -383.2 -46 -98.2 -14.6
2408.7 -43.6 7.5 62.4 75.8 -70.2
87.8 166.1 166.2
565.5 -8.8 -45.7 2.4 -28.5 31.4
1617 125.4 -406 -44 -96.5 -21.5
2454.4 -35.2 -41.5 57.7 84 -82.2
88.5 163 155.3
565.5 -10 -46.3 3.1 -27 34.6
1628.4 125.7 -417.5 -51.4 -92.6 1.9
2491.6 -21.3 -66.9 39.8 78.2 -84.7
90.3 153 136.5
567.2 -8.3 -45.6 1 -30.5 32.7
1642.2 143.6 -427.2 -65.8 -97.9 -10.2
2533.5 -15 -86.5 21.2 64.5 -73.9
93.4 160.5 134.7
571 -0.4 -39.5 3.3 -30.5 27.9
1646.1 152.1 -423.5 -65.1 -95.3 -12.1
2558 -11.4 -81.9 19.9 57.7 -69.5
95.6 160.6 144.5
573.1 2.2 -35.5 5 -31.3 26.5
1658.4 160.2 -411.8 -60.6 -102.7 -11.1
2573.1 -2.3 -65.6 22.9 54.8 -72.9
97.3 166.8 168.9
578 12.1 -25.9 10.4 -29.1 23.3
1671.8 184 -392 -49.2 -97.9 -15.4
2592.5 22.9 -40.3 31.8 62.6 -83.4
99.3 170.7 178.3
579.6 15.4 -21.6 12.5 -27.9 21.3
1676.9 191.5 -385.8 -46.8 -96.8 -18.3
2603.2 29.4 -28.8 32.9 70.1 -90
102.4 182.3 210
594.1 42.4 1.4 24.9 -25.4 10.8
1698.4 229.2 -355.2 -29.5 -91.5 -29.7
2630.8 66.3 8.6 47.1 79.5 -108.9
99.6 179.8 205.4
591.2 36.1 -0.6 23.8 -22.8 14.2
1698.6 225.4 -355.2 -28.5 -87.5 -25.4
2633.7 58.1 15.3 45.5 85.8 -114
winner is: 14
