Regression analysis information for: puertorican_match_interrogative-total-yn_Ana-lleva-el-abrigo
number of formants: 3
number of coefficients: 5
77.4 123 150.4
606.9 135.1 -18 113.4 45.5 -17.3
1498.8 70.5 -11 102.3 -413.2 90.2
2024.3 -47.1 81.9 42.3 -230.8 16.8
77.7 131.6 171.2
608.2 135.3 -20.8 113.4 49.8 -20
1534.3 71.3 -45.7 112.8 -411.4 70.4
2050.7 -48.6 69.8 60.5 -222.1 14.6
78.3 142.4 187
607.3 136.7 -24.9 111.3 54.5 -19.7
1562.7 77.9 -79.3 115.5 -404.6 57.8
2096.1 -75.5 75.7 49.7 -195.5 19.8
80.4 153.4 203.5
602.6 136.4 -27.5 106.2 58.6 -17.9
1565.4 94.4 -87.3 107 -403.9 49
2125.1 -78.7 78.5 31.1 -166.7 11.8
81.5 173.5 221.6
597.4 134.6 -29.2 98.1 64.1 -16.6
1539.7 136.4 -88.4 62.7 -361.8 34
2151.9 -95.2 77 -3.3 -131.6 -17.8
81.7 176.5 222.9
589.4 131.3 -27.3 86.6 64.1 -13
1516 146 -70.7 26.1 -333.5 45.1
2149.7 -126.8 78.1 -54.7 -116.1 -38.4
82.8 181.8 224.8
582.5 130 -25.2 76.6 62.1 -6.6
1501.8 143.8 -87.5 13.8 -298.4 57
2146.4 -133.2 44.1 -98.8 -102.9 -23.9
81.8 176.5 213.7
583.8 126.8 -32.8 76.3 67.2 -11.4
1518.8 103.3 -95.4 14.6 -296.1 86.3
2149.3 -150.2 5.9 -125.6 -116.7 -2.9
81.7 181.3 212.4
587 125.3 -36.7 78.7 72.1 -14.9
1535.1 91.8 -111.3 27.4 -292.8 98.6
2188.2 -173.1 0.1 -139.5 -97.2 3
81.5 177.3 217.6
591.7 125.4 -40.4 83.2 74.6 -16.4
1559.2 83.2 -132 47.6 -298.1 88.4
2250.6 -209.6 -21.6 -136 -68.2 1.8
86.7 162 217.5
600.4 118 -33.6 86.9 69.2 -7.4
1598.2 62.6 -137 69 -341.9 124.2
2313 -252.4 -16.6 -127.8 -74.6 37
89.2 170.2 211.9
606.6 118.2 -31.2 92.5 65.6 -0.2
1615.7 75.5 -141.2 66.6 -338.3 117.5
2356.7 -246.1 -22.9 -90.2 -46.2 52.5
90.1 163.4 198.4
609.7 121.6 -26 96.4 60 5.3
1649.6 74.6 -167.6 77.9 -343.4 107.6
2420.9 -234.8 -17.5 -34.3 15.3 49.5
92.1 150.1 169.5
617.9 120.8 -30.4 103.7 62 1.4
1683.4 72.7 -193.7 90.5 -351 92.8
2484.3 -238.7 -39.4 -27.6 53.5 35.1
91.9 150.7 169.7
620.2 125.5 -26.5 106.4 64.2 2.5
1696.5 90.6 -186.2 83.4 -365.3 82.5
2521.5 -203 -14.6 -40.2 43.7 -2
92.7 143.6 172.2
622.1 133 -22 106.1 65.5 -0.1
1709.7 108.8 -179.1 72.5 -386.5 66
2559.8 -170.1 21.7 -58.9 33.2 -35
94 141.6 167.7
623.4 136 -15.3 102.5 68 2.2
1714.1 108.1 -170.6 74 -388.7 66.7
2582.8 -165 51.5 -68.5 33.7 -55.5
102.4 142.1 165.4
633.8 120.4 0.3 98.4 61.8 17
1724.5 96.4 -158.4 67.6 -399.6 78.1
2600.6 -174.6 73.3 -79.8 33.3 -58.5
104.8 141.8 162.9
635 115.8 4.7 95.2 60.5 20.2
1726.2 90 -151.6 64.8 -403.8 83.4
2609.1 -181.9 85.7 -90 34 -64
107.5 141.7 160.5
636.8 110.1 8.4 93.2 57.3 24.9
1728.1 83.4 -144.7 61.7 -409.7 91
2613.7 -190.8 92.5 -100.7 36.2 -66.9
winner is: 1
