Regression analysis information for: puertorican_match_declarative-narrow-focus_Maria-bebe-el-vino
number of formants: 3
number of coefficients: 5
85 270.7 168
462.8 50.3 -15.2 -43.6 34.7 -28.4
1684.9 34.6 -65 132.3 -207.7 36.9
2122.7 -45.2 41.1 -17.2 -215.3 47.7
86 273.4 188.5
462.3 50.6 -17.7 -43.4 30.1 -28.2
1710.2 6.4 -78.8 121.3 -249.7 66.5
2152.2 -39.6 58.2 3.2 -204.7 62.5
85.3 278.2 210.5
460.9 52.7 -19.6 -42.3 29.8 -26.2
1704.3 -5.5 -64.1 100.9 -265.7 98.6
2184.4 -20.5 70.2 20.4 -190.3 80.5
84 265.9 225.2
457.7 50.6 -24.6 -42.5 27.6 -23.2
1675.2 -52.7 -51 76.2 -335.8 146.4
2197.9 -21.4 87.3 18.3 -199.4 113.2
77.6 258.5 234.6
453 42.2 -30.5 -45.7 30.4 -19.3
1656.1 -81.7 -63.3 39.4 -348.9 139.5
2206.3 -42.4 78.1 20.1 -207.5 119.6
73.7 262.7 233.5
449.3 35.8 -34.7 -47 35.1 -13.9
1651.7 -89.2 -80.9 40.8 -333.3 141.3
2207.7 -56.5 65.5 25.4 -208.2 129.2
70.8 262.1 232
448.2 33.1 -35.3 -49 36.7 -14.9
1653.3 -112.2 -122.7 44.9 -313.1 133.3
2208.4 -71.7 33.7 23.1 -204 138.5
70.1 261.9 251.9
449.7 31.7 -35.9 -52.3 40.2 -15.9
1717.1 -70.4 -127.9 53.9 -273.5 147.6
2249.6 -55.5 30.1 27.4 -174.6 166
73 263.2 272.1
453 32.1 -32.9 -55.6 42.4 -20.7
1785.1 -78.1 -126.8 60.3 -212.1 133.8
2313.5 -60.5 21 30.7 -123.1 158.4
75.1 273.8 268.7
454.4 28.5 -28.8 -58.6 45.5 -25.6
1802.3 -70.3 -122.6 67.7 -193.5 129.3
2350.7 -54 4.8 42 -93.8 142.5
78.3 265 256
454.6 29.5 -32.4 -59.1 46.8 -21.3
1833.4 -67.6 -79.1 45.9 -169.8 107.2
2405 -27.8 3.8 -1 -37.5 70.5
82 217.2 226.3
461.1 35 -25.7 -63.1 44.7 -32.1
1874.6 -26.1 -65.1 28.6 -194.3 73.7
2459.1 0.9 -11.3 -3.1 -51.5 56.2
86.4 198.6 210
463.5 36 -22.2 -64.5 45.6 -35.9
1892.6 -17.3 -59.7 15.8 -192.6 73.4
2491.5 10.2 -7.3 -4.8 -61 60
94.8 182.5 186.7
468.6 44.9 -14.4 -62.2 42.9 -44.4
1907.1 3 -43.8 18.9 -201.5 56.4
2524.6 23.4 12.8 -0.3 -78.7 50.7
102.6 170.3 169.5
476.8 56.9 -4.8 -60.3 42.5 -51.3
1923.3 7.2 -36.4 2.8 -195.8 52.6
2556.4 4.7 48.3 -15.4 -67.1 33.1
107.9 166.1 154
480.2 62.8 0.6 -57.6 43 -53.5
1929.4 16.3 -30.2 3.8 -199.6 48.6
2578.1 -4.7 73.5 -11.6 -66.7 26.2
110.1 162.2 144.7
482.1 63.2 4.2 -57.6 44.7 -55.1
1937.4 20.5 -22.5 -1.2 -201.8 40.6
2603 -19.2 105.3 -18.5 -57.7 7.4
110.6 165 141.1
481.7 63.2 4.3 -56.2 44.8 -54.2
1940.8 23.5 -23.7 -4.6 -207.7 37.8
2618.9 -22.6 114.5 -10.4 -66.4 12.4
107.2 168.5 142.8
479.5 59.2 1.8 -57.1 45.1 -52.8
1944.5 26.2 -25.3 -9.2 -213.4 33.7
2628 -22.6 117.6 -5.5 -70.2 14.5
104.7 171.9 146.3
478 56.1 0 -57.7 45.6 -51.7
1948.1 28 -28.3 -13.5 -219.2 30.6
2631.8 -17.9 108.6 1.4 -74.6 21.2
winner is: 18
