Regression analysis information for: puertorican_mismatch_declarative-broad-focus_Mi-novio-viene-del-lago
number of formants: 3
number of coefficients: 5
86.6 283.8 166.3
502.4 -30.4 11.1 -7 -52.8 20.1
1491.2 145.9 -237.3 133.8 67.1 85.6
2147.8 68.3 -55.7 16.9 -62.1 59.3
86 285.7 193.4
502 -31.9 12.1 -5.4 -52.4 20.2
1514.9 136.8 -227.4 169.2 47 83.2
2204.6 36.1 -56.1 50.3 -80.5 74.8
86 267.7 216.4
500.3 -34.9 11.7 -6.7 -51.2 20.1
1541.9 123.9 -222.3 228.1 35 99
2235.5 28.6 -49.5 127.5 -76.1 87.9
83.9 236.9 245.6
500.1 -34.3 14.8 -6.1 -49 19.5
1553.8 147.7 -176.6 273.7 76.6 127.6
2250.6 71.9 -54.3 147.5 -42.3 91.2
82.4 220.4 254.1
500.4 -35.4 16.7 -6.6 -47.2 20.4
1560.9 156.3 -170 269.9 116.7 162.3
2295.7 4.4 31 64.4 67.1 39.2
82.2 207.8 253.5
497.9 -37.1 14.7 -9.5 -49 19
1551.5 171 -164.2 241 133.3 201.7
2293.9 -23.2 88.3 27.6 107.8 15.6
81.1 190.8 239.3
497.4 -35.8 18.3 -5.9 -47.7 19.7
1554.3 157.2 -169 253.2 128.8 208.8
2308.5 -55.1 128.6 -17.1 108 -18.2
80.4 178.1 222
497.6 -34.6 15.1 -8.6 -48.6 21.5
1579 160.6 -219.9 225.9 119.2 209.6
2341.1 -78.8 111.5 -77.1 92.2 -13.7
80.6 175.1 206.7
497.8 -33.2 14.7 -8.1 -49.1 22.4
1602.5 156.1 -249.9 212.7 114.3 218.1
2388.1 -100.5 103.8 -83.9 65.2 6.7
81.4 174.2 189.9
497.5 -31.6 13.8 -7.9 -50.1 22.5
1632.5 172 -259.4 221.6 111.8 207.5
2420.5 -84.9 114.2 -82 48.3 -0.1
82.2 175.1 153.1
497.9 -31 12.9 -7.8 -50.5 21.9
1657.9 195.5 -264.8 223.4 113.8 208.7
2484.5 -67.1 79.1 -66.9 51.1 -22.9
83.9 186.5 118.1
497.6 -30 13.6 -9.4 -51 22.9
1665.9 184.2 -271.1 214.4 103.9 200.6
2530.8 -70 56 -61.2 54.7 -32.7
84 175.5 94.5
498.9 -30.8 12.3 -8.3 -50.9 20.5
1687.1 193 -272.3 242.5 112.5 181
2554.3 -72.2 52.7 -39.7 62.5 -40.7
84.8 178.5 89.5
499.4 -31.6 12.5 -9.1 -50.3 19.6
1687.7 194.8 -269.2 245.2 114.8 179.9
2561.4 -69.1 62.7 -38.1 72.1 -41.2
85.8 180.5 88.2
499.5 -33.5 12.4 -11 -50 17.6
1688.9 199.7 -264 247.9 118.4 178.7
2568.8 -71.1 73.2 -40.3 82.7 -47.2
85.7 177.1 92.4
500.1 -33.8 13.6 -11.3 -48.9 17.4
1691.8 205.3 -258 252.7 125 183.9
2576 -73.5 86.3 -42.8 93.9 -48.5
85.6 170.7 96
500.3 -35 14.4 -12.5 -48.4 16.7
1696.2 214.8 -247.8 263.3 135 193.6
2583.9 -77.8 98.1 -44.2 106 -51.4
85.2 169.4 97.7
500.4 -35.9 15 -13.8 -48 16.2
1696.6 215.1 -248.1 265.3 136.6 196
2588.6 -87.6 104.3 -51.4 111.4 -58.1
84.8 164.2 98.8
500.5 -36.6 15.4 -14.6 -47.9 15.9
1700.2 222.2 -242.9 272.7 142.3 203
2593.2 -90.3 111.1 -52.9 116.6 -58.3
84.7 162.6 99.2
500.6 -36.7 15.3 -14.9 -48.4 16.2
1702.8 223.3 -243.6 275.1 140.9 206.7
2598.5 -90.5 118.3 -52.6 121.6 -56.5
winner is: 20
