Regression analysis information for: puertorican_match_declarative-narrow-focus_Daniel-iba-a-Bolivia
number of formants: 3
number of coefficients: 5
67.3 252.4 117.1
456.3 21 -44.8 -42.1 38.6 -80.4
1579.4 -70.5 -28.7 -245.2 -299.4 19.2
2163.6 -63.7 -64.4 35.1 -53.5 43.4
66.8 250 137.5
456.2 22.4 -41.1 -41.6 39.8 -80.1
1629 -45.9 -2.2 -236.4 -336.3 57.5
2196.8 -55.4 -44.8 32 -54.3 78.7
67 235.7 163.9
453.7 22.2 -41.2 -41.6 38.5 -80.1
1663.4 -64.1 2.2 -245.6 -394.1 87.6
2224.2 -53.1 -25.5 19.8 -74.5 108.3
66.6 246.5 196.6
451 23.2 -41.5 -40.1 37.7 -78.5
1685.7 -11.6 52.4 -199.4 -360.7 116.2
2250.6 -20 24 45.9 -55.6 139.8
64.7 248.8 233.3
449.5 21.3 -38.8 -37.7 40.9 -77.3
1685.2 17.1 93.6 -183.4 -290.2 142
2271 19 81.1 52.2 -44.8 164.3
61.7 255.5 249.8
450 19.8 -37.4 -38.6 44.2 -76.5
1646.2 -27.5 126.3 -124 -216.9 160
2275.9 13.7 109.4 65 -54.7 156.4
62.4 247.1 240.7
448.8 17.5 -35.7 -34.8 49.9 -76.4
1636.1 -22.3 133 -70.7 -176.8 187.7
2290.9 9.9 80.2 65.8 -42.2 150
62.9 255.3 227.6
450.7 10.6 -31.9 -39.4 56.7 -78.6
1629.5 -81.9 158.7 -9.1 -103.8 232.8
2309.7 10.6 92.9 115.9 21.8 169.4
61.8 244.4 214.6
452.3 12.1 -33.5 -42 52.4 -81.6
1667 -81.7 176.7 -16.6 -135.9 228.8
2356.9 8.8 89.4 141.2 30.3 150.1
63.1 212.3 211.5
455.6 9.3 -29 -45 57.3 -85.7
1741.1 -14.9 236.7 -1.8 -148.3 244.5
2422.1 45.7 99.3 173.1 54.3 123.2
61.6 215.4 193.2
454.4 20 -35.7 -37 50.3 -78.9
1773 5.9 270.2 31.8 -136.4 276
2474.3 74.9 85.6 194.9 85 135.7
62.4 185.4 200.5
455.1 21.8 -36.5 -36.6 48.7 -79.9
1832.6 35.6 260 -41.3 -235 255.6
2529.1 100.8 84.7 160.5 29.8 140.6
62.7 154.4 184.9
456.2 24.3 -36.5 -35.4 48.1 -80.5
1861.4 65.6 238 -85.1 -269.9 257.5
2557.3 119.5 60.5 128.1 1.3 142.2
64.1 157.1 185.3
456.6 26.8 -37.3 -34.5 45.8 -81.2
1867.5 80.6 246.6 -65.7 -259.3 272.5
2565.1 135.7 66.9 137.3 4.1 140.7
66.5 167.2 165.2
458.6 23.4 -34.6 -38.9 47.2 -87.7
1865.1 70.2 247.3 -60.7 -242.7 287.6
2583.2 151.9 79.6 133.7 -12.4 104.7
68.2 161.5 161.9
459.7 27 -33.9 -37 46.1 -88.8
1892.8 116.1 285.7 -42 -236.5 276.7
2609.8 196.9 115.3 160.8 4.9 109.6
72.4 161.1 171.1
466.8 13.2 -19.6 -50.9 59.3 -104.4
1907.2 121.2 311.3 -35.6 -212.1 280.9
2621.9 185.2 137.3 155.6 32.7 105.3
73.6 161.5 178.5
470 8.7 -13.4 -54.7 65.4 -109.2
1920.4 134.2 334.8 -20.8 -190.1 293.1
2632 188.4 149.9 164.8 47.6 113.4
74.9 163.3 180.4
471.4 2.5 -10.7 -59.2 69.7 -112.9
1928.2 139.6 344.7 -13.4 -180.7 298.4
2644.3 195.1 162.4 170.5 58.2 115.5
72.5 167.3 185
470.4 1.4 -13 -57.9 70 -110.7
1937.2 145.4 357.1 -5.4 -169.8 304.4
2654.5 207.8 168.7 182.1 63.7 125.1
winner is: 16
