Regression analysis information for: puertorican_match_declarative-narrow-focus_Emilio-ama-la-marcha
number of formants: 3
number of coefficients: 5
94.6 245.6 122.8
529.9 -38.4 -52 -33.9 54.5 5.9
1523.5 84.2 113.2 -132.7 -103.9 -40.1
2061.6 106.1 117.9 -36.4 -81.2 20.5
97.3 257 135.9
524.7 -35.1 -52.2 -34.1 52.2 6.1
1530.6 105.4 107.4 -110.6 -125.9 -24.8
2085.6 120.4 136.2 -40.5 -104.7 28.7
98.2 265.1 163.1
532 -50.8 -38.3 -29.2 34.1 30.2
1541.3 108 130.2 -102.3 -157.9 13.2
2105.6 138.1 159.1 -42.2 -146.7 69.6
98.2 282.5 180.3
529.2 -55 -31.7 -30.7 29.4 33.8
1533.5 87.5 152 -105 -131.5 43
2103.8 137.3 184 -51.5 -137.1 92.2
98.2 284.7 188.9
532.1 -63.3 -23.7 -28.7 22.9 42.4
1544 46.4 172.7 -100.3 -114.3 91.9
2124.2 109.9 229.6 -47.1 -112.9 119.4
97.6 269.9 187.6
529.7 -60.7 -24 -27.8 24.4 40.5
1563.8 57.4 197.9 -61.9 -93.8 125.7
2135.8 104.1 268.1 -17.8 -91.7 147.9
97.8 260.1 188.8
533.9 -67.7 -22.3 -25.9 23.1 41.8
1563.3 -9.2 169.9 -64 -82.8 127.3
2146.6 68.2 284.2 -17 -93.4 154.1
101.4 253.5 187.6
539.5 -75.1 -21.5 -23.4 19.1 47.6
1581.3 -19.3 140.3 -77.7 -115.1 87.1
2158.8 29.8 280.4 -52.6 -127.3 121.6
106.3 236.4 186.6
548.9 -85.9 -21.6 -18.2 12.6 56.3
1639.7 20.9 149 -50.7 -122.9 81.7
2213.7 33.9 273.7 -25.6 -145.3 102.9
110 234.4 206.9
556.5 -92.9 -24.5 -13.6 8 63.3
1675 32.5 141.6 -22.7 -116.9 79
2268.1 18.4 229.8 6.2 -140.3 67
110.1 220.5 213.7
559.6 -91.6 -31.6 -12.4 11.3 61.9
1726.5 96.4 177.4 12.1 -107.1 73.7
2342.8 15.8 181 59.2 -134.5 20.2
109.1 206.5 204.7
560.6 -86.3 -40.7 -12.2 16.1 59
1759.6 144 204.7 30.7 -111.4 66.4
2390.9 28.8 164.3 87.2 -131.2 20.8
112.3 201.7 188.7
565.9 -90.6 -46 -13.2 16.7 66.3
1785.7 151 195.8 47.3 -116.4 53.1
2459.4 32.4 112.2 112.9 -119.5 19.9
113.9 193.5 187.3
567 -86.8 -49.2 -15.6 17.9 68
1804.7 176.3 200 47.2 -117.3 41.1
2511.7 47.6 60.6 104.8 -90 35.3
119.8 188 190.7
573.7 -92.7 -52.5 -16.5 16.8 77.3
1818.7 180 197.5 54.1 -118.6 36.8
2541.8 50.1 38.4 107.6 -80 52.5
121.1 184.6 188.5
574.9 -93.4 -51.6 -19.6 17.6 79.1
1819.7 189 201 52.7 -118.3 32.3
2546.3 59.9 30.6 95.7 -77.5 61.3
123.5 186 187.1
578.3 -97.5 -51.5 -20.6 15.9 85.5
1818.7 179.3 189.6 45.4 -120.9 28.2
2544.3 56.9 18.2 87.7 -84.8 70.9
123.7 186.9 191.2
577.8 -96.9 -52 -21.9 17 85.2
1818.9 175.7 191.7 41.3 -121.5 32
2543.4 59.2 8.7 87.3 -86.4 72.6
128.2 185.9 194.1
580.8 -101.1 -51.9 -21.3 15.4 89.2
1823 168.7 192.6 42.1 -124.6 33.5
2550.7 54.3 3.2 84.8 -78.8 68.8
131.8 184.1 199.5
583.6 -106.2 -48.6 -24.1 18.3 86.8
1828.6 162.5 194.9 42.9 -123.8 31.9
2562.7 40.9 5.2 77.2 -65 61.2
winner is: 1
