Regression analysis information for: puertorican_mismatch_declarative-broad-focus_El-bebe-comia-muy-bien
number of formants: 3
number of coefficients: 5
45.7 253.5 149.5
438.5 60 -43.1 -10.6 33.6 7.6
1443.6 196.9 124.9 17.3 319.4 -279.3
2143.6 -86.7 91.7 14.4 53.3 -29.2
47.9 310.6 169.3
434.6 56.3 -40.7 -6 35.8 7.5
1486.6 136 162.8 60.2 290 -196.7
2182 -85.6 96.9 14.8 43.9 -8.5
44.9 332.5 186.3
437 58.1 -42.3 -10.7 29.1 10.6
1521 110.3 165.9 84.5 239.5 -154.4
2234.6 -72.7 87.2 -3.8 41 28.2
46.3 355.7 215.6
434.1 59.6 -42.7 -12 31.1 9.8
1556.9 62 149.8 144.3 162.8 -102
2263.5 -90.2 77.8 11.4 46.7 57.3
44 355 229.6
435.4 59 -43.5 -11.2 25 12.1
1591.9 20.3 132.3 191.2 77.5 -64.4
2269.5 -96.3 61.8 33.5 46 100.3
42.8 347.4 228
437.3 56.4 -42.2 -12 22.2 15.2
1606.9 -5.4 139 157.2 33.5 -83.4
2271.1 -100.3 50.1 32 15.3 106
42.6 331.5 217.7
438.6 55.3 -42.6 -13.2 21.2 17.3
1615 -57.9 156.7 109.7 -9.2 -101.9
2280.5 -112.3 57.1 18.3 -20.2 92.5
43.1 318.2 214.8
439 55.1 -45.6 -14 21.3 16.6
1648.8 -115.2 162.7 94.1 -28.7 -119.7
2305.1 -143.7 78.6 -5.5 -51.8 70.7
44.1 293.8 207.7
441.1 55.2 -46.7 -14.3 25 19.5
1688 -163 145.4 126.3 -77.3 -92.8
2347.9 -168.1 81.7 -12.6 -86.3 46.7
45 295.7 204.6
444.3 56.2 -50.2 -16 25.7 20.7
1720.8 -143.9 129.1 141 -72.5 -75.1
2402.6 -163.1 76.1 -16.2 -95.9 18.8
46.3 272.3 195.5
447.2 56.9 -53.8 -17.4 28.3 21.8
1791.1 -137.4 116 162.2 -34.5 -9.4
2467.7 -142.4 72.1 6 -82.8 13.6
47.7 234.9 176.9
450.1 58.3 -57.8 -19.1 29.7 22.9
1842.4 -165.7 137.6 152.7 -2.4 26.2
2521 -138.9 72.6 16.4 -61.6 -3.3
49.9 214.1 157.9
452.4 59.4 -59.7 -20.8 29.7 22.6
1863.6 -188.9 154.6 146 1.1 39.3
2563.4 -126.8 51.5 -2.8 -48.2 17.5
50.1 210.2 154.9
454.6 60.7 -63 -22.2 31.4 22.8
1878.5 -202 152.8 128.8 17.2 37.2
2602.6 -102.8 15.8 -36.3 -33.5 45.9
51.6 203.6 161.7
455.7 62.6 -64.8 -24.7 31.4 23.7
1891.8 -199.1 151.7 119.1 35.1 51.4
2634.4 -89.5 0.5 -84 -37.4 75
52.9 197.4 156.2
457.3 63.8 -67.4 -25.6 31.3 22.4
1900.7 -213.6 161.7 115.2 41.9 40.7
2651.8 -100.5 3.3 -97.5 -35.9 71.4
53.1 197.7 159.9
456.5 64.1 -66.9 -25 31 21.1
1902.5 -218.6 167.6 115.5 42.7 36.2
2656.6 -102.9 5.4 -99.7 -39.3 73.1
53 201.3 164.7
455.4 64.4 -66.1 -24.5 30.3 19.8
1904.5 -228.3 180.6 113.4 45.3 24.8
2661.1 -105.3 8.4 -105.9 -39 71.4
52 205.9 169.1
453.8 64.2 -64.5 -23.6 29.8 18.9
1902.9 -233.3 191.5 112.6 44.7 17.5
2664 -107.3 10.5 -111.1 -39.5 68.9
51.4 207.7 172.9
452.8 63.9 -63.3 -22.5 29.2 17.9
1903.2 -237.2 197.6 114.6 43.2 9.9
2667.4 -109.4 11.1 -115.3 -43.4 68.2
winner is: 16
