Regression analysis information for: puertorican_match_declarative-broad-focus_David-leia-el-libro
number of formants: 3
number of coefficients: 5
92 309.2 167.9
446.7 42.2 19.9 -29 30.2 -55.8
1607.9 107.7 -336.4 -38.8 -128.8 -16.5
2200.5 51.3 -173.9 18.4 -78.3 106.4
92.4 292.4 155.8
446 43 19.1 -28.2 29.8 -55.9
1645.7 101 -357.1 -0.4 -140.2 -27.6
2239.8 38.1 -178.2 34.6 -88.7 103.9
91.5 286.3 159.2
445.6 45.4 18.1 -25.3 30.2 -56.5
1668 89.6 -351.9 28.8 -157.8 -23
2271 43.1 -166.6 54.5 -89.7 106
90.3 268.4 151
445.1 44.6 18.3 -24.9 29.4 -54.8
1683.9 59.9 -361.1 61.2 -181.9 -33.8
2300.9 28.3 -164.7 77.9 -85.1 79.6
89.1 266.1 161
444.2 44.6 18.1 -24.5 29.6 -54
1695.3 45 -365.9 84 -191 -28.3
2323.1 19.9 -162.9 89.6 -96.6 91.5
87.4 265.8 183.6
444 45.9 19.8 -23 31.4 -51.3
1713.1 57.1 -353.3 100.9 -173 7.2
2349.7 25.2 -135.1 112 -101.6 129.6
85.7 260.1 202.2
444.2 47.4 21.1 -21.2 33.3 -48.8
1730.5 85.4 -329.1 121.2 -143.9 47.2
2352.7 25.8 -105.2 129.7 -93.3 166.6
86.8 251.9 216.3
442.3 45.8 18.4 -23.4 31.7 -50.8
1730 115.9 -310.9 128.9 -119 62.2
2347.1 17.3 -101.3 149.5 -82.9 176.4
81.9 229.7 230.1
447 53.2 27 -15.5 39.6 -42.3
1780.8 183.2 -255.6 196.8 -66.1 116.5
2384 50.8 -79.7 187.3 -44.2 213
81.9 228.2 225.9
447.2 53.8 28.2 -16 39.6 -41.3
1812.5 185.3 -258.9 209.2 -83.1 124.1
2408.9 57.7 -91 180 -48.2 220
82.6 222 218.1
448.8 54.1 27.6 -15.3 40.6 -43.1
1835 179 -285 215 -81.1 110.7
2431.1 78.4 -84.9 168.6 -47.5 205.4
83.2 209 197.8
449.9 54.8 28 -15.1 40.8 -43.8
1860.7 187.7 -306.7 230.5 -60.4 90.6
2473.1 112.7 -67 170.9 -35.7 189.4
85 211 189.6
450.2 56.7 27.6 -14.9 41.2 -45.7
1866.3 193.6 -303 232.3 -58.8 88.1
2522.9 123.4 -45.9 170.3 -37 150.6
85.7 198.5 194.8
451.1 57.4 27.6 -14.5 40.5 -45.5
1896.2 165.5 -292.2 235.7 -74.8 118.9
2565.8 118 -6.3 176.6 -35 143.2
87 188.7 196.2
452.7 56.4 29.4 -15.5 40.7 -46.5
1924.7 132.3 -273 235.7 -95 153.2
2594.2 104.4 19.9 176.7 -39.1 140.8
87.4 188.5 200.7
456.2 51.4 35.5 -20.6 44.6 -51
1946.3 110.3 -259.2 227.6 -94.6 171.5
2616.9 93.5 35.4 182.3 -36.7 127.8
88.2 190.8 211.6
458.9 47.3 40.6 -25.7 48.7 -56.3
1960.9 108.7 -262.1 231.6 -91.9 174.3
2643 81.2 41 198 -45.4 106.7
89.3 192.2 218.6
459.9 46 42.6 -27.7 49.6 -58.1
1976 102.3 -255.9 228 -90.5 187.2
2666.5 65.6 55.3 202 -43.7 97.6
90.9 195.5 227.9
460.6 45 43.8 -29.3 50.3 -59.8
1985.4 106.3 -253.3 224.5 -85.8 193
2683.6 55.7 55.3 209.2 -39.8 91
92.5 204.9 242.5
470 26.6 59.2 -42.8 59.3 -66.4
2009.1 86.3 -229 207 -73.7 199.5
2710.2 26.1 75.9 196.5 -22.9 91.8
winner is: 15
