Regression analysis information for: puertorican_match_interrogative-partial-wh_Cuando-leia-el-libro
number of formants: 3
number of coefficients: 5
76 211.1 273.4
586.3 72.4 12 -28.1 6.5 17.7
1401.9 -9.5 -199.4 0.2 -19.6 -27.5
2083.8 -139.7 -254.3 -20.9 -133.4 -72.8
72.1 198 285.5
590.1 69.3 15 -21.7 5.7 21.5
1423.1 -13.2 -202.8 30.6 -19.1 0.7
2169.6 -89.2 -214 62.6 -90.1 -52.2
72.7 193.5 296.9
588.8 65.3 15 -19 6.4 24.4
1445.6 -25.3 -205.6 39 -30.1 1.2
2238.3 -84.2 -188.5 84.4 -75 -73.7
73.8 189.5 307.1
585 60 14.5 -15 8.1 28.9
1452.6 -51.8 -201.1 65.7 -42.3 -0.6
2260.3 -108.9 -158.1 91.1 -86.7 -77.2
70.7 177.4 285.8
584.4 54.1 16.9 -13 7.5 31.4
1470.1 -86 -190.9 97.7 -75.4 -6
2269.2 -188.1 -109.1 115.6 -133.6 -78
70.7 174.5 275.9
582 50.8 17.4 -12.8 7 32.8
1481.3 -109.5 -186 119.7 -101 2.3
2282.4 -226.5 -57.4 140.6 -158.2 -73.7
67.4 177.3 279.5
582.3 54.8 19.4 -14.6 2.9 28.2
1477.8 -74.7 -160.8 104.1 -112.2 -16.7
2286.6 -214 -36.5 142.9 -138.1 -95.7
66.6 181.3 270.7
582.7 59 21.4 -15.5 2.7 27.7
1474.8 -59.1 -147.8 90.3 -105.2 -16.3
2308.5 -181.2 -27.8 152.2 -121.1 -90.5
69.1 189.2 272.8
581.7 65.2 24.4 -17.6 8.4 31.1
1472.4 -35.4 -142.9 85.2 -97.2 -4.5
2330.3 -153.7 8.4 137.1 -137.9 -48.3
68.2 190 255.6
584 65.8 20.6 -18.9 2.4 28.2
1491.9 -32 -153.3 91.8 -132.9 -9.8
2388.6 -108.1 35.5 147 -164.5 -56.4
69.5 189.2 225.3
585.4 70.7 21.7 -19.5 5.1 29.6
1507.1 -29 -171.6 106.7 -125 -21.7
2488.1 -80.1 -25.8 167.1 -89.5 -70.9
71.7 169.9 167
586.2 74.1 20 -22 5.1 29.4
1558.6 -38.5 -247.1 130.8 -116.4 -31.7
2582.3 -44.8 -103.9 177 -55.3 -88
74.9 173.5 143.9
585.6 76.1 17.9 -25 7.8 30.1
1567.7 -32.2 -261.8 116.6 -111.9 -15
2639 14 -96.3 165.7 -51.4 -75.7
78 175.5 122.6
584.4 77.4 16.3 -28.5 11 31.6
1578 -28.1 -281.7 100.1 -101.4 6.2
2673.2 34.8 -121 132.5 -40.8 -46.6
79.5 183.7 121.6
583.3 78.2 16.6 -30.5 16.3 33.9
1585.8 -18.6 -286.6 95.5 -86.9 23
2692.7 46.5 -110.4 127.7 -26.7 -32.7
80.3 184.5 116.1
582 78.4 16.6 -33 18.8 35.1
1584.6 -18.2 -292.7 88 -80 27.8
2702.8 52.9 -115.6 107.9 -8.7 -26.5
80 189.8 115.6
580.2 77.4 17.2 -34.3 21.2 36.6
1583.1 -17.1 -298.6 82.5 -73.3 34.4
2707 59.2 -123.7 89 19.4 -21.9
79.8 191.4 117.9
577.2 79.4 15.5 -32.7 20.6 39.6
1579.2 -21 -296.6 78.1 -63.5 41.4
2716 45.1 -117.1 81.3 24.5 -20.2
79 193.9 133.4
576.8 75.6 19.3 -35.5 24.1 39.2
1590 -53.8 -261.8 44.6 -31.5 25.6
2729.5 14.6 -86.1 50.1 57 -43.7
78 191.9 139
576 75 21.1 -35.6 24.7 39.1
1605.7 -90.3 -217.5 3.7 1.5 7.5
2752.4 -25.9 -50.6 26.8 74.3 -53.8
winner is: 14
