Regression analysis information for: puertorican_mismatch_declarative-broad-focus_Mi-tia-odia-la-lluvia
number of formants: 3
number of coefficients: 5
75.1 332.3 222.1
470.7 42 -65.6 -82.6 6.9 -65.7
1520.5 162.8 -1.5 84.8 38.2 -310.1
2220.2 36.8 -25.2 12.4 -2.2 -16.6
76.1 336.8 237.4
467.3 47.7 -69.1 -79.3 3.3 -62.8
1548.9 153.5 37.9 72.1 52.1 -299.7
2258.7 18.9 -36.1 1.3 -0.3 13.2
72.5 341 254.1
468.6 43.4 -64.1 -82.6 3.7 -61.9
1572.6 117.4 82.3 49.1 54.2 -306.8
2298.5 -6.3 -2 -0.4 -13.4 53.4
71.7 319.1 257.3
467.8 44.1 -62.8 -82.7 3.4 -60.2
1601.4 111.6 117.1 98.5 26 -319.4
2339.2 -25.1 39.4 29.9 -51.3 83.2
71.9 318.8 258.6
466.1 41.3 -63.2 -83.4 0.2 -61.5
1596.2 99 138.5 108.7 -21.3 -335
2353.7 -13.6 55.2 23.9 -75.5 98.7
72.2 295.7 247.1
468.3 40.2 -60.6 -85.2 4.8 -61.7
1619.4 126.7 162.7 135.1 20.2 -305
2384.1 -25.2 53.6 36 -83.6 135.9
73.2 290.3 241.2
471.5 34.9 -54.1 -90.3 11.4 -66.2
1632.3 125.6 159.2 126.1 34.4 -306
2402.2 -32.6 39.3 40.8 -67.1 151.2
74.5 277.9 229.9
472.3 33.8 -52.8 -92 14 -67.7
1660.2 139.5 168.1 142.3 74.6 -287.8
2434.5 -39.7 36.3 46.1 -56.3 158.5
75.8 260.3 213
473.7 29.1 -49.5 -93.8 18.2 -70.5
1701.2 142.9 201.7 166.6 98.2 -279.4
2473.4 -32.2 46.2 46.6 -39 170.1
76.8 259.7 179.4
475 29.7 -50.2 -95.7 17.4 -71.8
1723.7 148.5 177.6 153.7 93.9 -273
2529.4 -0.6 5.9 14.6 -36.7 176.3
77 255 160
474.3 32.2 -53.5 -93.3 14.6 -69.7
1746.9 158.7 178 144 78.4 -276.2
2560.7 8.7 -6.1 21.2 -35.1 167.5
77.2 255.5 146.6
474.7 32.2 -54.7 -93.5 14.1 -70.1
1757.8 166.1 177.2 139.5 68.1 -283.8
2582.3 7.8 -24.2 30.2 -32 155.8
77.3 255.8 130.2
474.6 32.9 -57 -92.6 12.7 -69.6
1771.1 165.9 180.4 133.9 57.1 -284.2
2612.5 17.8 -39.9 20.4 -55.1 136.1
76.9 253.6 118.6
474.3 34 -59.6 -91.2 10.9 -68.6
1776.5 169.4 176.9 131.5 53.5 -285.3
2632.2 32 -49.9 11 -82.7 116
76.7 253.9 118.5
474.2 34.4 -61.3 -90.4 9.8 -68
1782.8 161.4 178.7 130.1 49.6 -280.7
2643.2 35.6 -45.2 16.8 -88.3 113.8
76.7 252.9 120.6
474 34.6 -62.5 -89.5 8.8 -67.2
1781.8 161.8 176.8 132.3 52 -283.2
2650.2 40.8 -36 20.5 -86.6 116.2
76.9 253.5 122.1
473.6 35.5 -64.2 -88 7.2 -65.2
1788.4 152.9 181.5 132.6 50.1 -276.5
2656 42.7 -28.9 23.3 -86.3 120.3
80.2 250.7 126
478 26.2 -55.8 -96.5 15.9 -73.3
1792.9 144.5 187.2 128 57.4 -284.2
2668.4 29.3 -9 12.7 -71.9 109
80.5 252.3 129.3
478.9 24.1 -54.4 -98 17.5 -73.8
1800.3 134.1 193.6 124.2 59.3 -281.7
2676.6 24.4 1.5 11.3 -65.7 107.1
80.4 257.1 131.4
478.2 25.2 -55.8 -97.4 17.1 -72.3
1802.9 134.7 192 122.9 63.1 -284.8
2683.1 24.8 6.7 16 -64.5 110.1
winner is: 14
