Regression analysis information for: puertorican_match_declarative-broad-focus_Maria-bebe-el-vino
number of formants: 3
number of coefficients: 5
88.8 217.9 153.9
453.4 97.9 7.7 -55.1 9.2 51.4
1673.4 217.6 -190 79.6 -147.6 -26.5
2201.8 -60.7 -45.4 74.8 -188.4 -29.6
87.8 191.4 157.6
454.3 95.6 6.5 -52.6 6.9 50.6
1710.3 201.6 -201.5 118.9 -182.9 -26.1
2234.2 -72 -61.6 90.3 -202.1 -27.7
88.1 182.5 166.2
452.9 94.5 6.6 -53.5 6.8 50.3
1729.9 172.6 -187.5 149.5 -232.8 3.5
2256.9 -74.9 -67.7 96.2 -203.6 -23.9
87.3 173.7 173.3
452.3 92.3 5.8 -52.9 5.7 49.8
1731.2 160.9 -193.4 156.2 -247.5 -1.7
2266.6 -79.8 -69.1 108.3 -218.5 -32.8
87 173.4 183.5
450.5 90.9 3.7 -52.4 4.5 49.9
1732.7 152.9 -199 155.6 -258.2 -9.7
2272.7 -88.1 -71.7 105.8 -227.2 -32.8
86.2 169.7 194.8
452.7 80.6 8.5 -59.3 9.2 45.3
1754.8 107.8 -204.7 158.9 -271.4 -6.9
2280.5 -124 -68.8 100.2 -237.6 -39.7
83.6 170.9 209.5
450.4 74.4 5.7 -63.5 9.1 44.5
1754.3 96.3 -227 144.9 -264.5 -8.7
2289.3 -141.8 -96.8 88.7 -218.9 -33.6
82.4 175.3 219.2
449.6 69.4 4.2 -66.5 9 44.8
1771.3 80.3 -237.6 162.9 -280.3 -9.4
2304.2 -169.6 -112.4 105.4 -199 -41.3
83.3 184.3 223.7
451.5 63.8 6.4 -70.1 11.3 43.3
1796.3 72.9 -231.3 177.4 -285.7 -1.3
2332.4 -185.9 -111.5 105.4 -194.8 -46.6
85.7 188.8 233.8
455.3 59.8 11.2 -73.4 14.1 42.6
1824.9 65.4 -207.2 184.1 -289.4 14.5
2376.1 -197.3 -112.8 101.8 -166.7 -35
89.9 195.4 239.5
461.3 54.1 19.7 -78.7 19.1 40.8
1853.4 46.4 -176.5 165.1 -288.3 6
2428.6 -192 -91.7 102 -126 -24.8
94.5 205.6 232.2
464.5 54.3 24.4 -77.6 20.3 42.1
1865 41 -168.9 176.2 -304.5 0.1
2473.2 -169.5 -86.8 106.8 -116.6 -13.5
98.8 198.2 210.6
470.1 52.7 30.3 -81.8 23.1 42.8
1895.1 46.8 -152.8 142.1 -304.9 6.4
2539.7 -161.2 -64.9 61.5 -145.5 -11.7
104.1 187.9 198.6
475 54.2 37 -82 26.2 43.3
1930.5 2.7 -109.2 125.9 -295.6 -0.4
2606.6 -166.5 -23.3 27.4 -159.5 -30.4
112.1 181 175.1
483.2 59.7 49.5 -79.3 31.9 45.3
1946.3 -12.9 -103.8 132.5 -296.7 0.2
2666.5 -121.6 24 54.1 -147 -32.4
118.4 173.1 151.2
487.9 67.3 57 -75 34.9 46.7
1971.4 -0.7 -82.1 151.1 -297.9 -14.1
2715.4 -87.7 67.7 93.6 -137.3 -60
120.7 173.8 170.4
490.6 73 61.6 -71.5 37.6 48.7
1978.8 -5.7 -78.6 155 -297.2 -18.2
2744.8 -114.8 68.8 109.2 -139.7 -85.1
122.8 175.7 181.2
492.4 74.5 64.5 -71.3 39.3 49
1985.2 -11.7 -75.8 157.7 -297 -21.8
2764 -124.9 71.9 126.7 -143 -93.5
121.7 177.2 187.9
492 74.9 64 -71.7 40.2 48.7
1990.6 -19.1 -73.3 156.6 -295.5 -27.1
2781.8 -144.3 75.9 128.4 -139 -110.9
120.5 178.2 187.6
491 73.5 62.1 -73.1 39.5 47.9
1996.3 -27.9 -68.5 152.1 -291.7 -32.9
2796.2 -159.4 84 123.3 -127.4 -125.2
winner is: 4
