Regression analysis information for: puertorican_mismatch_declarative-narrow-focus_El-nino-oye-el-rio
number of formants: 3
number of coefficients: 5
54.5 269.6 206.2
435.2 23.6 -47 -4.7 15.1 37.1
1491.8 33.1 -221 307.6 -106.5 -25.9
2118.6 83.6 63.6 150.9 -161.3 -14.1
55.7 262.1 212.3
437.7 14.5 -37.6 -11.1 16 35
1528.3 29.3 -162.3 320.3 -98 -5.6
2179.6 64.6 108.3 137 -147.1 -44.6
55.5 254.8 200.7
436.3 15 -32.7 -13.7 17.7 33.3
1541.9 52.3 -127.6 316 -112.4 5.6
2203.2 62.3 150.9 128.6 -166.9 -46
55.6 250.1 197.9
434.7 13.8 -30 -15.3 18.9 31.4
1555.1 69.6 -115.3 310.6 -128.3 -4
2217.9 63.9 176.7 112.8 -176.2 -66.4
54.8 233.2 204.1
434.9 11.9 -29.3 -18.7 17 29.5
1585.3 56.3 -74.6 311.6 -120.1 4.9
2232.8 53.2 216 98.6 -157.2 -63.7
54.7 217.6 204.8
435.1 12.7 -29.2 -19.5 17.4 29
1619 49 -40.3 313.1 -118.3 15.9
2254.5 42.2 247.1 73.8 -139.9 -57.3
54 207.2 214.3
435.9 12.7 -30.9 -19.9 16.4 30.6
1636.9 49.5 -58.1 281.3 -144.6 -10.7
2291.1 38.6 217.4 84.9 -128.3 -73.6
54.5 205.2 205.8
438.2 10.6 -30.9 -22.9 17.8 30.5
1662.4 29.5 -52.1 255.4 -154.6 -20.7
2330.7 8.5 238.2 69.4 -111.8 -91.2
55.8 199.6 186.9
439.2 10.7 -33.4 -24 19.7 31.5
1687.1 24.1 -48.7 258.4 -167.5 -12.9
2376.7 -19.4 245.8 64.3 -100.5 -106.9
56.1 197.6 181.1
442 10.8 -35.9 -26.7 20.8 33.7
1711.5 14.8 -35.4 251.2 -185.3 5.1
2431.3 -37.1 212.7 69.5 -93.4 -115.9
57.1 196.9 181.7
444.1 11.7 -39.9 -29 22.9 37.3
1738.9 19.3 -13.6 251.3 -195.8 30.2
2503 -32.4 161.8 42.9 -78 -111.8
63.9 200.5 182.2
452.7 6.9 -51.1 -18 17.7 36.1
1765.3 24.5 -0.2 258.6 -207.3 47.1
2562.4 -24.5 124.2 13.4 -90.3 -96.9
59.7 203.9 167.9
449.5 15 -51.9 -31.5 27.5 45.4
1779.1 42.5 19.6 271.7 -196.6 62.2
2596.6 -12.1 92.1 -12.2 -90.4 -51.4
64.2 202.9 149.6
455 16.1 -61.4 -33.2 31.2 51.9
1796.9 60.4 37.1 281.6 -190.1 75.3
2628.6 5 72.4 -15.1 -58 -10.8
71 207.3 142.2
461.5 17.5 -72.3 -36.5 36 60.3
1806.4 60 45 284.6 -194.2 76.3
2650.7 6.4 68.2 -18.2 -40.6 15.4
73.1 211.3 143.6
462.5 19.9 -75.4 -40.9 39.5 65.3
1811.8 58.6 50.4 285.5 -197.6 80.1
2662.8 1 73 -19.5 -36 14.7
71.9 214.5 143
461.5 19.6 -74.1 -38.9 38.2 63.9
1816.5 55.1 56.6 287.8 -200.1 82.9
2672.1 -6 78.2 -20.8 -30.2 12.1
70 214.4 142.8
458.8 19.4 -70.9 -36.2 35.2 61.1
1818.9 52.6 60.3 289.8 -201.1 83.8
2676.4 -11.7 82.1 -22.5 -29.9 6.6
70.8 211.1 145.5
459 16.3 -71.3 -25.2 27.1 55.3
1820.3 58.3 59.5 296.4 -202.8 79.4
2679.5 -11.8 79.5 -25.9 -35 -8.5
73.7 217.1 146.3
460.5 5.6 -56.2 -30.3 31 43.7
1835.6 39.3 83.8 280.5 -189.3 64.8
2694.6 -25 100.3 -44.3 -32.6 -30.9
winner is: 14
