Regression analysis information for: puertorican_mismatch_declarative-broad-focus_Mi-madre-come-la-fruta
number of formants: 3
number of coefficients: 5
91.6 259.2 153.7
564.1 43.7 -34.7 -3 -16 -116
1476.8 120.2 54.7 -47.7 -51.3 -64
2158.1 -27.6 21.9 27.4 -98.6 112.9
95.3 279.5 166
564.8 40.2 -39.5 -0.8 -21.5 -115.6
1494.4 105.1 30.7 -43.6 -75.7 -71.7
2188.3 -21.4 12.7 15.8 -105.5 88.3
96.8 295.1 180.4
565.3 38.5 -42 2.2 -22.2 -118
1503.6 95.9 40.5 -44.8 -76.7 -85.2
2216.9 -19.5 16.9 12.5 -110.6 86.6
101 291.2 192.7
571.1 26.7 -50.9 11.7 -29.3 -123.5
1512.3 36.9 7.1 -25.6 -117 -121.1
2254.4 -70 8.1 10.7 -130.8 99.4
101 284 203.2
573.5 24 -55.3 18.4 -29.9 -123.9
1508.2 5.4 -8.9 5 -128.2 -135.5
2272.8 -103.1 -6 28 -131.2 128.3
100.8 282.6 210.5
574 20.1 -59.1 22.4 -31.5 -126.3
1511.8 -21.1 -16.1 67.8 -110.4 -141.6
2297.4 -142.4 -8.6 60.4 -152.9 153.9
99 291 226.8
569.9 21.8 -56.4 22.3 -31.4 -122.4
1528.4 -8.3 1.9 94.4 -96.2 -106.2
2308.5 -144.9 -9.4 93.1 -165.6 193.4
93.7 279.8 214.3
569.1 22.5 -55.2 19.9 -24.9 -123.3
1564.4 25.1 53.6 140.4 -48.9 -87.6
2335.2 -144.3 5.6 98.2 -151.1 190.3
91.9 280.3 206.6
570.3 24 -59.2 15.6 -17.4 -119.7
1608.7 62.1 9 107.2 -27.9 -44.3
2365.7 -151.5 -18.7 64 -133.8 197.8
96.9 290 200.7
576.4 21.1 -66.4 22.2 -19.1 -124
1642.2 65.6 -8 121.9 -10.7 -38.5
2415 -172.1 -12.7 52.2 -109 161
90.9 291.1 194.9
574.3 24.6 -63.1 15.5 -12.9 -128
1667.9 63.7 -9.5 121.1 -7 -39
2462.7 -157.4 -5.2 43.2 -113.6 125.5
91 297.7 186.4
576.5 24.4 -65.2 15.3 -10.2 -127.8
1686.8 69 -15.5 118.9 -2.9 -26.4
2498 -151.4 -9.6 48.4 -113.8 111.9
92.3 292.1 169.2
577.2 24 -64.5 16.1 -10.3 -128.7
1714.8 67.2 -25 107.1 14.8 -17.7
2543.5 -138.1 -3.3 47.4 -103.7 104.9
92.6 288.6 157.4
576.8 27.4 -64 13.6 -10.8 -128.9
1731.6 76.9 -21.2 91.7 4.3 -13.6
2568.9 -125.2 5 48 -116.5 95
107.1 291.1 158.1
585.5 18.7 -66.7 26.7 -27.7 -121.5
1745.5 66.9 -21.9 97.9 -6.2 0.6
2605.5 -113.1 17 71.4 -144 94.8
122.2 294.4 178.3
593.4 11.1 -70.2 40.2 -41.8 -119
1761.9 47.1 -16.6 106.8 -25.7 22.7
2645.4 -120.3 24 99 -184.2 92.5
135 295 177.2
601.8 2.1 -72.7 53.3 -57.5 -113.5
1781.1 20.2 -6 112.3 -45.8 50.1
2658.1 -125.5 28 95.5 -186.8 108.7
143.4 297.5 185.2
607.4 -4.8 -69.8 54.8 -62.6 -109.5
1794.2 1.5 0.3 115 -57.9 67.6
2674.7 -141.3 28.1 102.2 -200.1 116.6
153.3 295 204.2
615.5 -14.9 -70.3 62.1 -70.5 -108.3
1815.2 -29 11.2 120.1 -78.4 94.6
2702.9 -164.1 23.1 118.8 -218.1 133.7
171.4 298 225.3
626.8 -32.3 -67.6 74.2 -83.9 -107.4
1823.7 -61.2 40.4 137.3 -114.4 99.4
2729.8 -196 24.6 134.5 -239.5 142.2
winner is: 1
