Regression analysis information for: puertorican_match_interrogative-partial-wh_Por-que-abre-el-regalo
number of formants: 3
number of coefficients: 5
60.8 124.7 228.5
617.2 -60.2 -83.4 -28.6 -28.9 98.1
1503.2 10.9 -152.5 31.6 -144.5 -82.6
2039.8 47.9 -4.6 97 -19.2 -156.4
60.8 134.6 240.2
615.6 -59.9 -82.3 -28.9 -30.8 98.7
1503.6 21.8 -143.9 11.6 -139.9 -82
2082.4 34.5 18.1 95.9 -12.1 -174.1
60.4 130.8 232.8
615.3 -59.8 -83 -29.8 -29.1 99.9
1512.9 21.1 -160.8 1.6 -131 -84.6
2131.5 24.4 17.4 70.4 27.8 -194.4
60.4 129.1 207.6
613.7 -59.5 -81.6 -30.7 -29.3 101.1
1512.2 26.8 -166 -6.6 -105.6 -90.5
2164.3 -0.7 48 24.6 57.6 -234.7
61 137.7 206.6
611.7 -56.8 -82.5 -30.4 -30.4 105.1
1509.5 31.4 -170.7 -1.4 -105.1 -80.2
2155.6 58.8 28.8 23 51.3 -226.2
61.5 137.5 190.1
610.8 -56.2 -81.4 -31.3 -30.8 107.3
1509.8 19.1 -156.6 -9.7 -98.1 -73.2
2178.3 51.4 62.1 -27.8 82.1 -214.7
61.2 134.4 176.8
611.2 -58 -76.9 -35.2 -27.9 108.4
1516.1 17 -151.6 -2.4 -91.6 -60.8
2212.7 50.6 48.1 -63.7 115.1 -165.9
61.5 121.7 162.2
611.3 -58.1 -76.3 -33.8 -28.7 107.6
1527.9 -3.3 -155.5 23.3 -101 -55.4
2268.4 22.7 58.5 -80.4 134.9 -143.2
60.9 106.9 153.1
612.7 -57.7 -77.1 -33.2 -28.9 109.7
1549 -14.3 -166.4 48.5 -115.7 -57.9
2330.4 23.3 62.2 -68.3 141.2 -82.7
61.2 108.7 144.4
612.5 -55.8 -77.3 -33.5 -28.4 110.1
1552.3 -10.7 -162 48.8 -130.8 -56.9
2378.6 25.1 65.9 -52.1 121.2 -40.1
60.1 102.5 108.1
614.1 -56 -77.7 -31.6 -30.5 112
1569.9 -17.1 -169.8 60.2 -149.2 -52.4
2429.1 16 53.1 -17.2 104.2 -14.7
59.9 101.2 87.7
615.1 -55 -77.7 -31.2 -31.2 112.5
1582.2 -14.9 -177.6 63.4 -158.5 -58.8
2456.8 7.6 34.8 6.3 93.3 -20.1
59.8 107.2 83
615.5 -54 -77.9 -30.9 -32 112.6
1588.4 -4.7 -179.7 55.1 -169.1 -63
2470.3 10.8 27.7 11.8 87.2 -25.6
61 116.3 84.3
615.1 -54.1 -77.8 -30.4 -30.9 114.1
1599.6 7.6 -183.3 44.9 -190 -80.1
2491.5 31.7 27.4 -0.2 60.7 -43.2
60.7 113 86.4
615.7 -51.9 -77.2 -31.6 -32.4 113.3
1614.7 31.2 -180.7 28.5 -218.5 -104.4
2509 54.5 27.7 -19.4 35.1 -58
61.3 109.7 82.4
615.9 -50.8 -76.8 -32.7 -33.1 113.3
1623.8 46 -179.6 15 -237.8 -119.9
2518.3 68.4 30.6 -30.6 19.7 -69.1
62.5 108.6 77.6
615.4 -51 -76.7 -33.5 -32.5 114.5
1627.7 53.6 -178 6 -246.9 -125
2525.2 78.7 33.8 -39.8 9.6 -76
65.8 110.3 86.8
620.2 -43 -72.5 -35.5 -38.4 105.9
1632.6 63 -172.7 1.6 -253.9 -134.2
2535.9 94.7 42.8 -45.7 -1.9 -92.2
68.9 111.7 90.2
624.5 -36.2 -68.7 -37 -43.1 98.8
1636.1 67.8 -170 -0.9 -257.6 -139.8
2543.3 100.7 45.9 -48.4 -5.1 -97.3
69 111.6 87
624.4 -37.2 -68.3 -36.8 -41.5 100.6
1635.5 63 -172 0 -253.4 -137.1
2546.3 95.4 44.4 -46.5 2.5 -90.7
winner is: 17
