Regression analysis information for: puertorican_match_interrogative-total-yn_Daniel-iba-a-Bolivia
number of formants: 3
number of coefficients: 5
102.3 233.1 206.4
510.9 9.6 2 9.7 30.6 -100.1
1652.7 95.1 -108.4 -240.1 -159.1 186.4
2136 114.4 -59.7 -58.8 -48.5 168.4
102 210.7 217.4
513.2 9.6 5.3 10.7 35 -101.9
1715.6 161 -65.5 -197.8 -125.9 241.6
2183.7 135.2 -45.4 -23.2 -16.5 184.4
99.6 203.2 222
513.4 -0.2 12.1 -0.6 42.1 -109.5
1751.1 178.4 -58.6 -186.8 -104.5 261.8
2239.9 122.4 -69.8 -12.1 29.7 156.4
94.4 204.5 226.3
517.7 -14.7 25.4 -14.1 55.4 -123.8
1757.4 173.7 -50.6 -189 -97.5 233.9
2280.7 93.2 -70.5 -29.1 51.4 102
96.5 202.1 219.2
518.4 -8.8 31.2 -6.5 60.6 -118.1
1761.7 150.8 -55.1 -184.3 -76.7 259.5
2298.5 74.8 -72.7 -39.6 64.7 106
94.1 201.9 216
517.2 -11.1 29.3 -4.7 57.3 -117.6
1762.9 121.2 -82.4 -194.8 -87.5 264.6
2302 58.3 -88.2 -41.9 52.7 121.5
93.7 200.4 224.1
516.2 -12.3 27.9 -3 58.2 -117.6
1763.8 97.7 -87.1 -177.9 -77 277.2
2317.1 34.6 -84.2 -24.5 38.9 140.4
94.1 196.9 230.9
515.3 -13.2 29.1 -2.4 57.3 -115.6
1787.5 104.4 -80 -172.1 -91 279
2338.5 34.5 -70.7 -8.2 19.4 154.7
94.8 193.6 230.3
515.5 -13 29 -1.2 57.3 -115.3
1811.1 118.5 -75 -173.4 -90.8 285
2357.9 46.5 -74 11.1 21.8 153.8
96.4 194.9 211.7
516.3 -12.1 30.2 0.2 58.3 -114.9
1837.6 119.8 -66.7 -169.8 -81.9 294.6
2401.6 40.5 -84 31.1 41.4 131
97.5 204.3 211.2
517.2 -10.6 30.3 1.1 56.9 -114.9
1852 106.5 -77.6 -191.9 -110.9 284.1
2419.8 42.4 -76.4 8 25.9 136.2
102.7 200.4 183.4
518 0.6 30.9 9.7 53.9 -108.4
1874.8 138.5 -54.2 -181.5 -107 287.4
2459.4 56.1 -86.6 20.8 16 136.9
104.4 200.7 167.8
517.8 3.3 30 11 50.7 -107.3
1879 143.9 -50.4 -176.3 -102.4 290.4
2488.6 63 -81.9 22.3 23.9 141.4
106.2 198.3 162.1
519.8 3.9 33 9.6 51 -109.9
1887.6 156.7 -36.7 -172.9 -95.9 296.9
2517.1 81.4 -61 24.2 25.6 138.2
109.9 189.3 146
524 13.9 40 16.5 53.5 -106.2
1905.9 186.3 -19.3 -166.6 -101.6 278.3
2546.4 124.8 -32.4 40.4 11.1 105.5
109.7 185.2 141.4
525.4 9.6 41.5 10.4 52.8 -113.6
1911.2 189.6 -14 -164.4 -91.6 288.9
2557.3 126.3 -18.8 38.6 18.1 98.9
111.9 178.4 124
526.2 14.2 41.6 13.2 50.3 -113.3
1919.1 207.7 -6.1 -154.6 -94.6 289.2
2578.1 153.8 -2.1 42.9 14.8 85.6
112.9 171.9 120.2
530.8 7.6 50.2 5.6 57.5 -121.8
1932.7 221.6 17.1 -143 -76.6 297.8
2600.2 149.4 15.4 27.3 40.2 80.3
116.2 173.2 121.6
534.5 9.7 56.4 7.5 63 -121.8
1937.7 225.8 21.3 -139.1 -76.6 298.7
2614.8 149.9 13.1 17.5 49.5 81.9
116.2 177.8 123.5
535.4 5.5 57.6 4.2 65.3 -124.9
1938.1 217.8 14.4 -145.4 -84.6 293.9
2624.3 145.5 11.7 10.4 54.8 76.9
winner is: 18
