Regression analysis information for: puertorican_mismatch_interrogative-partial-wh_Por-que-oia-el-rio
number of formants: 3
number of coefficients: 5
74.4 203.9 127.5
515.4 26.2 -34.8 -40.7 22.3 44.2
1599.9 -37 -218.9 15.2 -249.9 87.7
2189.9 71.1 0.4 9.3 -103.4 66.2
75.3 215.7 130.6
514.5 26.8 -36.2 -39.3 21.9 42.9
1626.4 -44.8 -252.6 36.7 -248.2 62.3
2214.7 74.8 -16.4 19.3 -102.6 48.3
76.5 204.3 124.6
512.7 27.2 -36.4 -40.2 22.3 41.9
1657.1 -61.5 -281.6 76.7 -259.7 21.1
2246.1 76.1 -68 51 -98.4 9.6
77.2 204.5 130.1
511.1 27.2 -36.2 -41.4 23.4 40.7
1658.8 -69.7 -273.3 79.2 -280.3 17.8
2256.5 56 -58.1 48.3 -71.8 -9.8
77.3 204.9 134.2
510.1 26.7 -35.9 -43.3 24.5 38.9
1645.1 -72.5 -244.1 72.6 -291.7 16.3
2263.1 49.1 -39.4 34 -42.9 -19
77.6 199.3 136.3
509.4 26.7 -35.8 -44.4 25.6 37.9
1643.2 -72.5 -241.5 65.7 -292.1 20.8
2272.9 31.5 -7.3 18.2 -38.1 -11.2
78 188.6 128.2
508.6 27 -35.3 -45.9 27.8 37.2
1640 -47.1 -254.9 55 -255.5 -16.5
2281.1 16.8 -0.8 8.5 -26.4 -28.4
77.7 178.2 114.6
509.5 26.9 -35.3 -45 27.4 38.4
1644.8 -38.6 -271.5 51.4 -244.4 -25.8
2305.9 16.1 5.6 6.4 -34.4 -20.3
77.8 176.7 106.4
510.4 26.9 -35.2 -45.7 28.2 38.9
1667.9 -34.3 -282.5 61.1 -251.4 -31.3
2323.2 20.6 -0.1 1.5 -35.4 -16
77.9 192.2 95.7
511.6 27 -35.2 -46.6 28 39
1687.7 -44.1 -279.9 60.7 -279.2 -11.5
2341.1 14.9 -12 5.1 -35.4 -22.7
78.3 205.1 89.7
513.1 27 -35 -48 28.3 38.4
1730.2 -46.6 -316.8 63.9 -265.8 -12.5
2368.3 14.8 -43.4 1 -17.2 -21
78.7 218.8 94.3
514.6 27.4 -34.9 -49.1 28.1 38.7
1751.7 -51 -324.3 64 -276.8 -1.7
2395.9 14 -55.7 -11.2 -20.9 -18
79.4 223.9 102.7
516.2 28.2 -34.7 -50 27.8 38.8
1762.1 -47.8 -335.9 62 -269.2 -3.5
2423 7.4 -69.7 -10.8 -23.2 -10
80.1 224.5 121.6
517.8 29.1 -34.2 -51.1 27.6 38.9
1768.9 -45 -333.6 59.3 -279 -6.7
2445 3.8 -60.4 -24.8 -31.9 -19.2
81.1 225.7 130.5
519.5 30.4 -33.5 -52.3 27.1 38.5
1772.4 -41.6 -332 57.5 -282.8 -9.1
2454.6 -3.3 -49 -30.5 -26.4 -27.8
83 228.1 138.8
521.3 30.8 -32.4 -54 27.2 37.7
1781 -36.4 -326.1 51.3 -290 -21.7
2466.1 -8.6 -38.5 -42.2 -21.2 -36.8
83.1 229.7 147.6
524.6 26.7 -27.5 -58.9 31.8 34.3
1788 -35.9 -322.5 44.5 -295.8 -35.6
2478.9 -20.9 -23.3 -57.9 -7.9 -51.9
83.1 232.3 153.4
527 23.3 -24.3 -63.5 34.7 30.2
1800.4 -32.6 -311.1 41.4 -296.7 -49.4
2491.5 -31.7 -9.3 -72.5 5.4 -69.1
84 232.5 154.5
527.2 21.3 -24.8 -65.9 34.3 28.6
1807.5 -26.2 -308.8 44.9 -302.5 -57.5
2497.7 -27.3 -8.5 -72.9 5.1 -73.7
85.4 233.5 155.3
527.8 20 -24.6 -66.9 34.5 27.9
1816.9 -22.4 -305.1 49.8 -306.8 -68.1
2510.2 -28.8 0.1 -74.8 5.6 -85.8
winner is: 9
