Regression analysis information for: puertorican_match_declarative-broad-focus_Manuela-vende-el-carro
number of formants: 3
number of coefficients: 5
103.7 232.3 161
553.9 9.6 37.8 -57.1 -87 60.3
1441.3 -72 -135.8 -12.1 -84.6 49.5
2028.5 -98.2 9.3 107.3 34.4 -33.3
110.7 203.1 173.8
561.9 1 31.1 -40.8 -99.6 60.5
1480.2 -88.1 -181.2 27.7 -63.3 13.9
2074 -100.4 -29.2 125.1 37.3 -47.9
119.2 164.3 191.8
571.4 -10.2 24.4 -23.6 -112.2 60.5
1520.7 -104.2 -235.6 73 -24.8 -21.1
2113.5 -111.9 -63.1 157 50.7 -55.7
139.5 160.9 206.9
590.4 -33.8 11.2 15 -145.1 60.4
1533.8 -101.5 -236 99.8 -17.8 -19.4
2144.4 -121.7 -94.4 208.2 53.6 -53.7
146.3 162 220
594.9 -40.8 6.7 25.3 -154.1 60.3
1540.8 -99.5 -231 104.1 -16.8 -10.4
2154.9 -114.4 -92.6 218.2 54.9 -52.2
157.9 150.4 221.8
607.7 -60.5 1.4 46 -176 66.7
1566.2 -116.7 -250.8 134.8 -6.7 -35.3
2172.4 -127.7 -90.5 241.4 47.8 -72.8
155.6 147.8 219.9
609.4 -63.9 -1.3 49.5 -177 62.9
1586.6 -97.6 -234.9 156.9 17.4 -8.8
2193.8 -132.8 -82.1 247.2 60.9 -66.7
162.1 157.1 217.5
615.7 -72.9 -4.7 59.2 -187.6 63.2
1588.2 -97.7 -239.9 144.6 6.7 -2.4
2202.3 -147.5 -98.6 242.4 61.6 -81.3
164 149.4 220.1
614.9 -71.7 -1.3 56 -185.2 63.4
1613.5 -93.2 -232 166 11.5 9
2241.2 -149.7 -130.5 214.7 58.3 -57.1
168.6 148.8 212.5
623.4 -78 -3.9 64.6 -194.2 62.6
1637.4 -86.6 -230.6 171.4 27.2 35.5
2296.6 -139.7 -164.6 172.3 31.4 -18.8
172.2 150.3 201
628.4 -81.9 -2.2 71 -200 64.5
1653.8 -100.6 -224.3 173.5 10.8 45.5
2356.7 -132.4 -167.3 137.6 -17.2 10
177.3 154.2 194.4
638.6 -85.4 -2.2 81.1 -210.9 63.8
1673.1 -95.7 -212.3 182.9 9.8 56.6
2417.6 -80.2 -167.6 114.1 -36.5 20.3
178.1 154.8 178
643.1 -80.3 4 82.8 -209.5 63.6
1693.1 -82.4 -193.7 196.6 20.5 74.9
2473.1 -36.6 -156 103.2 -43.2 42.7
183.6 160.2 178.4
650.5 -79.2 8 89.5 -211.7 59.6
1697.5 -96.2 -197.7 188.4 5.9 63.7
2502.1 -18.7 -137.3 118.4 -45.4 37.5
186.2 159.2 181.3
654.8 -78.1 14.8 90.1 -209.1 58.5
1714 -79.6 -173.6 206.9 21.9 75
2527.4 -7.7 -121.9 142.9 -37.6 35.3
188.9 162.2 173.1
657.1 -78.3 19 90 -206.5 57.4
1718.9 -79.8 -161.2 208.3 23.2 77.3
2559.5 20.4 -93.7 170.7 -24.1 23.8
190.7 162.2 172.4
657 -77.8 18.7 91.4 -206.4 55.5
1722.4 -74.6 -168.5 218.2 28.6 75.3
2567 29 -93.5 174.2 -8.4 16.4
194 166.8 174.6
657 -81.8 19.9 87.3 -204.6 53.9
1726.9 -75.4 -163 226 35.7 73
2575.5 20.1 -87.3 180.3 -3.2 14.3
196.4 173.1 183.2
659.8 -89 17.3 89 -204.9 44.8
1733.6 -86.5 -158.3 224.2 45 58.9
2584.8 10.1 -90.4 188.1 4.1 6.5
197.4 176.7 185.3
661.7 -96.9 19.3 85.5 -205.2 45.3
1734.5 -101.2 -162.1 218.4 38.7 54
2590.3 -7.5 -97.9 189 0.3 7.5
winner is: 3
