Regression analysis information for: puertorican_mismatch_declarative-narrow-focus_El-bebe-comia-muy-bien
number of formants: 3
number of coefficients: 5
65.9 282.2 137.5
441.5 72.4 -29.1 -20.6 24.3 19.6
1238.7 224.7 80.4 -164.2 147.9 -187.8
2162.4 -229 93.7 -100.8 3.3 58.9
64.7 350.9 155.8
440.4 73.8 -32.4 -22.1 28.5 22.6
1308.5 196.4 44 -47.3 89 -179.1
2210.6 -216 93 -79.1 -24.2 37.2
60.7 382.4 173.8
444.6 74.9 -40.4 -28.1 29.7 29.5
1404.1 151.7 1.3 40.7 -1.6 -97.2
2267.5 -187 83.4 -87.1 -54.2 62.3
57.9 393.4 189.7
447.4 76 -43.2 -31.5 28.5 35.6
1482.4 90.7 -37.6 107.5 -86.2 -15.1
2314.9 -172.3 57.5 -81.9 -51.6 105.9
56.7 404.1 206.5
451.4 76.6 -47.8 -36.1 25.3 41.4
1493.5 -1.3 -84.5 118.7 -108 41.2
2315 -205.7 45.3 -68.9 -23.4 146.7
58 382.6 203.8
450.9 73 -49.8 -36.6 23.8 42.1
1499 -92.4 -141.7 123 -161.8 6
2308 -253 23.9 -53.9 -7.4 154.8
55.7 361.7 198
453.7 74.8 -50.3 -36.4 25.9 45.1
1534.6 -128 -141.2 130.1 -188.2 -8.8
2321.9 -271.1 12 -46.4 -3.7 153.5
58.6 386.9 203.1
450.7 70.7 -49.4 -36.4 22.1 43.5
1585.6 -128.9 -82.8 134.6 -157 -13.1
2350.1 -259.3 35.6 -42.8 3.8 150.7
57.1 361.3 196.4
453.4 70.1 -45.2 -30.9 24.8 43.4
1664.9 -149.6 -36.8 156.4 -100.8 -45.4
2398.7 -252.7 42.9 -33.6 10.7 120.2
58.2 335.6 173.6
453.9 68.3 -45 -30.5 25.2 43.5
1710.7 -132.8 -2.4 177 -95.4 -51.3
2451.2 -208.6 55.4 -45.4 -18 75.3
61.7 308.7 140.3
452.7 67.1 -43.3 -29.8 24.2 40.4
1767.2 -106.8 54.4 205.9 -72.7 -6
2508 -159.6 93.9 -30.1 -1 76.2
64.9 261.8 111
454.3 65.2 -38.9 -28.1 21.9 41.8
1837.6 -180.2 128 204.4 -37.7 31.2
2549.2 -164.9 113.4 -24.2 20.3 65.2
67.9 250.4 102.7
454.5 63.6 -36.8 -27.8 20.9 41.2
1850.8 -176.2 122.5 208 -50.1 38.1
2568.3 -154.7 102.7 -29.3 19.4 46.8
70.3 236.7 100
454.2 61.7 -35.1 -26.9 20.9 40.6
1880.9 -224.5 157.1 178.9 -26.8 30.9
2587.7 -168.8 98.4 -37.2 37.1 38.9
73.2 213.9 103.6
454.8 62.2 -35.6 -29.4 19.8 41.2
1911 -266.4 190.1 148.1 -23.7 42.6
2607.5 -173 94.1 -52.7 42.7 40.8
77 195.7 110.1
458 65.1 -38.5 -37.2 15.5 44.5
1930.1 -300.7 216.5 132.5 -23.7 54.3
2621.2 -172.5 86.4 -68.4 42.8 43.5
79.2 195.7 121.9
459.2 67.5 -41.2 -41.9 14.4 47.1
1939.5 -304 220.7 109.7 -27.3 58.2
2630.2 -171.5 74.8 -86 42 48.8
81.6 198.2 132.9
464.2 74.5 -47.9 -54.2 8.9 51.8
1951.2 -306.2 219.5 86.7 -30.3 62.5
2641.8 -169.8 67.2 -103.8 41.4 46.7
82.1 194.5 142.5
464.1 75.8 -49.9 -55.8 9.9 53.3
1963.8 -312.3 224.1 61.2 -25.2 66.5
2652 -166.3 62.9 -113.9 40.8 46.4
82.7 193.8 154.9
471.2 84.1 -59.9 -71.3 5.5 63.2
1982.6 -302 205.5 31.9 -31.1 88.6
2667 -152 44 -131.5 31.9 61.5
winner is: 16
