Regression analysis information for: puertorican_mismatch_declarative-narrow-focus_La-nina-lava-el-plato
number of formants: 3
number of coefficients: 5
89.4 338.1 169.2
524.5 13.9 -30.2 -16.7 32.1 86.6
1359.6 108.1 -123.7 46.9 35.1 -97.2
2171.5 -9.2 -18 6.6 -14.8 -94.4
81.8 329.9 187.5
533.4 7.5 -26.8 -20.4 24 97.2
1460.7 148.5 -113.3 28.7 -81.6 -114.6
2241 7 -17.1 13.9 -61.6 -69
78.3 308.6 201.1
539 4.5 -23.1 -28.1 17.3 100.1
1537.8 188.4 -81.9 -6.2 -154.9 -127.4
2300.6 43.9 -3.7 -10.6 -107.6 -62.4
78.4 288.5 197.3
543.6 7 -26.8 -22 14.3 102.5
1592.4 244.4 -58.7 10.2 -174.5 -119.5
2336.4 75 21.5 5 -137.9 -54.3
80.9 295.5 196.1
552.4 -2 -33.3 -12.1 1.8 92.8
1618.6 231.4 -74.3 6.5 -215.9 -148.1
2347.2 80.1 40.8 3.5 -175.2 -93.8
82.1 313.1 208.3
556.1 -9.8 -25.5 -17.4 11.6 87.4
1633.2 199.8 -62.5 -0.3 -215.2 -136.7
2360.1 77.6 63.4 -7.1 -161.9 -110.4
84.3 318.9 209.8
564.8 -24.5 -15.2 -25.4 18.2 76.3
1660.2 175.5 -44.7 -20.3 -239.9 -163.9
2384.3 51.1 82.3 -16.8 -158.2 -145.1
91.1 322 195.2
574.5 -41.3 -15.3 -20.5 17.7 64.9
1674.6 112.5 -31.7 -11.5 -229.1 -167
2425.3 -0.4 86.7 -7.1 -156.3 -154.6
86.1 304.8 177.4
572.7 -40.8 -5.9 -35.7 30.3 63.4
1701.4 93.5 -34.6 0.6 -217.4 -179.5
2456.8 -35.2 72.9 4 -150.9 -117.1
88 301 168.5
572.4 -41.3 -3 -38.5 31.3 63.6
1717.9 76.6 -41.3 -4 -216.6 -202.9
2473.5 -55 58.6 -0.5 -139.3 -107.7
94.7 294.8 165.2
576.3 -42.1 -8.6 -37.5 36.5 54
1745.6 82.7 -35.1 -10.5 -209.3 -188.2
2504.2 -62.1 46.3 0.7 -132.6 -97.6
104.7 291.1 173.8
580.8 -45.1 -18.5 -25.4 32.9 48.9
1768.1 86.2 -51.5 -6.9 -211.2 -177
2528.8 -61.6 20.5 3.9 -131.9 -88.6
115.9 298.8 175.2
585.8 -47.7 -24.9 -9.6 29.6 42.1
1788.6 108.6 -52.9 20.9 -199 -172.7
2560.6 -50 11.2 17 -122.3 -83.9
119.4 288.8 161.1
588.1 -56.1 -26.8 -12.4 35 39.3
1836.3 140.9 -31.2 27.6 -165.4 -138.2
2606.9 -28.4 11.6 15 -95.5 -58.4
134.7 265.5 161.4
602.2 -67.1 -30.3 7.7 32.5 25.9
1880.1 175.9 1.4 49.8 -148.7 -159.3
2649.5 -21.4 18.3 31.3 -94.3 -63.4
139.5 267.8 171.1
606.7 -74.8 -30 12 35.5 19.1
1891 147 1.2 23.5 -143.9 -181.1
2672.1 -47.3 9.1 18.4 -98.6 -65.4
152.4 276.8 181
614.4 -84.7 -36.1 27.9 29.9 11
1889.3 134.9 -12 22.6 -153.6 -197.3
2681.4 -53.3 4.5 30.9 -104.8 -67.2
164.5 282.6 199.2
621.6 -90.8 -51 52.2 21.3 0.9
1891.3 140.6 -24.4 49.4 -164.8 -190.6
2697.1 -69.5 5 43.3 -100.5 -82.4
165.6 284.8 204.1
620 -89.5 -56.1 59.5 17.4 2.2
1896.2 138.8 -25.5 67.7 -172.7 -180.8
2701.7 -73.2 4.2 55.6 -99.7 -81.3
163 286.1 215.5
618.1 -88.7 -57.4 58.8 21.1 0
1896.4 137.6 -27.7 82.4 -172.1 -172.4
2712.9 -85.7 -7.6 82.2 -105.3 -92.1
winner is: 11
