Regression analysis information for: puertorican_match_interrogative-partial-wh_Por-que-iba-a-Bolivia
number of formants: 3
number of coefficients: 5
72 138.3 225.9
552 8.3 -59.3 -64.8 109.9 -0.6
1468.1 -139.8 128.6 -24.1 -331.9 -43.7
2064.1 -21.5 -48.9 86.1 -230 -160.5
72.4 136.1 243.6
551.3 8.1 -59.5 -63.7 113.3 -0.7
1490 -149 129.4 -26.9 -346.3 -33.5
2109.1 -35.2 -28.2 108.6 -210.5 -139.4
71.2 140.1 256
550.9 9.2 -62 -64.5 115.5 1.1
1503.7 -144.5 116.3 -34.4 -349.7 -18.7
2143.8 -54.4 -19.7 121.5 -210.8 -117
73.2 158.2 262.2
546.5 11.3 -68 -61.7 112.9 2.6
1500.3 -138.5 111.6 -24.6 -352 -12.2
2141.5 -49.1 -11.4 149.8 -203.1 -113.3
72.5 169.6 260.1
544.1 12.3 -63.8 -56.2 114.8 2.1
1456.5 -132.1 122.5 -24.4 -297.1 -5.6
2122.5 -15.3 -4.7 156.3 -153.7 -112.9
72.5 164.1 250.7
541.6 12.1 -61.5 -54.4 113.4 0.6
1447.9 -124.3 118.5 -32.9 -282.6 -10.7
2126.7 17 -0.6 149.3 -136.4 -110.6
71.3 135 243.2
543.7 14.2 -68.2 -55.1 115.5 5.8
1476 -140.4 108.4 -26.7 -300.2 11
2175.5 27.6 11.3 144.4 -106.7 -75.4
72.5 120.4 231.2
543.5 16.2 -70.8 -52.9 114.4 7.2
1498.4 -145.1 110.5 -27.8 -317 10.7
2207.7 40 12 149.2 -77.3 -81.8
72.8 114.9 217.8
543.5 15.5 -68.4 -53 113.8 3.7
1519.5 -161.8 127 -25.3 -336.6 -4.2
2242.3 35.6 43.7 159.6 -39.4 -92.8
74 115.5 207.8
543.6 13.2 -65.2 -51.5 110.9 1.2
1556.4 -174.7 122.4 -22.5 -380.1 14.4
2302.2 24.9 15.2 135.4 -18 -44.9
78 121.8 146.6
554.4 23.3 -66.7 -56.5 109.2 -5.7
1597.6 -153.8 90.5 -49.3 -384 24.4
2405.4 24.2 -68.5 72.4 12.6 26.4
80.6 115.6 105.9
559.9 28.9 -68 -57.3 107.5 -10.3
1626.8 -138.1 75.9 -71.7 -404.1 29.9
2482.9 27 -96.3 65.5 26.4 70.4
83.4 117.2 105.9
563.8 34.2 -66.5 -57.8 103.3 -16.5
1638.2 -126.1 75.8 -82.6 -418.6 24.2
2507.1 33.1 -91.1 58.5 3 57.3
86.1 114.7 109
567.1 39.6 -65.2 -57.1 99.5 -22.2
1655.5 -106.8 73.3 -101 -445.8 8.4
2519.7 43.3 -86.4 54.8 -8.4 38.4
89.2 117.5 115.7
569.2 45.6 -64.2 -55.6 95.4 -26.8
1655.3 -106.9 75.5 -96.4 -445.5 4.4
2524.3 50.4 -82.3 57.6 -10.6 30.7
91.2 116.8 112.8
567.5 47.3 -66.7 -52.1 93.5 -25.1
1657.8 -104.2 72.3 -101 -450.3 4.5
2532.9 58.5 -84 48.6 -16.6 28.7
91.4 120.8 122.7
572 36.2 -56.3 -61.4 104.9 -35.5
1661.1 -113.2 81.1 -107.9 -441.5 -4.2
2542.9 47.4 -64.7 36.6 -0.1 7
100.4 128.4 140.5
581.1 41 -42.7 -67.7 103.8 -54.3
1667.6 -110.3 92.7 -113.3 -439.9 -20.4
2556.3 58.4 -47.2 31.1 -1.3 -17.7
99.9 125.1 135.7
579.8 30.6 -40 -72.2 111 -54.5
1666.3 -112.7 95.1 -113.5 -437.2 -21.4
2555.4 50.8 -42.1 30.5 7.2 -19
107.6 129.9 146.4
586.3 35 -29.8 -77.6 106.9 -68.7
1671.7 -107.8 104.4 -114.5 -438.1 -34.5
2564.3 59.3 -24 29.8 2.4 -38.5
winner is: 12
