Regression analysis information for: puertorican_mismatch_declarative-narrow-focus_Mi-novio-viene-del-lago
number of formants: 3
number of coefficients: 5
78.7 179.2 164.5
538.3 -39 -36.2 29.2 -19.6 36
1502 100.7 -234.2 182.1 -44 61.7
2128.8 44.1 -44.6 15.5 -13.6 -1.4
76.4 191.7 189.2
538.4 -37 -32.4 31.9 -16.8 38.5
1515 141.8 -212.5 188.1 0.3 69.6
2173.8 60.3 -12.2 39.5 -10.6 18.8
76.7 215.3 225.6
536 -38 -31.2 31 -15 40.2
1508.3 153.5 -186.1 177.7 21.1 75.1
2190 78.9 9 68.6 11.2 23.7
75.5 224.9 255.1
534.4 -39.7 -29.6 33.7 -13.7 41.2
1494.1 166 -154.4 174.4 26.9 101.7
2182.8 88.8 14.2 97.3 64.3 34.3
74.8 240.2 271.3
533 -42.7 -30.2 30.3 -12.1 41.6
1479.9 150.3 -132.3 158.4 1.4 114.1
2188.6 96.4 46.8 88.6 81.8 27.3
72.2 213.8 260.5
535.3 -43.8 -26 29.4 -10.3 39.6
1501.9 155.1 -93.7 191.8 -9 134.3
2190 84.9 81.3 98.3 99.6 24.5
70.7 210.2 251.4
537.4 -45.5 -21.4 27.8 -6.1 37.9
1521.4 144.8 -61.3 189 6.8 109.4
2219.1 77.4 140.6 60.9 112.1 -11.5
70.2 199 225.7
539.6 -45.3 -19.4 26.1 -5.7 36.1
1563.8 187.4 -40.7 190.8 1.4 89.4
2254.6 108.1 167.8 52.6 59.6 -16.7
70.7 200.4 212
540.3 -44.9 -19.8 24.9 -6.2 34.4
1588.5 184.2 -73.1 204.5 9.2 70.9
2307.4 84.4 171.5 59.1 25.4 -43.5
71.8 190.2 189.5
541.4 -45.3 -20.3 24.1 -7.5 34.1
1630.7 179.9 -125.4 227.1 41.3 61.1
2373.3 51.1 136.7 85.3 22.5 -50.5
73.5 188.6 169.1
541.3 -45.7 -20.8 22.5 -9.7 32.4
1646.6 184.6 -148.3 226.3 61.1 66
2428.4 40.2 93.2 79 40.8 -37.5
75 179.4 138.8
540.3 -44.3 -25.4 21.2 -10.6 31.4
1664.4 199.5 -169 229.7 86.5 69.9
2478.2 51.8 66.6 79.6 47.7 -41.6
75.5 179.6 116.1
540.9 -48.7 -26.1 18.1 -12.1 30.5
1671.4 195.7 -165.3 228.6 92.7 65.6
2512.7 48.8 49 78.1 52.5 -60.8
75.9 178.7 105.6
540.6 -51.9 -27.3 15.3 -12.3 28.9
1673.8 198.6 -170 229.5 93.8 73.2
2527.3 42.1 29.6 83.2 65.9 -63.8
76 182.2 101.8
539.8 -54.6 -28.7 12.7 -12.6 27.2
1674.3 191.6 -170.6 221.1 95.4 66.5
2539.1 38.2 23 81.7 80.4 -79.8
76.3 182.9 100
539.2 -56.5 -29.5 10.9 -13 26
1673.3 194 -173.3 222.9 94.1 69
2543.3 35.2 18.2 81.8 86.2 -86.3
76.3 185.5 105.1
538.6 -58.3 -30.1 9.5 -12.8 25.2
1674.7 189.8 -171.3 218.9 98.6 66.3
2544.2 23.1 18.3 70.3 87.8 -95.4
76.3 189.1 108.9
538.5 -60.1 -29.7 8 -12.5 24.4
1678.3 190.4 -164.7 219.1 104.2 67.6
2550.8 24 29.7 69.5 96.1 -95.1
76.3 190.3 109.6
539.5 -63 -27.9 5.2 -11 22.3
1685 186.3 -152.7 214.8 114.6 64.8
2558.7 18.3 42.7 63.7 106.3 -97.9
75.4 193.7 112.2
541.7 -67.3 -24.3 0.8 -8 18.8
1694.4 171.8 -139.3 199.4 125.4 51.6
2564.2 -0.2 48.8 44.2 108.1 -112.9
winner is: 16
