Regression analysis information for: puertorican_match_interrogative-total-yn_Marta-abre-el-regalo
number of formants: 3
number of coefficients: 5
108.3 198.9 307.8
633 1.5 -66.2 -6 -41.7 50
1379.6 -23.8 -170.9 53.6 -92.2 -105.6
1970.8 -36 -63.9 71.2 -5.8 -148.4
110.2 193.7 322.6
631.6 4.1 -62 -9.6 -42 51.9
1402.5 -29.4 -150.1 61.7 -97 -95.9
2050.2 -59.3 -67.6 31 19.8 -126.9
110.6 173 324.4
631 2.3 -60.5 -9.9 -40 56.6
1427.1 -54.4 -154.8 66.1 -131.7 -84.2
2112.1 -85.1 -76.8 7.6 13.3 -104.1
114.5 169.8 333.5
627.8 5.6 -51.4 -15.8 -49.8 59.6
1436.6 -47.1 -126.2 44.5 -172.9 -71.3
2148.3 -79.9 -58 -10.2 -7.9 -83.5
113.6 144.1 327.1
628.9 9.1 -54.5 -19.5 -43.7 60.8
1463.2 -38.4 -123 39.1 -176.6 -44.6
2182.6 -82.7 -55.7 -42.1 18.8 -83
107.2 116.9 321.4
633.9 8 -60.5 -15.3 -40.3 63.4
1490 -15.6 -127.5 46.5 -192.4 -41.7
2219.3 -48.4 -77 -60.6 1.4 -84.4
107.9 117.3 304.6
633.4 10.4 -61.9 -13.9 -36.7 63.6
1499.7 4.3 -128.1 23.7 -191.5 -52.9
2245.6 -28.4 -88 -85.3 11.3 -75.8
105 96.4 270
636.1 11.6 -62.4 -13.6 -37.8 64.4
1524.2 14.2 -132.6 34.4 -202.2 -55.4
2301.8 -22.4 -95.9 -125.9 -4.1 -44.6
105.1 77.2 208.1
636.3 12.6 -62 -11.7 -36.2 65.9
1543 2.6 -154.8 63.9 -196.4 -73.2
2366.2 -67.5 -105.5 -137.4 5.2 -12.8
106.3 72.2 163.7
636.5 13.7 -59.6 -8.9 -34.4 67.5
1552 3.7 -149.7 65.7 -204.3 -76.8
2421.1 -71.1 -78.5 -141.1 2.1 -4.2
107.3 73.8 140.6
636.2 15.6 -57.7 -8.1 -33.2 68.4
1552.4 3.7 -152.8 71.8 -195.1 -75.2
2454.8 -57.9 -75.9 -122 -2 -10.7
107.8 68.1 110.8
637.1 17.8 -55.2 -6.6 -33.5 69.3
1562.1 9.3 -146.4 79.2 -201.8 -75.1
2500.2 -26.2 -54.6 -92.6 -11.6 -19.2
108.5 68 96.4
637 19.1 -53.3 -6.1 -33.3 70
1565.3 15.4 -140.4 83.4 -200.4 -72
2540.2 28.1 -16.4 -60.8 0.4 -21.9
109.2 70.4 97.3
636.7 20.3 -51.9 -5.9 -33.2 70.4
1571.3 27.7 -129.7 93.1 -190.7 -63.6
2567 64.5 6.3 -43.8 8.3 -24.9
109.6 74.8 96.7
636.4 21.3 -51.2 -6.2 -33.3 70.6
1571.8 31.4 -127 91.9 -189.8 -62.3
2581.4 84.7 20.2 -39.5 7.8 -31.5
109.7 82.5 96.4
636 21.9 -50.8 -6.5 -33.7 71
1577.9 44.9 -114.3 101.5 -178.8 -49.8
2593.1 100.5 31.5 -36.5 8.8 -33.9
109.7 87.3 97.4
635.7 22.5 -50.5 -6.4 -33.7 71.5
1579.5 48.5 -111.1 101.7 -177.7 -47.5
2597.7 104.1 33.3 -40.9 6 -34.6
109.6 91.9 100.2
635.4 23.3 -50.5 -5.9 -33.9 72.6
1582.3 53.1 -107.6 103.6 -175.8 -45.3
2602.8 108.7 35.3 -44.8 4.9 -35.7
110.2 98.8 109.8
637 19.1 -46.6 -9.8 -29.6 69.5
1587.6 45.7 -102.8 95.5 -171.2 -54.4
2610.8 108.1 38.3 -54.3 7.2 -41.4
111.9 107.8 123.5
638.2 14.8 -43.1 -13.5 -25.3 66.7
1595.8 42 -94.7 93.2 -162.6 -60.3
2625.1 116.6 52.4 -50.2 24.4 -36.6
winner is: 13
