Regression analysis information for: puertorican_match_declarative-broad-focus_Ana-lleva-el-abrigo
number of formants: 3
number of coefficients: 5
68 203.3 140.2
555.2 126.4 54 94.9 61.8 -45.2
1609.6 51.9 -135.4 -57.7 -192.5 261.4
2183 -115.3 -29.8 -111.6 -12.9 62.1
68.3 210.6 131.1
554.1 127.9 55.5 94.3 62.4 -45.1
1618.1 64.8 -138.4 -77.6 -189.8 248.6
2218.1 -135.7 -3.3 -131.7 22.3 30.8
69.5 222.4 158.7
551.2 130 56.6 92.1 64.8 -45.8
1617.6 85.1 -145.3 -95.4 -182.8 237.6
2219.2 -103.3 -9.7 -131.2 29.9 31.1
68.3 225.3 175.5
549.7 128.9 56.9 92.3 63.7 -44.5
1619.7 88.6 -136.9 -109.6 -187 238.3
2212.4 -89 34.1 -152.6 11.5 52.7
67.9 221.8 191.6
547.6 127.4 53.6 93.6 60 -44.3
1613.3 66.8 -136.1 -66.6 -193.6 249.3
2201.2 -63.3 33.3 -147.6 -37.4 98.8
67.4 224.7 187.6
544.4 122.9 49.3 90.6 56.4 -46.5
1603.2 53.1 -128.6 -61.4 -179.9 259
2196.7 -112.5 19.4 -192.9 -89.2 92.9
67.2 222.4 169.8
542.4 119.5 45.6 88.7 53.6 -47.3
1609.6 34.5 -131.9 -61.4 -180.7 265.9
2206.4 -158 0.3 -214.8 -108.5 89.4
67.4 221.4 159.8
541 118.1 42.4 87.2 51.2 -48.8
1615.6 15.2 -135 -42.4 -183.2 275.7
2220.4 -189.4 -34 -197.1 -95.7 90.8
67.9 218.8 134.3
541.3 118.8 41.4 87.1 50.6 -49.9
1624.3 7 -139 -34.5 -184.9 286.2
2261.3 -225.8 -56.8 -185.7 -58.5 82
68.5 213 117.4
542.3 121.2 42 87.9 51.6 -49.9
1638.9 22.3 -150.4 -52.3 -198.4 293.8
2304.7 -228 -92.6 -163.4 -42.1 88.7
70.6 215.1 97.9
541.9 124.4 41.4 91.7 54.7 -47.5
1652.8 34.2 -150.6 -58.5 -216.1 285.1
2345.5 -226.2 -127.1 -122.3 -18.7 47.7
70.7 214.9 114.1
546.4 130.6 45.3 91.8 53.6 -50.4
1692.1 22.3 -114.8 -95.9 -229 257.7
2388.1 -210.4 -94.6 -113 -0.1 40.9
70.6 221.7 135.2
549.6 134.8 49.9 93.6 56.2 -50.1
1702.3 25.7 -104.7 -102.1 -229.9 249.2
2426 -162.9 -47.9 -80.1 35.6 49.8
71.9 198.9 138.1
553 143.3 53.7 96.9 56.6 -51.1
1729.9 68.9 -95.5 -124.6 -272.7 202.9
2474.8 -86.1 -9.2 -78.2 15.3 15.6
71.1 188.1 140.8
557.2 148 60 98.8 59.1 -51.4
1746 80.9 -84.1 -140.6 -288.8 181.6
2502.2 -53.7 25.6 -72.8 23.7 12.8
69.9 188 132.7
561.4 155.3 66.2 102.6 61.2 -52
1751.1 89.7 -78.2 -136.7 -287.2 182.1
2523 -26.9 55.3 -60.7 36.9 12.9
69.6 189.9 135.5
566 163.2 73.3 107 63.4 -52.9
1757.6 85.6 -70.7 -143 -285.2 181.2
2535.3 -27.6 74.5 -63.5 48.2 10.7
71.1 192.7 123.9
569.3 168.7 78.7 110.6 65.7 -53
1759.4 84.3 -72.1 -145.5 -287.5 182.8
2554.9 -3.4 101.5 -54.2 57.7 4.9
72 192.4 120.6
570.9 170.9 81.4 112.7 67.3 -53
1763.9 88.7 -67.9 -143.3 -287.5 183.3
2574.1 5.4 124.8 -54.9 66.7 7
72.7 193.2 127.9
570.8 169.7 81.5 113.2 68.5 -52.4
1765.7 86.7 -68.1 -141.8 -288.6 185.3
2582.6 -6.1 129.6 -67.3 68.5 9
winner is: 11
