Regression analysis information for: puertorican_match_declarative-broad-focus_Marta-abre-el-regalo
number of formants: 3
number of coefficients: 5
115.4 218.2 177.8
551 33.8 2.1 -79.3 -62 120.6
1473.7 191.6 -185 106.7 -54.9 -151.2
1994.9 156.5 -171.6 164.2 -132 -76.5
119.6 190.5 212.3
550.2 38.8 0.8 -78.8 -59.5 117.7
1513.2 175.5 -195.5 140.7 -104.5 -153.9
2065.5 134.9 -145.7 125.3 -138.5 -72.7
118.3 186.6 248
555.9 30 6.3 -79 -62.2 122.9
1532.8 142.1 -186.9 140.5 -97.8 -162.5
2145.3 47.7 -76.7 52.6 -99.7 -76.4
116 194.4 262.7
559 26.7 10.1 -81.2 -65.2 123.4
1540.6 151.6 -166.9 120.8 -98.3 -160.9
2195.9 38.4 -56.1 18 -104.6 -54.8
114.8 190.7 271.8
557.9 25.7 10.4 -83 -64.6 121.6
1548.8 159.5 -168.1 129.2 -118.8 -168.9
2226.3 23.7 -12.2 -5.3 -97.1 -72.7
113.5 181.7 268.4
558.5 17.7 13.2 -82 -65.3 120.9
1557.9 136.4 -148.5 145.2 -95.7 -172
2246.8 -30.9 49.9 -53.5 -28.7 -120.2
110.2 176.7 254
557.8 11.3 11.9 -85.6 -66.8 121.7
1581.1 130.5 -129.8 177.5 -117.4 -171.4
2260.9 -89.7 66.9 -66.8 -23.2 -147.9
107.8 166.2 222.8
557.5 7 11 -84.6 -66.2 120.3
1611.9 93.6 -139.9 222.6 -148.7 -162.9
2265.4 -195.6 49.3 -55.8 -24.1 -180.7
106.6 151 199
556.9 4.4 9.7 -83.8 -67.4 121.4
1633.7 90.7 -145.4 224.2 -159.9 -138.7
2292.2 -229.5 48.7 -39.7 -23.6 -174.9
106.9 133.2 180.5
557.9 5.4 8.6 -83.9 -67.6 126.9
1658.3 87.8 -137.5 245.1 -171.7 -111.3
2354.8 -208 33.6 -36.1 -22.6 -146.1
122 129 167.2
568.1 -2.7 -9.5 -59.5 -69.8 103.9
1674 85.6 -140.9 255.9 -183.7 -113.4
2418.8 -185.8 24.3 -40.4 -26.2 -102.6
135.3 120.1 150
582 -6.8 -24.6 -39.3 -69.4 90.3
1692.7 98.7 -141.4 263.9 -190.1 -120.1
2476.5 -148.7 12.4 -44.8 -11 -76.6
143.3 115.3 131.9
586.2 -6.8 -31.2 -31.9 -68.9 84.2
1701.6 107.7 -141.7 266.5 -190.6 -120.2
2524.2 -120.1 -2.3 -65.7 -3.1 -47.5
147.5 107.8 123
589 -2.7 -32.8 -29.1 -66.9 80
1706 121.4 -134 267.3 -189.4 -119.7
2551.7 -79.8 -1.5 -79 0.3 -32
145 107.9 117.1
587.3 2.4 -30.1 -33.8 -65.4 82.5
1707.8 122.4 -138 266.7 -192 -123.8
2569.2 -54.7 4 -81.2 4.5 -15.6
148.6 101.6 109
588.9 4.1 -31.5 -32.6 -64.6 79.8
1714.5 131.9 -133.8 271.3 -191.5 -128.7
2591.4 -23.3 28.5 -65.3 8.7 -18.5
150.2 102.3 113.2
589.3 5 -32 -32.7 -64.7 78.2
1716.9 132.3 -135.6 272.1 -192.6 -132
2595.7 -26.8 28.9 -62.1 8.6 -18.3
154.9 106.5 116.2
591.2 3 -35.2 -29.9 -65.1 73.6
1721.8 130.6 -140.4 277.6 -192 -141.1
2602.1 -27.1 34 -57.9 14.9 -21.2
155 108.2 118.2
589.9 1.9 -35.2 -31.9 -65.1 73.9
1723.5 130.3 -139.9 275.7 -192.8 -144.8
2607.8 -21.7 41.2 -57 19.9 -25.9
165 110.5 122.1
593.8 -4 -44.4 -24.2 -61.9 64
1727.4 128.5 -143.5 278.6 -192.2 -152.6
2616 -19.4 41.7 -54.5 23.8 -39
winner is: 16
