Regression analysis information for: puertorican_statement_filler_La-nina-pinta-con-su-amiga
number of formants: 3
number of coefficients: 5
96.2 243.7 276.3
517.9 60.3 24.6 -11.1 12.1 -42.8
1326.9 307.5 80.1 -68.2 -51.6 -23.7
2198.9 124.4 -33.5 -17.8 -189.7 -14.1
94.1 255.9 287.2
520.4 62.5 25 -13.5 13.7 -43.1
1359.8 338.9 89 -86.9 -59 -22.4
2229.3 130.2 -47.3 -16.9 -184.7 -27.5
92.7 276.8 294.8
520.6 66 22.4 -14.9 15 -42.1
1387.9 361.8 89.7 -111.7 -67.1 -16.9
2264.1 131.3 -68.3 -19.5 -188.4 -21.5
92.7 291.2 304.9
521.8 65.5 23.7 -13.5 12.2 -41.8
1431.5 332.2 115.4 -146.5 -62.5 -4.9
2307.8 135.1 -81.9 -18.4 -198.7 -12.4
92.9 289 308.7
524.8 62.8 19.6 -12.4 8.4 -38.2
1473.5 340 82.9 -185.5 -61.6 33
2349.6 137.7 -94.2 -28.6 -188.7 3.8
93.3 286.9 309.2
525.8 58.2 22.6 -12.5 8.6 -36.7
1502.2 339.1 77 -204.6 -58.2 55.8
2369.4 146.5 -106.7 -27.2 -178.9 15.1
94.2 287 293.4
529.1 53.6 22.6 -14.9 8.4 -36.5
1512.4 322.7 66 -222.2 -69.5 68.8
2401.7 109.2 -124.7 -31.6 -171.1 9.9
96.4 292.6 286.9
526.7 55.6 18.1 -10.6 6 -33.2
1531 290.7 66.9 -244.7 -72.6 104.3
2424.9 75.4 -147.6 -39.1 -177.8 14.1
98.5 303.7 263.7
539.1 31.6 35.9 -26.7 18.4 -48.4
1569.9 197.6 108 -267.2 -92.9 152.4
2474.4 -24.8 -125.3 -75.8 -167.9 12.1
100.2 312.3 245.8
543.2 27.8 38.8 -24.7 18.9 -47.3
1602.2 171.7 141.2 -254.9 -96.6 171.8
2525.9 -44.7 -89.4 -56.7 -141.4 13.9
102.3 301.5 221.2
548.3 23.1 40.7 -25 17.3 -47.2
1639.4 169 173.5 -238.4 -112.9 200.3
2574.2 -47.2 -56.6 -35.2 -148.2 30.3
104.9 310.4 223.3
549.2 20.7 40.3 -19.6 18.1 -48.3
1667.8 185.4 176.3 -222.4 -123.8 201.8
2596.6 -39.9 -59.7 -20.3 -137 29
111 314.3 196.4
554 13.3 38.7 -8.6 9.4 -39.5
1701 192.7 195.6 -211.6 -133.7 212
2643.7 -50.8 -42.2 16.5 -160.5 63.7
117.4 332.3 187
551.3 17.4 26 12.4 -5.9 -23.5
1722.2 194.6 210.6 -187.1 -171 191.1
2676.1 -50.1 -47.4 52.6 -165.4 70.3
115.7 361.7 182.1
545.5 15.1 15.1 18.8 -11.7 -23.6
1749.2 180.4 178.6 -148.1 -203.2 181.5
2703.5 -30.5 -50.5 71.8 -162 72.7
117.8 357.5 161.5
545.6 23 14.6 28.4 -8 -18
1782 203.1 172.9 -138.9 -171.1 222.9
2735.2 10.7 -34.9 89.6 -145.8 85.3
118.8 370.8 165.2
546.9 17.7 18.9 23.3 0.1 -26.1
1799.1 183.6 168.6 -145.7 -149.1 211.4
2752.8 9.4 -36.3 92 -121.3 76.6
118.3 385.2 176.8
551.9 7.7 25.7 14.5 15.1 -42.9
1822.5 172.8 156.6 -161.5 -124.1 203.1
2766.7 -5.4 -34.8 89 -103.9 51.8
115.5 398.6 178.7
547.8 11.8 22.9 14.8 18.2 -47.1
1833 162 133.4 -139.8 -119.3 195.6
2767.3 -1 -52.6 113.9 -113.7 46.7
116.8 408.1 189.4
556.2 7.9 14.1 11 30.6 -60.5
1852.8 161.4 103 -137.3 -95.9 160.9
2796.1 -9.7 -73.8 117.8 -74.6 17.8
winner is: 1
