Regression analysis information for: puertorican_mismatch_interrogative-total-yn_La-maestra-vive-en-Paris
number of formants: 3
number of coefficients: 5
99.3 191.1 171.5
564 84.8 -46.5 7.8 5.3 22.9
1574 -144.2 53 -226.7 35.3 -95
2174.1 -53.3 58.3 -244.3 -47.9 -98.5
98.7 179.6 178.1
564.1 83.3 -44.7 5 8.2 22.7
1617.5 -184.3 76.5 -264.2 41.6 -137.1
2211.9 -46.3 74.9 -261.5 -23.7 -91.7
97.3 191.6 198.6
563.2 86.5 -47.1 1.1 7.4 24.8
1637.6 -189.4 63.7 -293 16.6 -161
2237 -46.9 70.1 -267.3 -45.6 -103.1
97.2 193.7 220.8
560.7 84.7 -49.8 -2.8 2.8 23.6
1656.2 -195.8 66.9 -313 1.4 -164.3
2253.4 -56.5 76.2 -264.1 -66.8 -110
96 217.9 247
559.5 82.1 -52.2 -7.8 -3.2 24.1
1661.8 -184.5 66.5 -295.8 -22.2 -136.1
2244.6 -82.7 83.1 -247.8 -102.8 -128.2
92.7 234.9 257.6
559.6 88.9 -42.7 0.4 3.3 33.6
1663.7 -165.8 112.6 -286.4 -10.6 -70.2
2246.8 -65.5 110.8 -239.6 -91.6 -79.5
91.8 232.4 241.7
559.5 86.3 -44.9 0.7 3 32.9
1638.4 -168.3 111.5 -285.9 -0.8 -40.8
2233.2 -79.2 100.6 -264.2 -106.5 -57.9
92.2 218.5 234.6
559.6 87.6 -43.1 4.4 4.5 33.4
1651 -193 130.6 -296.2 30.2 -43.6
2260.8 -86.2 95.8 -266.8 -90.1 -25.9
94.2 224.2 224.8
564.5 92.8 -49 -3.6 5.5 42.7
1686.6 -205.9 101 -300.3 47.8 -51
2300.4 -81.7 56.7 -265.4 -54.8 0.9
97.2 220.3 221.3
569.1 94.9 -54.4 -5.7 5.5 48.1
1722.1 -199.1 83.5 -307.5 20.6 -73.5
2349.4 -84.2 45.3 -250.8 -30.6 21.3
100.1 215.5 234.6
576.5 102 -58.7 -11.2 5.6 54.4
1754.7 -206.5 96.2 -303.8 24.1 -78.6
2418.6 -72.9 71.2 -215.1 2.2 65.3
101.7 216.1 219.9
580.9 106.3 -60 -12.2 7.2 58.6
1797.2 -172.9 96.6 -306.1 3.1 -89.9
2489.3 -50.6 95.8 -188.8 4.3 96.9
105.6 218.1 207.8
587.9 113.7 -62.5 -16.5 6.3 61.8
1829.8 -157.5 86.1 -299.3 -10.6 -115.4
2555.9 -43.5 130.8 -148.7 -10.5 130.6
109.8 212.6 214.2
591 116.6 -64.5 -18.3 6 64.1
1866.3 -131.8 82.6 -304.5 -47.5 -163.1
2605.4 -29.7 134.9 -137.6 -38.1 111.5
113.4 213 214.5
593.8 119.8 -64.4 -17.6 7.2 65.8
1885.1 -117.4 87.9 -290.7 -42.7 -170.4
2641.8 -9.3 146.1 -117.4 -44.2 102.6
110.3 214.1 210.6
587.2 113.5 -56.6 -3.7 11 55.8
1889.3 -132.6 89 -262 -38.5 -180.8
2682.7 -13 125 -90.4 -51 55.6
116.3 221.3 222.2
590.1 115.3 -62.4 -10.8 10.4 61.8
1898.4 -132.7 91.8 -243.9 -32.2 -171.7
2699.5 -8.8 127.6 -89.9 -37.7 59.6
119.2 227.8 224.2
589.6 114.1 -64.3 -12.4 10.4 63
1892.7 -138 102.7 -220.9 -20.9 -173.6
2704.1 -13.9 131.3 -66.1 -32.3 50.2
116.4 232.4 240.6
584.6 109.4 -59.9 -5.8 10.9 56.8
1912.4 -142.8 107.3 -197.7 -36.6 -165.1
2726.2 -37.8 142.2 -35.4 -57.8 58.2
114.7 245.2 252.9
584.1 108.7 -60 -5.3 12.5 59.1
1922.2 -137.4 100.7 -201.3 -26.7 -139.8
2733.6 -39.3 140.2 -40.7 -68.9 79.7
winner is: 2
