Regression analysis information for: puertorican_mismatch_declarative-broad-focus_El-nino-oye-el-rio
number of formants: 3
number of coefficients: 5
59.4 218.6 129
496.5 44 -25.9 -15.8 46.3 6.9
1747.8 69.3 117.2 264.9 -260.2 30.5
2274.4 71.1 49.8 26.5 -179.1 -41.2
59 221.9 134.4
494.1 46 -25.8 -13.9 46.6 6.2
1767.1 77 126.7 278.6 -258.1 30.7
2324.3 80.2 78.6 40.9 -174.7 -53.1
59.7 229.3 139.8
491.3 44.8 -22.6 -13.5 48 6
1781.4 80.9 146.1 276.1 -262.9 32.4
2371.2 82.5 118.8 58.2 -164.1 -55.9
60 233 141.4
487.3 45.1 -23.6 -10.1 49.4 7
1790.6 86.6 148.8 270 -264.5 23.8
2402.8 94.6 132.6 82 -150.2 -65.6
59.8 231.4 148.8
485.3 41.1 -22.8 -9.9 53.1 6.6
1785.6 104.4 157.9 256.2 -256.1 27.9
2422.5 120.6 134.8 105 -132 -71.5
60.1 233.1 157.3
483 38.7 -23.5 -9.1 55.2 8
1779.8 111.3 172.6 255.9 -248.4 21.9
2418.8 137.7 143.4 101.2 -119.7 -74.4
61.9 266.8 171
480 34.1 -27 -11.5 54.8 8.1
1756.5 61.7 135.1 213.9 -272.3 -0.3
2408.2 121.4 132.2 75.9 -118.6 -89.9
60.5 274.3 174.4
480.5 34.2 -26.5 -11 58.2 10.1
1753.7 35.4 118.9 191.5 -276.8 -1
2410.6 93.6 128.5 64.6 -113.4 -104.9
60.9 273.7 172
480.7 32 -28.1 -11.4 60.2 10.5
1758.5 -2.4 101.5 212.5 -274.9 8.6
2421.7 57.2 123.6 69.6 -117.6 -85
61.7 262.5 161.9
480.3 31.9 -27.9 -14.2 64.1 14.1
1788.5 15.7 95.5 222.1 -270.9 -4.5
2451.8 45 115.9 71.8 -108 -76.2
62 239.7 148.2
482.9 30.3 -30.5 -13.2 67.5 14.8
1825.8 36.6 98.4 244.8 -271.7 -16
2480.4 41.4 96 82.5 -84 -74.3
63.2 237.8 149.4
484.1 29 -32.5 -15.7 72.1 17.2
1843.7 54.8 103.2 244.7 -265.9 -8.2
2514.1 35.2 59.5 88.5 -52 -69.4
66 218.9 127
486.8 26 -33.1 -20.5 78.2 18.4
1874 69.8 109.8 276.7 -254.7 -23.2
2551.6 41.2 38 107.2 -32.5 -62.5
67.9 217.3 117
488.1 26 -36.4 -23.8 82.2 21.8
1892.8 83.8 104.1 260.3 -257 -16.7
2589.2 66.1 13.2 75.8 -31.4 -28.8
72.3 213.6 104.2
493 21.1 -40.4 -20.6 79.4 26.5
1911.2 93.9 94.9 247.4 -252.4 -9.1
2614.3 74 -7.1 52.1 -30.8 1.4
76.9 208 95.1
497.6 16.3 -43.7 -16.1 74.6 30.7
1928 104 80.3 234.9 -248.7 4.8
2631.1 76.5 -21.7 37.9 -30.6 20
77.3 208.6 88.8
497.9 15.9 -44.5 -17.5 75.5 31.7
1933.1 107.9 74.5 232.4 -248.6 10
2639.2 76.2 -29.8 27.9 -31.4 28
76.4 209.6 84.7
496.7 18.2 -48.1 -15.6 73.4 35.2
1933.7 107.9 67.9 233.3 -247.4 20
2645.3 75.4 -38 25.8 -26.1 34.9
70.1 208.6 80.7
489.8 26.2 -45.1 -29 87.2 31.4
1934.2 105.2 68.5 225 -239.8 22.1
2649.6 78.3 -42.8 20.2 -22.1 34.9
76.2 208.7 79.7
497.1 16.2 -47.9 -16.7 74.4 34.8
1934.1 99.5 63.1 232.2 -244.5 31.6
2656.4 76.9 -47.7 18.6 -24.5 32.4
winner is: 19
