Regression analysis information for: puertorican_mismatch_declarative-broad-focus_El-hombre-mira-la-luna
number of formants: 3
number of coefficients: 5
97.5 158.7 193.4
539.9 18.4 -64.7 43.1 48.6 -34.1
1433.8 23.3 -159 81.3 278.9 66.7
2086.5 59.1 1.8 -19.6 -39 77.9
96.4 168 225.3
537.5 20 -64.8 45 46.2 -35.2
1433.9 36.9 -142.5 87.8 286.8 65.7
2113.3 70.6 -18.3 -43.6 -3.6 48.4
95.9 182.2 247.5
534.9 20.2 -63.6 47.3 44.8 -37.2
1419.3 38.4 -108.9 98.2 281.9 45.6
2123.7 59.5 -14.6 -57.6 11.8 21.3
95.1 195.8 274.6
532.8 21.2 -63.8 49.2 42.8 -37.3
1406.3 31.5 -85.4 100.3 263.7 26.3
2128.2 66.6 -11.2 -66.3 2.2 12.4
94.7 191.6 273.9
533.5 20.2 -62.6 46.8 43.2 -37.4
1408.3 21.6 -83.8 76.2 249.4 15.2
2135.1 76.4 24 -92.4 -15.1 31.3
95.3 186.8 276.1
532.6 19.8 -61.7 48.2 41.9 -37.8
1412.7 7.3 -96.3 53.9 238.5 8
2158.8 63.7 60.9 -92.2 -56.1 69
95.5 174.7 270.3
532.9 19.5 -59.6 44.2 43.4 -36.6
1432.4 6.3 -120.2 31.9 248.1 22
2206 50.5 69.6 -93.6 -92.8 116.3
95.5 176.9 258.8
533.7 19.1 -60.3 44.6 43.9 -36.4
1435.7 -1.5 -130.6 23 229.6 18.9
2245.8 40 65.2 -94.3 -115.4 104.9
96.6 184.8 235.9
533.9 18.4 -57.5 44.3 40.6 -35.3
1454.9 1.9 -105.9 16 206.6 13.2
2344.8 10.2 30.2 -63.5 -113.4 52.8
96 169.3 198
538.1 17.1 -59.7 43.5 45 -36.7
1511.5 27.7 -130.6 9.1 244.7 24
2442.5 -0.4 0 -43.9 -80.8 15.2
96 176.9 155
539.7 16.7 -59 44.1 44.8 -37.2
1528.6 43 -114.8 24.2 248.6 28.4
2515.2 -2.4 -6.6 -26.9 -108.6 -23.7
96.5 186.2 138.2
540.4 16.7 -57.8 44.2 45.3 -37.1
1545.8 62.9 -105.6 15.9 240.3 34.2
2555.3 0.3 11.9 -15.6 -106.4 -14.3
96.6 190.1 98.9
541.1 16.7 -57.6 45.7 44.2 -37.9
1556.4 70.4 -100.5 18 235.1 35.6
2594 -8.2 0.1 41.2 -100.3 -22.1
96.5 188.4 87.5
540.9 16.9 -56.6 46.6 43.6 -38.1
1565.2 79.6 -93.9 21.1 235.7 35
2618.8 24.1 31.5 63.6 -75.9 -5.6
96.3 189.2 88.9
540.6 17.2 -55.7 47.4 42.1 -38.4
1568.8 81.5 -90.9 18.8 230.6 32.3
2624.5 21.9 35.4 58.2 -77 -6
96.2 191.4 90
540.5 17.1 -55 47.6 41.1 -38.4
1573.8 84.3 -88.4 13 222.5 28.2
2630.1 21.8 38.2 53.9 -80.8 -8
96.1 193.8 91.2
540.4 16.8 -54.5 47.8 40.2 -38.2
1577.3 84.3 -86.2 7.9 217 26.4
2637.3 16.6 45.4 45.9 -83.8 -9.9
95.7 199.2 94.6
540.6 16.5 -54.1 47.5 39.1 -37.6
1587.2 92.7 -85.7 -8.4 199.7 18.8
2645.2 12.2 51.6 36.7 -87.8 -10.9
95.6 214.1 101
541.1 16 -53.6 47.4 38 -37.1
1599 102.8 -83.4 -25.9 179.5 5.4
2656.4 10.7 58.9 22.4 -98.7 -18.7
95.6 230.5 110.7
541.9 15.3 -53.1 47.2 36.9 -36.3
1623.1 126.3 -85.4 -64.7 140.1 -15.8
2670.7 11.8 65 4.4 -111 -26.4
winner is: 14
