Regression analysis information for: puertorican_mismatch_declarative-narrow-focus_Mi-tia-odia-la-lluvia
number of formants: 3
number of coefficients: 5
80.6 331.2 225.6
468.7 -5.6 -104.7 -59.7 25.4 -6
1516.8 67.5 -16.2 10 -147.2 -252.3
2108.1 30.5 59.6 54.5 -135.9 3.9
80 323.2 248.4
468.7 -5.6 -104.1 -60.5 23.6 -5.1
1562.8 146.6 49.6 39.7 -118 -202.3
2155.5 52.2 86.6 87.3 -119.6 26.4
79.1 316.2 263.8
470.1 -5 -100.5 -59.2 25 -2.7
1576.2 168.5 73.3 47.6 -122.2 -186.4
2177.7 54.8 111.4 98.9 -121.7 17
79.4 307.1 274.8
469.6 -4.7 -100.3 -59.5 25.4 -3.3
1571.6 176.7 88.1 61.9 -145.9 -155.9
2205.2 43 121.6 99.4 -135.2 43
79.1 302.4 267.3
469.3 -2.6 -99.6 -58.5 27.2 -3.7
1573.9 168.5 84.2 70.1 -161.2 -144.4
2229.5 32.7 124.4 98.5 -149.2 84.1
79.2 297.2 261.6
468.7 -3.4 -99.7 -58.4 27.8 -3.2
1571.7 152.7 96.1 98.9 -144.6 -147
2249 26.5 133.6 116.4 -168.4 94.3
82.7 285.2 283.1
471.9 -1 -96.5 -60.7 27 -9.3
1600.3 106.3 135.7 95 -79.9 -193.5
2289.7 -2.2 151.2 104.4 -140.5 102.2
86.8 269.7 287.9
474.8 3.1 -94.8 -61.8 25.3 -15.1
1633.5 122.3 164.6 78.6 -82.4 -223.7
2333.1 33.1 162.1 88.3 -135.5 81.4
84.4 263.8 286
477.6 -8 -91 -67.5 30.7 -14.1
1683.1 110.9 190.2 74.9 -79 -216.8
2397.4 59 183.9 110 -116.6 77
88.5 269 280.3
481.2 -3.4 -89.8 -68.5 27.4 -19.1
1705.6 113.2 178.1 70.5 -71.2 -229.7
2443.5 57.8 180.5 132 -111 77
87.3 265 262.5
479.5 -5.7 -94.7 -68.2 28.9 -14.8
1729.4 121 165 58.2 -82.8 -233.2
2501.5 53.2 136 151 -93.1 87.7
89.6 268.5 247.2
481.6 -8 -94.2 -72 31.3 -17.3
1744.7 124.6 154.8 42.2 -97.4 -242
2540.5 32.2 92.1 161.9 -80.3 62
96.7 267.4 242.1
486.2 3.5 -92.9 -72.1 24.9 -26.2
1754.5 143.6 148.3 44.3 -100.2 -260.6
2573.5 49 76.3 167.7 -85.8 35.9
99 266.7 236.3
486.4 6.9 -95.2 -72.2 23.1 -26.6
1758.3 148.9 150.7 43.3 -102.8 -264.4
2600.6 65.6 51.4 138.7 -99.9 48.9
100.9 270.7 224.6
487.4 8.3 -95.9 -72.8 20.6 -25.2
1762.3 134.2 138 25.9 -123.1 -264
2627.2 76.6 6.3 85.3 -149.1 55.3
101 270.2 210.9
489.6 5 -92.7 -76.6 22.6 -26.5
1773 134.4 151.1 30.1 -120.6 -251.3
2653.8 94.2 -3.8 60.8 -161 77.7
100.3 272.1 210.6
491.1 2.1 -90.6 -79.1 23.3 -25.6
1789.7 113.9 166 25.9 -133 -226.4
2676.3 108.6 4.5 64.4 -156.5 106
100.9 267.8 210.6
491.8 0.1 -89 -81.1 25 -26.1
1795.6 124.8 176 37.1 -126.7 -214
2687.9 113.6 19.9 78.7 -144.6 126.4
99.6 267.7 221.6
491.7 -0.9 -89.3 -80.5 24.2 -23.5
1810.2 108.1 191.3 30.3 -135.4 -206
2713 83.4 48.7 57.9 -126.3 120.4
102.4 265.3 231.9
493.4 -0.5 -86.5 -82.8 25.6 -29
1826.5 97 210.7 18.3 -136.6 -215.4
2739.1 69.7 77.7 40.8 -112.5 101
winner is: 18
