Regression analysis information for: puertorican_match_interrogative-total-yn_Emilio-ama-la-marcha
number of formants: 3
number of coefficients: 5
120.9 163.2 134.8
567 -49.8 -84.7 -14.7 75.8 -11.6
1577.6 122.8 182.2 -61.6 -167.7 -36.4
2051 82.3 115.2 -84.2 -107.9 -60.9
121.1 169.6 146.3
565.1 -50 -85.6 -13.1 77.2 -10.3
1590.1 131 191.6 -52.5 -166 -28.1
2079.6 62 117.2 -81.1 -111.7 -67.7
121.8 180.4 166.4
561 -48.8 -86.3 -10 76.5 -8.2
1593.9 143.9 192.7 -36.6 -178.1 -14.5
2100 52.6 116.9 -59.7 -129.1 -49.4
127.5 187.8 188.6
562.5 -57.9 -78 -12.3 74.6 -0.5
1587.8 155.5 200.4 -40.5 -188.8 -1.6
2101.2 58.9 128.7 -48.3 -133 -25.9
132.4 190.3 217.3
573.2 -78.6 -69.2 -8.5 64.4 14
1579.1 131.1 187.2 -44.4 -226.1 10.1
2097.3 59.4 123.4 -26.3 -148.8 5.2
132.4 173.6 217.8
579.2 -89.8 -65.8 -6.5 61.8 16.7
1572.2 93.4 172.4 -58.6 -230.7 -10.9
2098 35.8 129.8 -21.4 -141.3 36.9
129.1 158 216.5
585.7 -99.6 -64.2 -5 62.8 12
1581.3 69.3 154.7 -59.9 -240.7 -38.4
2113.2 19.4 122.7 -25.4 -152.1 48.7
131.7 140.8 207.1
593 -110.5 -58.6 -7.3 63.8 12.2
1592.9 45.6 148.6 -70.9 -242.9 -67.9
2146.5 -25.3 121.4 -53.9 -155.4 38.5
138.1 142.3 198.8
602.7 -126.2 -48.8 -12.5 62.7 18.3
1621.2 51.7 168.6 -63.3 -236.3 -61.7
2200.3 -45.6 109.1 -54 -174 41.3
142.8 149 185.1
607.1 -129.8 -46.8 -12.2 62.2 20.6
1646 55 180.9 -50.6 -224.5 -67.8
2280.7 -65.3 83.5 -45.7 -174.1 17
146.3 148.6 167.3
614.2 -137.8 -40.7 -13.8 61.9 23.9
1676.4 60 199.4 -38.6 -210.9 -79.8
2351.8 -76 68.9 -50.4 -171.6 1.1
147.4 153.3 163.3
616.1 -133.7 -49.3 -11.8 63.6 28.4
1702.6 82.2 198.3 -13.7 -183.9 -67.3
2405.8 -67 59.2 -38 -158 -0.2
148.6 154.7 166.5
620.3 -133.9 -43.9 -16.2 71.4 25.3
1722.3 88.4 207.7 -9.7 -159.5 -62.2
2451.3 -58 52.9 -23.7 -127.7 -0.4
142.3 162.3 171
639.6 -135.2 -64.7 -25.1 99.4 40.5
1748.1 96.8 198.1 -6.2 -125.2 -43.8
2495.5 -53.9 -0.7 1.6 -71 1
136.1 165.4 166.9
641.5 -126.7 -79.4 -23.9 105.2 49.9
1755.4 104 187.5 -9 -117.2 -28
2529.2 -33.6 -26.8 18.4 -26.9 28.7
134.7 170.4 167.1
649.4 -132.7 -82 -30 112.8 54.7
1770.6 93.1 176.8 -11.7 -104.8 -25.2
2550.1 -39.6 -44.8 16.6 -2.7 30.7
131.9 173.1 165.7
647.4 -132.4 -89.7 -32.7 113.6 53.7
1772 95.4 174.6 -17.2 -99.4 -21.6
2563.2 -35.1 -58.6 17.8 11.4 42.7
129.4 173.7 168.2
643.7 -127.6 -91.5 -32.7 115.2 52.3
1776 88.3 171.3 -11.9 -107.6 -22.8
2571.2 -45.2 -61.1 28.1 -0.4 44.1
125.5 173.4 170.4
640.7 -122.3 -93.1 -32.7 116.3 46.9
1775.6 89.3 167.2 -15.5 -102.7 -24.3
2573.8 -48.9 -60.4 26.7 -0.4 43.5
123.4 171.6 170.9
642.6 -118.1 -102.3 -35.6 123.4 50.8
1777.2 87.9 164.5 -10.5 -108.8 -25.9
2578.4 -52.2 -64.5 29.2 -3.1 48.1
winner is: 1
