Regression analysis information for: puertorican_mismatch_interrogative-total-yn_La-nina-lava-el-plato
number of formants: 3
number of coefficients: 5
90 171.5 228.4
611.9 38 -14.9 -10.4 -2.9 141.7
1453.2 231.9 -63.7 82.2 -217.7 19.1
2158.6 72.5 -27 57.5 -134.7 -18
89.3 164.9 216.7
612.6 38.5 -17.6 -7.1 1.3 141
1476.2 244.5 -71.6 76.8 -213.9 12.3
2219.3 93 -39.9 70.6 -112.8 11.4
88 150.9 224
611.7 41.5 -13.4 -9.6 -1.1 141
1505.3 274.4 -71.5 49 -235.4 -6.6
2266.7 136 -40.5 54.3 -99.2 25.9
86.2 131.4 222.9
614.3 40.6 -18.3 -11.6 -1.5 137.7
1541.1 297.9 -88.1 20.9 -264.9 -36.2
2304.6 165.6 -51.6 36.9 -106.2 26.3
84.8 132.4 239.5
615.3 40 -19.7 -17.3 -4.5 134.7
1553.3 313.4 -84.7 6.9 -286.9 -54.3
2317.6 188.8 -39.6 23 -108.3 6
84.6 141.1 246.6
615 40.2 -16.6 -17.5 -0.8 137.3
1543.3 305 -86.3 21.3 -267.7 -48.9
2331.9 164.8 -5.8 24.7 -101.5 -16.9
89.5 158.7 245.4
616.3 34.9 -18.3 -13.7 1.4 132.2
1520.6 249 -94.2 52.5 -230.3 -27
2346.3 97.4 20.8 6.3 -83.3 -48.5
93.9 160.4 226.8
622.7 24.3 -14.2 -17.1 2.3 136
1532 229.1 -97.3 52 -223 -14.4
2389.3 -9.5 13 -18.8 -95.9 -52.3
104.5 172.8 221.8
629.3 15.7 -20.4 -3.1 -0.9 126.1
1537.9 215.5 -107.8 59.8 -220.4 -29.4
2419.3 -55.6 18.9 -34.7 -87.4 -64.3
107.8 174.7 197.9
636.2 8.8 -23.6 -3.8 6.6 114.7
1551.5 186 -93.1 49.4 -186.2 -34.3
2463.9 -113.2 37.3 -30.3 -49.2 -65.5
119.9 174.3 208.2
651.9 -6.8 -33.5 15.8 8.1 90.7
1598.5 193.7 -82.7 50.8 -189.3 -79.5
2525.1 -130.1 55.8 1.2 -20.5 -73
127.7 168.5 218.3
661.6 -13.3 -52.2 38.8 10.3 74.7
1638.3 234.5 -99.4 56 -213.1 -107.7
2580.6 -104.2 43.1 12.6 -12.8 -63.8
130.6 175 222.7
669.2 -17.4 -64.3 51.6 12.5 57.7
1664.6 249.5 -103.8 46.3 -227.1 -135.1
2632.4 -88.1 27.5 18.3 -8.9 -71.3
133.6 183.6 215.9
674.9 -27.2 -68.3 62.9 15.4 52.2
1686.1 258.9 -93.7 38.9 -229.2 -155.7
2678.4 -59.1 46.2 26.4 -1.7 -69.1
133.5 191.2 217
674.5 -29.9 -65.5 61.9 16.1 59.3
1703.9 269.9 -92 37 -241.4 -171.6
2709.8 -48.5 56.5 37.3 -4.2 -70.3
134.6 194.9 208
674.7 -32.2 -65.6 64.3 16.3 60.8
1703.5 258.3 -83.8 39.2 -229.7 -166.9
2725.7 -41.6 73.6 26.9 -9 -67.6
135.7 202.2 205
675.5 -33.8 -69.4 69.2 18.2 58.8
1711.4 247.3 -88.1 45 -218.9 -174.9
2737.2 -38.9 69.9 26.4 -7.6 -75.2
139.4 212.9 220
678.7 -39.1 -72.9 77.5 16.2 55.6
1717.2 230.2 -83.5 59.3 -224.3 -188.4
2750.2 -57.7 69.1 34.5 -12.2 -90.4
137.6 217.6 217.6
676.8 -41.4 -64.9 69.3 20.6 59.9
1720.8 215 -71.7 44.8 -205.6 -188.4
2757.9 -66.8 76.5 31.6 2 -87
140.9 214.8 220.2
680.2 -45.9 -69.2 77.5 17.7 56.3
1720.7 211.6 -67.8 50.7 -216.6 -192.2
2764.2 -76.4 81.1 34.8 -0.9 -92.5
winner is: 4
