Regression analysis information for: puertorican_match_declarative-broad-focus_Daniel-iba-a-Bolivia
number of formants: 3
number of coefficients: 5
68.4 174.6 142.9
488.6 31.9 -28.6 -19.5 18.7 -62.6
1575.3 -213.4 -61.9 -320.5 -260.3 225
2241 -61.1 -98.1 -8.8 -79.3 186.6
68.6 172.6 145.5
489.3 31.5 -28.3 -17.5 17.5 -63.8
1600.3 -221.6 -65.8 -314.5 -283.1 230.8
2265.4 -53.1 -89.5 -6.6 -87.9 200.1
69.1 186.3 145.3
489.2 34 -26.4 -15.8 17.6 -66
1614.6 -207.8 -66.5 -313.3 -282.4 227
2287.1 -38.3 -93.2 7.5 -92.8 186.8
69.3 200.7 153
489.2 36.3 -21.9 -15.6 19 -67.2
1623.8 -207.6 -52.1 -315.8 -275.9 213.6
2301.3 -22.2 -78.4 12.6 -99.1 172.7
69.9 194.2 150.6
489.6 35.4 -20.2 -14.9 21.2 -69.5
1623.6 -217.2 -35.6 -314.8 -271.1 192.3
2317.5 -14.4 -68.4 27.1 -97.3 149.6
69.2 189.8 149.3
489.9 37 -17.9 -14.4 21.2 -72.2
1616 -221.1 -9.6 -297.5 -265.9 174.3
2327.4 -11.2 -69.9 44.7 -87.6 125.5
68.7 184.7 145.5
491.2 40.3 -14.5 -12.1 24.1 -70.5
1629.2 -211.4 11.4 -280.1 -251.2 195
2344.9 -12.2 -64.5 68.2 -62.6 124.8
68.6 183.1 132.1
491.4 41.5 -13 -10.7 26 -69.7
1626.1 -217.4 16.5 -269.9 -235.4 206.6
2352.8 -39 -76.5 74 -29.2 141.8
70.7 194.9 124.8
489.7 41.3 -14.8 -11.2 27.2 -70
1641.3 -197.4 20.9 -277.9 -208.2 218.3
2373.6 -39.2 -76.8 68.4 -21.1 133.6
68.9 180.7 128.6
493.6 44.3 -10.8 -9 28.7 -71.7
1693.9 -155.2 0.6 -335.5 -260.8 210.6
2403.6 -31.1 -82.8 43.4 -42.5 106.2
68.2 176.6 129.9
495.1 47.3 -11.4 -8.2 28 -72.3
1718.3 -141.5 -20.2 -369.6 -290.1 205.8
2425 -27.9 -86.8 40 -52.3 93
69.4 182.8 112.4
496.6 44.8 -11.7 -10.9 28.3 -77.8
1731.9 -133.9 -30.9 -380.5 -286.6 205.8
2459.9 14.7 -68.5 45.9 -62.5 58.9
71 192.4 106.5
494.3 48 -18.6 -5.3 26.2 -72.2
1756.2 -99 -14.6 -367.4 -270.7 220
2491.3 60 -52.5 57.8 -55.4 59.9
68.1 193.2 112.8
498.7 54.8 -14.8 0 28.3 -73.9
1788.1 -44.1 21.9 -338.1 -256.6 221.8
2510.8 89.5 -45.1 66.2 -49.9 61
68.3 194.2 105.7
500.7 55.5 -14.3 1.5 30.1 -75.4
1800.2 -26.4 27.4 -333.9 -259 218.4
2528.1 115.9 -32.2 67.7 -58.5 42.8
67.1 194.5 115.1
504 58.4 -11.4 4.4 33.4 -76.5
1809.3 -15.7 34.7 -326.7 -252.1 227
2541.4 132.5 -16.3 78.4 -45.7 48.2
67.4 195.9 112.6
502.9 57.5 -15.4 5.1 32.1 -76.5
1812.2 -14.2 32.7 -327 -254.5 227.6
2540.2 125.3 -24.7 70.9 -52.5 42.3
66.7 195.8 126.6
503.9 60 -14.5 7.7 33.5 -74.6
1840.2 33.4 77.7 -289.4 -226.4 246.8
2555.1 144.1 -4.2 86 -37.2 52
67.2 189.5 129.8
505.3 64.1 -13.8 11.5 34.2 -73.2
1870.3 84.2 123.4 -252.5 -202.6 259.9
2572.9 164.1 19.8 99.6 -23.3 55.4
71.1 191.1 131
508.5 57.6 -8 5.5 40.1 -79
1873.1 79.9 122.5 -254.7 -203.8 261.2
2582.3 152.4 32.1 90.9 -11.5 48.4
winner is: 12
