Regression analysis information for: puertorican_mismatch_interrogative-partial-wh_Por-que-vivia-en-Paris
number of formants: 3
number of coefficients: 5
105.9 197.9 133.2
502.9 17.9 -32.5 -9.4 0.4 3.6
1604.9 -65.3 -198.6 -283.9 103.4 -34.2
2181.5 -2 -8.3 -62.9 98.3 -45.7
106.9 202.7 150.7
501.7 20 -30.5 -10.9 -1.5 2.6
1635.1 -65.6 -190.3 -329.3 101 -33.4
2204.8 -24.1 -19.8 -50.9 79.2 -43.9
107 202.8 170.1
499.2 22.2 -29.6 -8.7 -4.9 4
1687.7 -92.2 -197.5 -308.7 63.9 -36.9
2232.2 -15.8 -19.3 -31.9 70.2 -64.7
106.7 187.9 182.8
496.1 21.2 -27.6 -8.3 -4.5 3.6
1724.7 -129.5 -169.9 -329.4 77.7 -71.3
2251.5 -12.7 -1.7 -40 81.6 -91
106.5 188.7 192.8
493.6 22.1 -26.8 -5.5 -6.7 3.9
1727.9 -128 -163.5 -310.6 45.9 -74.9
2268.4 -26.8 2.1 -31.9 62.4 -90.1
105.8 207.6 194.3
492.4 20.9 -25.5 -4.5 -6.8 2.7
1691.7 -85.6 -169.2 -268.1 -21.4 -57.3
2272 -24.7 -6.7 -2.4 31.6 -71
105.6 194.6 190.1
492.2 20.3 -24.7 -3.8 -6.7 2.3
1706.4 -113.2 -141.7 -283.1 -16.3 -72.9
2271 -37.7 13.3 22.9 6.1 -62.8
105 189.7 178
492.3 20.7 -25.4 -1.8 -6.9 3.1
1714.9 -128.5 -149.4 -271.8 -7.9 -70.2
2281.3 -44.5 7.2 38.1 -1.4 -50.5
105.6 177.2 162.5
493.6 20 -25.6 -1.3 -6.9 3
1743.2 -150.4 -139.3 -272.5 -0.7 -89.5
2323 -82.7 11.7 38.4 -18.2 -24.7
107.5 161.5 147.5
497.6 24.4 -24.1 -1.1 -10 -1.4
1785.2 -162.3 -130.4 -290.5 15.2 -102.9
2371.1 -122.2 26.5 30.8 -29.1 -9.1
109.6 168.2 142.8
501.4 28.5 -22.8 -1.9 -11.8 -6.1
1809.7 -150.5 -131.3 -283.4 17 -118.8
2403.2 -125.5 21.3 25.3 -31 -16.2
112.7 170.1 153
506.2 35.8 -20.8 -2.4 -14.7 -12
1845.9 -140.4 -166.8 -288.3 33.7 -126.8
2450.5 -127.2 -6.8 24.5 -52 1.6
112.6 172.5 170
508.6 28.6 -23.5 1.8 -17.7 -0.6
1871.5 -123.5 -163.3 -270.9 35.9 -142.4
2497.7 -102.2 -14.1 39.3 -51.4 -9.1
115.8 173.1 184.1
514 26.8 -23.1 5.2 -24 3.9
1890 -114.2 -161.3 -261.1 33.1 -144.7
2531.7 -91.6 -26.1 46.7 -55.7 -14.5
120.6 177.2 203.6
522.8 18.9 -21.6 12.8 -38.1 15.3
1902.7 -115.6 -159 -253.1 19.9 -145.4
2555 -85.2 -21.4 55 -74.8 -24.1
123.9 182.5 216.6
529.5 18.2 -19.4 16.6 -47.4 16.3
1912.9 -111.4 -155.7 -245.1 11.5 -148
2568.4 -74.7 -17.9 59.4 -82.5 -35.5
124.6 190.3 237.6
535.3 15.5 -17.9 22.9 -56.3 20.8
1924.1 -112.3 -152.1 -232.6 1.9 -143.1
2585.4 -76 -11.8 76.7 -100.5 -31.7
130.2 198 253.5
545.3 17 -11.6 31.6 -69.1 24.7
1937.1 -107 -142.8 -222 -8 -141.4
2596.8 -73.5 -3.9 87.4 -110.6 -26.6
132.1 196.4 268.8
547 17.8 -9.9 33.3 -70.2 25.4
1960.2 -72 -114.7 -203.5 -9.9 -152.8
2611.3 -48.1 16.3 98.9 -110.4 -32.7
133.8 205.5 277.9
551.8 13.4 -8.5 39.1 -77.7 31.2
1969 -81.2 -113.7 -193.6 -23.4 -144.5
2620.1 -57.4 15.5 110.2 -125.2 -27
winner is: 10
