Regression analysis information for: puertorican_mismatch_interrogative-partial-wh_Por-que-odiaba-la-lluvia
number of formants: 3
number of coefficients: 5
66.1 235.6 155.3
490 24 -72.6 -2.7 79.9 -36
1570.6 -50 -4.1 -86.4 -142.8 -89.8
2235.1 29.5 132.9 9.8 -96.4 92.5
66.5 245.2 205.6
488.3 23.2 -72.4 -3 80.1 -36.6
1575.5 -49.9 -6.4 -90.7 -132 -86.9
2229.4 -3.8 130.3 41 -48.3 85
66.4 247.1 212.7
486.9 22.5 -72.3 -4.1 80.1 -36.7
1569.5 -54.9 2 -100.8 -118.4 -90.3
2238.6 -27.2 134.8 29.5 -31.8 90.8
66.3 242.4 228.4
485.1 22.6 -72.9 -4.3 79.7 -37
1562.6 -49.6 -3.1 -102 -138.7 -80.9
2228.3 -31.1 148.7 50.1 -46.6 89.8
65.7 243.3 239.7
483.5 22.3 -72.8 -3.6 78.1 -36.8
1564.2 -50.8 2.5 -102.8 -165.1 -94
2213.1 -44.8 144.9 35.1 -75.7 73.3
65.7 241.5 220.6
483 21.3 -71.4 -3.7 78.2 -37.9
1574.5 -61.3 30.7 -84.3 -165.6 -104.3
2228.9 -32.9 186.7 57.1 -90.6 71.8
65.7 247.4 200.1
482.3 22.7 -72.7 -2.8 76.7 -36.9
1572.9 -59.2 36.5 -60.8 -176 -118
2248.3 -10.2 199.6 58.2 -98 64.5
65.9 245.2 176.3
483.2 21.3 -71.8 -3.2 78.7 -38.5
1594.2 -77.3 39.3 -76.1 -163.6 -125.4
2314.7 11 174.3 26.3 -113.5 59.4
65.7 257.8 171.9
484.5 22 -73.8 -3.7 79.6 -37.6
1614.2 -66.5 30.6 -77.6 -160.2 -120.7
2362.3 22.2 134 30 -102.7 54
66.4 260.4 163.5
485.5 22.1 -75.3 -3.1 80.7 -38.1
1628.3 -62.5 23 -83.9 -163.2 -119.6
2409 25.6 82.9 32.5 -98.4 38.9
67.2 262.8 142.1
486.5 22 -77.2 -2.3 81.7 -38.9
1636.5 -58.8 21.4 -87.2 -165.5 -124.4
2450 12.1 22.8 52.1 -87.9 23.9
68.2 269 124.7
487.6 22 -78.9 -1.5 82.8 -39.4
1646.4 -55.1 12.3 -100 -156.4 -109.8
2489.3 -1.8 -22.2 80 -82.9 6.3
69 267.5 116.6
488.3 22.1 -80.8 -0.5 83.6 -39.9
1654.2 -56 10.5 -97.9 -156.7 -112.4
2502 -6.4 -30.6 93.5 -89.1 -3.7
69.4 269.6 116.6
488.8 22.1 -81.9 0.4 84.1 -40.1
1660.4 -54.8 9.6 -100.2 -153.8 -111.1
2510.1 -2.7 -34.2 90.5 -86.2 0.4
69.7 272.6 119.6
489.2 22.4 -82.3 1 84.4 -40
1666.8 -49.6 14.3 -98.7 -154.3 -115.6
2515.9 -0.8 -30.5 89.9 -84 0.8
69.7 277.6 125.6
489 23.2 -82.2 1.4 84.2 -39.4
1670.1 -40.8 16.9 -94.3 -156.4 -120.6
2521.6 6.9 -25.7 94.4 -87.4 -1.9
69.8 276.3 138
488.6 24.1 -81.6 1.7 84.3 -38.8
1692 -64.6 43.1 -97.2 -168.5 -101.8
2535.4 1.5 -10.5 95.6 -95.2 5.7
80.1 280.2 148.7
499.5 10.4 -84.4 20.7 63.5 -30.1
1704.3 -68.8 53.1 -89.2 -179.6 -98.3
2548.3 6.7 1.1 104.9 -105.9 2.7
91.5 283.3 158
507.2 1.2 -86.2 34.1 49.4 -23.9
1716.1 -71.4 63.2 -82.9 -187.9 -94
2561.7 6.8 13.2 108.6 -110.6 0.1
92.2 283.7 166.9
507.4 2 -85.6 34.8 49.7 -22.7
1725 -73.2 70.5 -79.2 -195.6 -85.1
2574.3 7.6 27.8 105.4 -107.9 -5
winner is: 13
