Regression analysis information for: puertorican_mismatch_interrogative-partial-wh_Cuando-lavaba-el-plato
number of formants: 3
number of coefficients: 5
78.2 167 276.4
564 39.8 -15.8 -1.4 4.6 98
1270.2 -78 -145.8 71.5 -82.4 9.7
2082 -61.2 96.5 74.5 -51.3 -101.9
78.1 170.1 299.2
561.7 39.8 -16.4 -3.8 6.1 101
1276.3 -90.7 -140.9 66.8 -82.5 18
2104.5 -73.3 87.1 44.5 -50.6 -104.5
78.3 175.2 305.9
559.2 41.2 -18 -5.5 8.6 100.3
1274.2 -85.2 -153.3 66.3 -67.9 -0.3
2115.5 -70.9 43.9 50.4 -48.3 -76.4
75.3 171.6 312.3
558 41.2 -19.7 -5.1 8.3 100.2
1281.7 -95.9 -163.1 75.2 -71.6 -3.8
2126.6 -77.4 28.6 74.1 -43.6 -49.9
75.2 177.8 307.7
556.3 43.8 -21.3 -6.4 10.2 97.2
1286.1 -100.3 -170.5 78.4 -60.6 -16.4
2167.9 -75.9 60.3 90.5 17.2 -53.8
73.1 177.5 290
557.9 44.4 -20.4 -8.2 8.9 95.7
1298.7 -128.5 -167.9 89.5 -78.5 7.9
2215.8 -134.5 50.6 98.2 3.6 -49.5
71.8 183.7 263.3
561.6 48.4 -18.4 -9.3 4.7 90.4
1304.8 -165.9 -178.4 104.8 -79.7 31.3
2277.7 -208.6 20.2 74.1 15.7 -51
74.3 190 269.9
564.4 54.4 -15.9 -11.1 1.9 86
1356.6 -81.1 -126.7 97.2 -139.9 -55.2
2372.3 -165.8 27 10.1 -10.6 -97.7
81 190.9 239.5
573.4 47.1 -4.6 -12.8 -8.6 90.7
1387.4 -67.5 -114.1 93 -179.3 -75.4
2461.5 -150.3 11.1 -25.6 -49.6 -68
92 207.2 229.9
593.2 27.7 2.6 -7 -19 97.8
1420.7 -73.8 -96.2 101.3 -207 -84.4
2530.2 -128.5 10.4 -42.2 -87.8 -36.8
91.4 206.5 215.5
594.7 32 3.4 -7 -19.2 95.9
1436.5 -60 -86.9 93.9 -222.1 -100.3
2581 -100.8 28 -29.6 -107.2 -14.5
94.1 215.8 200.1
599.5 31.6 7.8 -7 -20.7 96.8
1449.3 -54.3 -77.5 93.2 -227.4 -111.3
2619 -70.7 32.9 -20.1 -95.3 2.6
94.4 225.9 181.2
600.9 35.2 9 -6.1 -19.9 95.7
1461.2 -60.6 -71 97.7 -227.8 -117.3
2647.5 -57.3 46.1 -11 -84.8 12.8
101.4 238.3 175.5
611.5 36.4 14.1 2.6 -24.9 92.7
1473 -70.6 -75.4 111.3 -235.1 -124.9
2686.4 -29.4 79 20.9 -86.6 2.6
105 238.8 184.1
615.2 33 19 0.9 -24.4 97.1
1478.2 -67.9 -76.1 112 -240.2 -130.5
2701.3 -30.3 88.1 31.3 -86.1 1.5
103.9 244.5 183.1
613.3 34.7 21.8 -3 -19.9 100.8
1478.2 -70 -77.4 114.3 -235.3 -130.1
2719.5 -29.3 103.3 44.5 -82.4 8
107.2 252.3 185.8
615.2 28.6 19.5 1.4 -19.1 102.3
1493.7 -82.8 -76.5 120.2 -245.1 -141.9
2741.4 -42.9 111.8 56.1 -79.3 3.6
119.3 265.3 205
622.5 9.8 20.4 7 -22.6 111.5
1506.3 -101.4 -70.8 121.8 -253.6 -136
2762.7 -70.3 120.7 59.2 -78.6 7.5
124.4 274.1 219.4
622.5 -1.2 18.8 5.8 -21.7 117
1514.2 -111.6 -70.1 123.4 -257.4 -137.6
2775.4 -92 111.2 70.3 -75.4 4
122.1 274.4 222.4
618.1 -4.9 11.6 3.9 -20.6 115
1517.2 -114.4 -73.6 124.5 -254.7 -146.1
2781.1 -111.1 99.8 74.5 -64.3 2.3
winner is: 13
