Regression analysis information for: puertorican_match_interrogative-partial-wh_Cuando-bebia-el-vino
number of formants: 3
number of coefficients: 5
92.9 252.9 162
591.3 62.4 -41.7 -12.9 17 53.3
1415.3 -62 -240.1 24.7 -45.7 45.3
2114 -85.4 -43.3 -18.1 -153 -26.9
88.4 231.8 176.5
593.3 55.1 -41.1 -9.8 12.1 64.7
1476.6 -132.5 -259.5 52.1 -58.1 107.5
2150.2 -80.1 -61.4 -26.5 -155.6 -8.1
89 252.4 200.8
590.7 54.5 -42.2 -9.8 13.2 68.2
1483.5 -161.4 -247.8 74.4 -76.7 119.3
2189.6 -79.5 -78.3 -15.2 -130.3 9.2
86.4 247.9 216.9
589.8 53 -44.3 -7.4 11.8 68.3
1501 -188.1 -259.8 112.2 -96.7 105.9
2227.1 -102.8 -108.9 -15.6 -152.7 0
84.3 244.9 241
587.9 53.1 -44.1 -6.9 12.7 67.9
1520.5 -209.4 -269.3 129.1 -113.1 117.2
2258.7 -78.9 -85.9 17.8 -142.8 29
81.1 223.7 247.2
588.3 51.5 -42 -1.6 6.8 62.4
1527.7 -230.8 -245.3 158.3 -181.9 121
2261.3 -76.6 -78 21.1 -181.5 32.6
76.7 191.8 252.8
591.2 52.6 -44.3 -0.2 6.6 58.5
1532.1 -237.5 -225.7 183.2 -242.6 105.9
2266.6 -98.9 -67.7 68.9 -185.8 36.9
77.1 197.5 242
589.4 50.9 -37.8 -2 6.5 59.2
1504.7 -217.6 -187.3 165.6 -257.7 95.8
2279.6 -90.5 -25.5 67.4 -236.8 40.6
76.4 216.5 245.2
593.4 49.9 -35.8 -8.1 14.8 55.1
1501.3 -189.1 -200.6 143 -214.1 61.5
2299.5 -57.4 -23.1 48.2 -226.9 41.3
79.6 213.9 241.7
597.6 43.5 -27.8 -12 21.2 48.4
1550.7 -199.1 -259.1 151.2 -149.6 32.1
2367.5 -52.1 -39.6 7.8 -167.6 49.6
80.5 215.2 212.1
601.9 42.8 -23.7 -16.8 27.9 45.6
1572 -202.1 -279.9 147.1 -128.9 37.9
2423.6 -42.3 -48.3 -18.5 -139.6 58
82.5 211.6 165.1
604.4 42.6 -19.8 -20.7 33.1 46.3
1605 -203 -324.4 136.8 -82.8 60.3
2498.8 -76.2 -35.5 -50.2 -72.9 60.4
85.1 203.8 132
604.7 44.4 -16.5 -22.4 37.1 46.6
1626.2 -207.9 -308.9 145.7 -120.8 43.9
2556.8 -91.9 -31.6 -16.2 -61.1 14.9
87.7 211.8 107.3
608.5 56.9 -10.5 -22.5 35.8 38.8
1625.9 -187.5 -318.3 143.4 -104 21.1
2610.7 -61.5 18.3 18.4 -11.6 1.4
88.8 208.1 108.6
607.5 64.9 -11.8 -18.9 31.5 40
1653.7 -199.9 -326.3 170.8 -151.2 51.6
2645.5 -56 43.8 42.5 -19.2 13.7
90.4 212.2 114.3
610.8 72.2 -5.3 -21.1 31.6 30.9
1672.6 -209.9 -309 162.7 -154.5 34.1
2673.1 -40.7 82.4 52.9 -4.5 4.3
90 217.4 121.1
612.6 77.6 -0.9 -22.9 30.5 24.2
1683.5 -217.8 -298.6 149 -144.7 15.2
2685.2 -33.7 93.4 48.3 12.9 -1.3
88.4 216.9 120.6
610.7 83.4 -3.3 -20 26.7 24
1683.6 -213.7 -301.4 149.8 -152.2 8.8
2689.4 -26.4 97.3 54.9 12.1 -0.6
87.4 213.4 121.1
607.5 83.8 -6.1 -18.1 26.9 27.1
1680.7 -213.1 -307.1 154.6 -157.7 9.6
2690.3 -22.8 99.6 57.8 12.1 1.9
85.3 219.9 124.5
602.3 72.7 -9.8 -21.7 33.7 33.3
1689.1 -212.1 -299 144.9 -163.7 -8.6
2696.5 -21.8 104.2 55.7 9.2 -6.7
winner is: 15
