Regression analysis information for: puertorican_match_interrogative-partial-wh_Por-que-hablaba-del-agua
number of formants: 3
number of coefficients: 5
83.3 130.2 273.1
627.8 -31 -123 -6.5 -20.4 36.4
1331.8 102.1 -95.6 106.4 -200.7 -2.4
1894.1 105.2 234.2 -3.9 -86.8 -69
86.2 135.9 262
635.3 -48 -108.4 -20 -3.4 21.8
1351.4 92.9 -88.7 99.7 -184.1 -20.3
1986.2 53.5 291.6 -38.6 -27.8 -103
85.6 134.1 278.6
635.8 -48.6 -110 -20.9 -3.8 23.2
1360.8 99.3 -91.2 96.6 -185.4 -21
2041.2 50.2 265.6 -45.2 -30.1 -97.9
85.1 132.9 302.1
635.9 -50.3 -110.7 -21.2 -3.6 24.6
1365.7 103 -89.6 96.7 -190.7 -23
2081.9 31.9 227.4 -68.7 -43.3 -112.3
86.4 130.3 307.1
634.3 -52 -109 -20.3 -5.5 25.3
1366.9 89.8 -99.6 97.2 -179.8 -8.1
2092.6 8.6 204 -86.2 -32.8 -110.3
84.7 129.3 283.1
635.2 -53.1 -111.7 -19.9 -2.9 27.2
1368.3 72.8 -99 102.1 -172.3 -0.7
2107.7 -6.3 217.4 -55.6 23.3 -116.2
84.5 122.7 259.1
635.1 -51.8 -111.8 -18.8 -5.8 27.9
1384.5 67.8 -99.6 102.2 -176.9 3
2148.3 -17.2 232.2 -93.1 12.1 -54.3
83.2 128.8 252.9
635.1 -49.2 -114.3 -16.7 -8.4 30.4
1387.9 71.2 -92.7 114.3 -194.6 -13.9
2217.4 -14.8 211.7 -96.6 18.7 -18.3
83.3 126.7 231.8
633.8 -46.3 -115.8 -12.7 -12.7 31
1406.5 81.6 -108.4 114.8 -196.3 -22.1
2313.7 0.5 142.2 -106.2 67.1 47.6
80.9 129.1 212.2
635.1 -42.3 -121.3 -11.6 -14 35.3
1416.5 90 -113.1 112.3 -204 -26.1
2378.9 2.2 101 -78.6 63.6 89.6
81.8 135.6 185.5
634.9 -40.3 -121.2 -10.1 -16.6 36.2
1423.1 105.7 -106.1 105.7 -215.5 -36
2454.2 -6.6 42.3 -43.7 47.6 84.3
82.2 140.2 132.5
635.8 -40.1 -123.1 -8.4 -15.6 35.8
1431.9 104.3 -114.2 119.5 -219.7 -47.7
2523.7 -18.3 -13.8 11.4 45.2 46.1
82.4 144.9 116.9
637 -38.8 -122.3 -8 -16.9 34.8
1436.3 121.6 -103.7 114.1 -229.4 -57.1
2565.1 -17.1 -49.5 43.4 49.3 -8.7
82.8 146.7 99.7
638.2 -38.8 -121.9 -7.9 -16.9 33.9
1443.8 125.5 -109.2 123 -233.4 -70.3
2607.6 -6.4 -68.7 49.3 34.5 -73.6
82.6 148.7 99.9
639.3 -39.8 -120.1 -8.4 -16.5 33.1
1449.2 135.6 -105.1 123.5 -239.7 -79.8
2622.9 1 -52.4 38.5 29.2 -92.3
82 151.5 103.2
640.8 -41.4 -117.7 -10 -16.1 32.2
1451 142.5 -103.5 125.7 -242.4 -83.4
2633 -5.2 -37.1 29.9 37.2 -103
81.1 153.6 105.5
642 -43.7 -115.1 -11.5 -15.2 31.7
1451 148.1 -102.9 128 -243.7 -84.3
2640.5 -10 -25.4 24 42.6 -109.8
80.6 155.3 107.4
642.7 -45.8 -113.5 -13 -14.4 31.3
1450.5 152.3 -103.6 129.9 -244.7 -84.3
2647.7 -18.2 -14.3 15.2 49.2 -117.6
81.9 156.5 108.3
642.1 -45 -114 -13 -13.9 30.7
1450.7 156.1 -103.2 131.5 -245.4 -83.4
2654.8 -26.7 -2.6 7.7 58.2 -123.5
81.9 161.1 115.7
643.2 -47.4 -112.3 -14.7 -13 30.6
1468.1 127.7 -77.7 116.8 -240.7 -75.6
2668.9 -46.6 18.6 -5.2 67.4 -124.7
winner is: 14
