Regression analysis information for: puertorican_match_interrogative-total-yn_David-leia-el-libro
number of formants: 3
number of coefficients: 5
100.8 217.6 158.2
479.3 51.4 9.9 -31 44.6 -18.4
1650.7 104.1 -188.1 -1.3 -174.5 3.5
2233.7 3.3 -113.1 54.5 -28.7 8.6
97.8 192.4 158.2
481.7 55.6 9.3 -25.4 50.6 -16.7
1695.7 136.7 -198.2 32.2 -127.4 30.5
2270.3 35.7 -101.1 94.9 -3.9 29.3
93.4 170.8 166.3
484.6 60.1 9.2 -21.8 58.6 -11.8
1723.7 163.8 -212.9 41.2 -66.8 62.8
2286.4 72.1 -94.7 122.2 37.5 45.6
91.9 158.8 161.8
484.9 61.4 10.4 -20.8 60.9 -10.6
1738.5 160.4 -225 59.2 -48 70.1
2293.5 56.7 -98.4 147 54.8 44.7
91.3 165.8 156.7
484.3 61.1 9.1 -21.3 60.3 -11.2
1744.9 152.5 -235.7 73 -41.6 59.5
2300.7 44.7 -105.1 163.6 65.2 39.1
91.8 164.7 156.2
482.8 61 13.6 -21.9 60.1 -11.7
1738 149.2 -239.3 68.1 -22.7 40.2
2309 15.8 -96.2 169.9 61.2 36.2
90.3 164.2 156.7
484.1 59.6 10.9 -23.1 61 -11.7
1761 149 -258.8 67.2 -29.2 40.2
2333.2 -5.6 -91.4 173.6 45.8 39.5
90.3 160.4 155.5
484.5 58.1 11 -24.3 61 -12.8
1779.8 156.8 -265 65.5 -28.5 46.4
2363.3 -17.9 -85.7 171.8 32.3 56.7
90.3 156.9 152.8
484.9 56.9 12 -25.7 61.7 -13.7
1801.1 165.9 -278.9 63.3 -18.9 40.7
2401.2 0.2 -102.7 146.3 25.7 71.8
91.1 158.1 145.6
484.6 55.8 12.1 -27.8 59.5 -14.6
1814 167.3 -281.8 66.5 -22.5 43.7
2432.5 14.4 -106 144.9 8.8 65.6
91.8 166.7 133.4
484.3 55.6 14 -29 58.2 -14.6
1814 161.8 -260.3 67.9 -54.2 65.3
2462.5 41.2 -103.3 131.6 -11.1 58.9
93.3 180.5 127.4
483.3 54.7 15.5 -32.1 54.6 -14.7
1813.1 159.8 -240.8 66.9 -75.5 84.8
2478.6 61.7 -90.1 123.8 -27.4 45.9
93.7 183.2 113
483.6 54.3 17.9 -32.5 53.7 -15.8
1818.4 162.5 -225.9 73.6 -84.8 90.8
2499.3 79 -76.5 132.4 -31.6 40.4
94.3 176.1 105.5
483.6 54.4 19.4 -33.4 52.2 -16.1
1832.4 163.5 -238.3 81.1 -69.2 83.3
2518.1 81.1 -83.4 140 -29.8 36
95.4 179.5 108.7
482.7 54.3 20 -35.4 49.2 -16.3
1837.6 165.5 -236.9 80 -64.7 86.7
2524.7 82.9 -78.3 142.9 -25.6 40.1
95.5 172.6 103
483.5 54.5 20.2 -34.7 50.2 -17.9
1856.8 154.8 -274.3 89.3 -46.6 60.5
2538.2 82.6 -89.2 154.2 -10.6 29.7
96.7 171.9 105.6
482.9 54.5 19.8 -35.3 47.9 -19
1864.5 162.7 -264.8 98.8 -39 67.4
2539.9 83.7 -91.2 150.2 -1.6 19.6
97.1 171 111.5
482.7 55.5 20.5 -34.3 47.9 -18.3
1870.4 168.4 -259.2 106.8 -36.8 69.8
2544.9 84.8 -86.1 156.7 -1.1 17.5
98.7 175.8 122.1
484 51.7 24.7 -38.6 51.2 -22.8
1879.9 157.1 -252 99.7 -28.5 60.6
2553.6 71.9 -69.9 150.9 2.9 9.3
101.1 182.2 133.4
489 40.3 33.8 -46.7 54 -25.4
1897.5 147.5 -242.3 97.1 -9.4 56.1
2566.7 52 -58 145.9 9 -4.1
winner is: 16
