Regression analysis information for: puertorican_match_interrogative-total-yn_Maria-bebe-el-vino
number of formants: 3
number of coefficients: 5
95.6 201.6 205.2
540.5 48.3 -30.4 -65.9 86.5 9.3
1399.8 139.5 -72.5 -15.6 -103 -209.6
2088.2 -28.5 34 17.1 -191.3 -88.2
95.4 198.2 218
539.7 50.6 -34 -62.5 83.5 12.8
1436.5 116.4 -82.8 15.7 -146 -190.7
2120.6 -29.2 21.6 35.1 -196 -79.5
96.7 216.1 220.8
536.1 55.8 -37.5 -59.1 79.2 18.1
1452 91.7 -63.2 26.4 -185.6 -144
2142.6 -26.5 15.7 62.7 -209.4 -77.5
97.1 216.1 215.1
535.7 54.4 -35.9 -59.9 79.6 18.2
1470.2 68.4 -63.3 56.7 -222.6 -131
2163.3 -28.3 0.5 106.5 -220.5 -115.5
96.6 215.9 201.6
533.1 56.6 -38.5 -55 75.3 22.4
1486.1 42.7 -52.5 85.3 -267.9 -99.3
2149.4 -46.5 -19.3 150.6 -283.4 -123.8
95.6 211.3 205.9
534.8 53.8 -38.5 -55.8 75.4 24.6
1497 29.6 -60.8 99.4 -265.8 -80
2151.1 -89.4 -10.6 136.8 -296.3 -128.1
94.8 199.7 214
537.1 53 -39 -58.8 79.9 25.9
1513.9 31.1 -88.6 93.7 -221.6 -51.7
2202.7 -116.8 -37.2 84.6 -238.5 -76.8
96.1 185.5 207
539.6 50.4 -36 -60.3 82.2 26.9
1519.6 27.5 -97 107.9 -203.1 -40.5
2224.3 -137.8 -54.5 61.8 -216 -60.7
97.2 167.2 197.1
543.5 45.1 -29.5 -60.7 81.3 30
1564.2 3 -93 116.4 -205.2 -11.9
2300.6 -166.7 -62 23.1 -156 -42.1
94.6 150.6 185.7
551.5 36.8 -22.4 -67.9 91.5 25.8
1619.1 -30.7 -74.1 128.4 -235.9 29.2
2364.2 -186.6 -50.2 -15.7 -116.3 -31.5
94.9 157.5 165.5
553.2 35.5 -21.4 -70.3 92.9 26
1647.2 -33.6 -67.6 132.3 -252.8 44.7
2418.7 -176.7 -27.4 -45.3 -81.1 -25.7
94 163.5 152.7
557.2 32.7 -14.1 -74.2 98.3 22.5
1704.6 -5.1 -59.5 87 -281.8 33.9
2479.5 -171.8 -8.6 -73.2 -50.2 -14.1
94.9 170.3 152.6
558.3 35.9 -11.8 -72.5 97.9 23.6
1736 14.6 -44.3 70.8 -312.6 20.2
2515.2 -156.6 18 -62.2 -53.1 -16.4
95.5 180.3 144.4
558.8 37.1 -10 -72.2 96.9 23.8
1758.5 38.7 -37.4 52.4 -348.4 -6.8
2548.9 -112.3 54.3 -41.8 -58.3 -34.9
96.1 188.9 132.3
559.2 38.3 -8.2 -72 96.2 23.6
1779.5 57.6 -40.5 22.6 -382.5 -19.1
2583 -64.4 79.1 -32.6 -72.8 -53.7
96.6 186.5 102.7
558.9 39.1 -6.9 -71.9 94.8 23.2
1783.6 55.3 -38.5 25.2 -389.7 -22.1
2615.1 -25.8 111.1 -11.1 -86 -75.5
96.3 187.9 96.1
560.4 34.9 -2.1 -76.6 97.9 18.3
1790.1 45.4 -31.7 16.7 -393.8 -38.4
2631 -20.7 120.7 -11 -106 -98.5
96.2 183.9 98.7
559.7 34.8 -2.1 -76.8 97.3 18
1789.3 44.9 -36.5 21.2 -399.8 -37.6
2636.2 -27.9 121.1 -5.9 -111 -100.1
96.1 183.1 106.1
559.1 34.7 -2.3 -76.8 96.9 17.8
1791 42.6 -36 24.8 -401.1 -36.4
2644.2 -41.8 125.4 -8.1 -111.4 -105.8
95.4 178.6 101.7
557.6 36.8 -4.7 -74.7 95.1 19.7
1790.2 51.5 -43 38.9 -408.5 -23.6
2644.4 -42.5 116 -0.6 -122 -101.2
winner is: 20
