Regression analysis information for: puertorican_match_declarative-narrow-focus_Mariano-habla-del-tiempo
number of formants: 3
number of coefficients: 5
114.6 218.8 173.2
512.8 91 -37.8 -45.3 12.6 -25.4
1490.3 104.3 -69 200.9 -218 -41
2083.7 -159.2 66.1 0.7 -16.7 -31.6
120.2 218.6 197.3
514.9 85 -31.5 -45.7 9.4 -27.6
1523 61.1 -60.4 207.3 -252.5 -31.9
2128 -190.1 109.3 -7.1 -30.9 -27.7
121.1 225 224.8
513.4 79.3 -22.5 -47.8 10.1 -33.6
1529.9 34.6 -54.3 196.6 -277.9 -30.9
2155.5 -200.8 162.7 -13.1 -40.7 -49.5
123.6 228.8 232.6
514.5 70.5 -18 -39.3 2 -37.6
1528 8.5 -47 182.7 -303.3 -16.5
2183.8 -263 216.4 -36.3 -60.2 -92.1
135 230.5 235.4
525 46.6 -7.1 -36.5 -4.6 -41.1
1538.8 -22.8 -45.1 190.6 -324 -10.6
2211.3 -339.5 233.9 -34.7 -81.2 -108.2
134.6 240.4 221
526.4 38.5 1.3 -45.8 0.4 -43.4
1545.8 -74.8 -25.5 187.6 -298.8 25.1
2227.9 -405.9 266.9 -50.8 -69.2 -94.7
130.5 230.2 224.8
523.5 40.4 1.5 -51.5 2.7 -42.1
1557.5 -76.9 -18.9 222.8 -281 53.4
2247.4 -405.6 280.6 -40.3 -44.7 -64.4
138 233.5 229.3
530.7 27.7 6.7 -55.6 3.3 -42.1
1567.4 -85.9 -14.9 230.8 -276.4 57.7
2266.9 -432.5 266.1 -40.4 -12.9 -45.4
148.1 238.4 221.1
538.2 12.8 8.8 -57.3 0 -39.1
1587.2 -97.1 -11.7 248.3 -271.2 64.4
2302 -470.8 257.6 -28.7 23.7 -7.3
153.7 251.4 224.9
542.8 7.2 10.7 -54.7 2.6 -33.2
1622.6 -97.3 4.3 267.2 -262.9 68.3
2354 -477.1 266.2 -23 52.1 4.8
158.7 260.7 248.4
545.6 13.5 15.8 -63 8.8 -27.2
1651.6 -78 7.1 257.3 -288 47
2421.3 -463.2 274.6 -17.3 50 -15.4
179 268.3 266.2
565.6 -1.8 26.2 -69.7 5.7 -30.1
1694 -103.7 31 236 -274.4 4.4
2484 -450.9 270.5 9.1 48.2 -46.7
183.9 264.7 261
570.8 -7.8 15.3 -78 -2.9 -27.4
1710.8 -84.4 41.4 235.9 -282.1 -0.7
2526.5 -405.9 251.6 24.6 42.9 -79.1
207.8 260 237.3
593.6 -2.3 15.2 -61.7 -10.8 -15.3
1755.1 -63.3 72.3 251.7 -265.2 16.7
2634.8 -355.5 235.8 30.1 51.9 -80.7
204.2 250.8 208.8
596 7.3 18.6 -89.1 4.3 -9.5
1761.3 -52.4 81.5 232.8 -258 14.3
2672.6 -316.6 238.5 8.9 65.6 -78.5
220.2 251.9 218.5
608.8 2 18.1 -97.7 -0.6 -1.3
1780.6 -54.7 86.3 217.8 -275.7 4.5
2717.1 -324.3 246.7 -25.4 41.1 -81.6
226.9 253.1 219.8
614.1 0 14 -94.5 -6.8 -0.6
1790 -58.4 84.1 219.1 -285.4 3.2
2746 -335.4 258.3 -37.3 25 -79.9
236.6 261.5 228.3
621.8 -11.8 14.9 -87.2 -17 3.7
1799.8 -70.5 84.6 225.2 -295.4 8.5
2767.2 -348.8 264.5 -28.2 15.3 -64.7
246.2 265.3 248.1
627.8 -24.4 10.4 -66.8 -31.6 0.6
1810.7 -84.3 80.2 238.5 -303.5 -2
2792.9 -369.8 271.1 -19.1 10.2 -66.6
241.9 274.8 257.6
623.5 -36.4 21.1 -60.6 -31.2 -6.5
1825.2 -111.8 96.7 228.1 -294 -16.1
2807 -394.5 292.3 -30.7 20.3 -80.7
winner is: 1
