Regression analysis information for: puertorican_mismatch_declarative-broad-focus_La-maestra-vive-en-Paris
number of formants: 3
number of coefficients: 5
92.9 291 136.6
515.1 103.5 12.5 -3.3 6.1 31.5
1639.2 -50 -104.3 -25.2 1.6 -84.6
2228.9 -122.6 -26.7 -70.6 -25.6 -16.6
97.1 274.1 142.5
519.8 107.6 16.5 -5.1 -1.9 29.6
1692.7 6.6 -114.1 -49.1 -82.8 -105
2280.4 -138.3 -23 -64.9 -33.6 -0.8
99.2 260.6 166.4
519.6 114.6 15.8 -7.4 -3.3 26.4
1731.3 18.8 -105.3 -89.7 -89.5 -124.6
2315.8 -117.9 -24 -70.3 -35.9 -15.2
99.2 253.5 173.5
519.3 112.7 18.9 -7.3 -5 25.9
1754.5 -27.1 -52.6 -115.5 -61.3 -146.6
2332 -105.8 16.9 -91.5 -38.1 7.4
98.6 216.8 179.4
516.9 112.5 18.9 -7.6 -3.7 23.2
1786.6 -99 31.2 -173.6 -34.7 -160.7
2332 -111.5 58.2 -116.6 -74.5 26.2
98.1 211.9 185.9
515 107.9 17.6 -7.7 -2.8 26.8
1789.8 -116.1 8.3 -200.9 -62.1 -147.9
2311.1 -125.9 60.8 -143.9 -135.4 19.6
93.9 214.2 187.7
510.6 103.1 10.8 -11 0.2 32
1805.4 -100.3 -22.7 -210.6 -81.8 -140.3
2313.2 -149.9 16.1 -147 -168 14.6
85.5 219.8 191.1
504.1 89.4 3.7 -10.9 7.8 45.8
1818.8 -133.9 -57.1 -215.9 -51.4 -85.6
2335.5 -196.6 -22.6 -130.5 -165.2 39.9
84.7 219.1 192.7
501.1 89.1 -0.2 -10.8 12.1 47.5
1830.7 -139.4 -65.1 -208.2 -44.2 -77.5
2359.5 -230 -57.2 -91 -139.9 53.5
87.2 215.6 187.6
504.9 82.4 1.2 -7 7.8 56.3
1860.7 -156.3 -63.6 -204.4 -47.4 -65.6
2401.9 -258.6 -62.9 -76.4 -139.4 80.5
95.7 234.9 200.5
513.3 68.8 5.2 2 -4.4 75.2
1880.1 -179.1 -64.7 -182.6 -43.5 -25.9
2450.9 -254.7 -48.6 -37.9 -119.9 133.4
103.2 231.3 202
520.6 69.6 11 6.4 -13.1 76.3
1905.9 -168.3 -57.6 -178.5 -61 -30
2490.9 -226.1 -32.8 -23.2 -120.7 134.2
106.3 225.1 204.7
521.6 77.5 13.7 8.1 -11.6 68.1
1918.2 -156.8 -57.6 -183.5 -70.2 -44.3
2533.4 -184.4 -22 -14.7 -132.3 124.4
116.7 215.7 193
527.5 74.9 20.1 15.2 -20 70.8
1930.4 -142.8 -54.2 -193.5 -81.4 -59.7
2569.7 -151.1 -1.9 19.6 -130.4 116.2
134.3 205.4 193.8
544.6 82.9 19.8 8.4 -33.3 81.8
1958 -135.2 -43.6 -182.3 -108.8 -49.2
2610.3 -121.2 21.6 35.1 -146.8 138.3
141.3 208.6 195.4
550.7 90.4 18.3 3.7 -35 83.6
1964.4 -137.4 -46.7 -179.9 -116.8 -41.1
2618.5 -111.7 16.4 31.4 -152.9 139.9
148.8 211.1 208.5
557.9 92.8 17.1 -0.6 -39.4 91.6
1970.5 -139.6 -48.6 -179.1 -124.3 -34
2631.2 -119.1 16.7 34.7 -169.3 157.7
151 201.8 209.4
557.4 94.8 19.7 0.9 -39.8 86.4
1980.9 -128.3 -43.9 -181 -137.3 -45.9
2642.8 -104.5 20.3 30.1 -178 147.4
159 205 233.9
565.8 100.8 4.6 -18 -38.9 104.8
1987 -131.5 -47.2 -184.3 -142.4 -37.9
2666.6 -110.4 10.8 18 -197.6 184.9
159.6 206.3 243.7
568.8 99.6 -3.8 -26.9 -39.3 116.6
1992.1 -137 -45.8 -183.9 -147.4 -33.6
2678 -113.9 7.7 12 -204.4 202.2
winner is: 10
