Regression analysis information for: puertorican_match_interrogative-partial-wh_Por-que-ama-la-navidad
number of formants: 3
number of coefficients: 5
94.7 119.5 169.5
637.4 -3.1 -69.4 -103.7 31 -28.6
1472.6 -59.6 16.7 10.4 -132.9 -39.5
2067.1 170.5 21.7 72.1 -116.9 41.8
96.1 121.7 183.8
636.3 -2.3 -68.3 -105.4 30.6 -29.1
1479 -54.4 14.4 4.1 -129.3 -50.7
2099.8 179.1 7.2 59.3 -114.5 38.2
99.6 130.3 206.4
633.2 -1.6 -65.6 -106.1 29.5 -28.9
1476.5 -38.3 6 -1.8 -122.4 -64.3
2117 179.9 -22 37.8 -106.9 39.4
102.4 137.2 224.9
630.5 -3.2 -62.8 -106.9 29.4 -30
1476.3 -26.6 -3.1 -5 -114.1 -71.3
2135.4 184.6 -34.8 25.1 -93.2 32
105.8 135.5 234.6
629.9 -1.8 -58.8 -104.6 30.3 -32.4
1479.5 -38.3 -0.6 -14.5 -89.4 -77.6
2139.3 186.8 -28 19.9 -69.1 16.6
104.5 125.6 234.9
630.8 -0.9 -56.9 -103.2 31.2 -34.9
1482.8 -62 9.3 -26.1 -66.5 -82.4
2144.3 171.7 0.9 10.8 -35.9 -2
108.4 127 224.4
630.6 0.6 -51.2 -99.1 29.8 -37
1481.8 -85 17.5 -17.9 -62.3 -65.5
2151.6 138.8 31 11.5 -5.7 -33.4
107 118.5 214.4
632.3 -0.9 -54.1 -99.7 31.8 -36.9
1492.5 -109.3 30.8 -15 -49 -62.5
2173.9 88.4 35.6 30 37.4 -47.6
109.5 126.8 220.5
637.2 4.7 -49.9 -95.9 32.9 -38
1504.5 -101.5 40.2 -16.5 -56.6 -60.2
2236.2 56.4 47.2 32 59.8 -67.5
110 135.1 214.8
641.8 8.1 -49.3 -95.1 33.7 -37.2
1528.8 -106.8 39.8 -5 -80.2 -53.4
2315.2 18.7 23 45.3 64.5 -57.7
113 143.4 182.4
650.5 19.1 -44.1 -93 31.9 -41.8
1566.3 -107.9 49.7 -3.7 -108.9 -35.7
2443.3 -43.3 -16.1 52 57.3 7.2
116.3 148.4 163.7
653.6 21.2 -44.3 -94 27.9 -46.5
1581 -109 54.1 -1.9 -124.8 -36.6
2514.6 -60.7 -38 54.5 73.1 4.7
116.8 165.8 150.1
667.5 40.3 -38.5 -95.3 26 -47.5
1610.4 -69.6 55.9 -15.3 -144.2 -51.2
2570.6 -59.1 -36.3 34.6 62.3 10.2
119.5 172.9 144.4
675.9 52.9 -32.8 -93.3 25.3 -50.3
1624.7 -60.5 75.6 -4.6 -155.5 -66.5
2610.8 -34.4 -27.7 18.5 42.5 -0.5
119.1 167.4 137.8
682.6 63.6 -28.5 -94 21 -56.1
1652 -20.1 85.5 -20.5 -191.4 -103.2
2639.1 2.9 -19.5 2.4 7.7 -34.1
122.6 169.7 142.5
684.3 68.3 -23.8 -91.2 19.4 -60.1
1654.2 -14.7 91.3 -16.7 -195.9 -109.3
2649.9 17.6 -12.3 2.3 -1.8 -43.6
125.2 174 158.1
687.5 74.4 -21 -90.7 18.2 -61.3
1660 -5.9 90.6 -19.4 -197.8 -106.5
2655.7 28 -1.3 15.1 1.4 -49.7
122.9 176 151.8
690.3 76.5 -26.9 -97.6 18.9 -53.7
1662.8 -2 86.9 -26.3 -197.9 -100.2
2662 35.8 -6.5 2.4 -3.5 -40.8
121.9 178.3 145.4
692.9 79.2 -29.1 -99.9 21.5 -47.4
1666.4 1.8 84.7 -31.2 -195 -94.4
2662.7 33.5 -9.8 -0.4 1 -32.5
125.3 177.7 147.9
691.2 78.6 -25.2 -95.7 20.6 -51.8
1661.3 -0.8 95.5 -22.2 -197 -105.8
2661.4 33.7 -0.6 7.4 -0.2 -40.3
winner is: 1
