Regression analysis information for: puertorican_mismatch_declarative-broad-focus_La-nina-lava-el-plato
number of formants: 3
number of coefficients: 5
79.9 132.2 184.5
597.5 29.5 -35.2 4.3 15.8 106.2
1564.5 181.4 -62.7 94.7 -120.7 -39.2
2152.7 -4.3 130.8 14.9 -154.6 -67.8
76 103.1 156.6
599.1 33.3 -32 -5 12.1 103.9
1606.1 212.5 -55.4 53.2 -178.3 -64.2
2224.8 -23.1 177.7 -13.8 -161 -105.5
74.7 107.3 150.6
594.9 35.8 -28.7 -11.9 18.7 103.9
1616.2 216.8 -40.8 44.8 -183.1 -66.3
2262.3 -24.1 202.3 -17.3 -159.9 -118
77.1 119.1 158.1
595.8 32.2 -30.8 -6.2 15.6 102.2
1612.9 220.1 -38 53.2 -181.4 -63.3
2279.5 -35.4 221 -19.4 -154 -126.1
82.6 144.9 182.6
593.1 30.5 -31 -3.5 15 103.5
1603 201.3 -49.4 68.3 -167.5 -64.1
2279.3 -49.7 233.3 -33 -154.5 -139.5
93.5 165.1 199.7
608.3 11.8 -48 29.8 1.1 86.2
1616.6 163.8 -74 92.5 -165 -76
2294.9 -96.2 240.1 -30.3 -163.2 -164.1
98.2 169.4 200.5
610.7 8.5 -54.6 37.5 -0.4 81
1605.8 141.3 -105.2 100.4 -161.7 -84.5
2270.3 -109.5 209.5 -39.6 -177.3 -187.3
107.9 171.2 196.3
615 4.9 -64.7 49.9 -0.8 71.7
1616.7 124.6 -112.9 96.7 -164.7 -82.5
2276 -120.1 178.1 -32.6 -163.4 -212.3
121.3 185.3 196.9
627.8 -6.2 -83.4 78.4 -10.6 55.7
1615.8 98.5 -140.6 104.3 -160.9 -71.4
2304.8 -148.5 127.2 4 -152 -229
128.2 177.9 200.7
633.6 -9.3 -92.2 90.7 -14.4 49
1635.7 125.4 -139.3 116.1 -163.5 -74.8
2374 -161.4 86.7 82.6 -145 -240.9
145 172.1 203.9
648.3 -20.6 -111.5 119 -19 28.4
1660.1 152.2 -136.1 121.7 -178 -85.4
2437.5 -164.9 89.7 137.1 -138.3 -213
157.1 176 208.7
658.2 -29.4 -124.3 138.9 -21.5 17.5
1680.2 163.8 -144.9 125 -182.6 -90
2498.8 -181.8 66.4 163.2 -121.8 -204
158.3 161 201
657.5 -30.9 -124.4 140 -16.6 22.3
1716.8 208.3 -131.8 125.1 -194.8 -117.1
2555.6 -147.7 65.8 155.5 -89.1 -181.6
160.8 157.2 194.2
657.7 -32.6 -125.7 141 -11.1 25.4
1739.2 234.5 -118.2 126.9 -209 -143.9
2607.2 -108.4 49.2 131.8 -63.7 -142.6
169.7 164.5 192.6
666.5 -42 -137.5 158.5 -9.8 15.3
1760 241.8 -125.5 121.1 -224.2 -157.9
2667.1 -78.2 25.6 124.8 -49.2 -120
174.2 159.3 200.6
668.1 -46.3 -141.1 163.4 -4.2 15.2
1774.9 259.7 -116.1 117.1 -236.7 -175.4
2700.5 -64.8 19.1 124.4 -46.8 -123.7
179.4 155.1 207.9
671.6 -54.8 -144.2 173.9 -6.7 18
1773.5 259.9 -108.2 108 -242.5 -164.4
2713.7 -63.9 22.7 122.4 -45.9 -105.4
183.4 163.5 223.3
676.5 -60.3 -152.3 182.9 -1.1 8.8
1779.8 251.1 -114 119.7 -239.5 -174.2
2728.2 -78.6 9.7 138.3 -43.6 -118
187.9 175.9 234.2
682.9 -67.3 -161.9 194.6 2.2 -2.6
1781.1 235.6 -121.3 140.5 -227.4 -179.3
2730.2 -99 8.1 155.6 -27.6 -120.5
192.8 188.7 256
696.9 -80.6 -181 220.7 2.3 -26.1
1791.3 220.2 -137.3 168.8 -226.2 -198.6
2744.9 -124.6 -8.1 190.1 -23.7 -142.6
winner is: 3
