Regression analysis information for: puertorican_match_declarative-broad-focus_Emilio-ama-la-marcha
number of formants: 3
number of coefficients: 5
116.6 170 127.9
553.6 -14.5 -48.4 -25.5 35 1.1
1575.3 141.4 170 -7.4 -81 -0.2
2026.7 111.9 84.5 -60.1 -96.4 1.7
114.9 173.3 138.6
552.1 -16 -45.6 -28.4 37.4 0.3
1596.3 153.8 197.3 -7.1 -72.1 3.3
2039.1 105.2 75.2 -63 -90 -5.8
113.9 182.1 154.9
549.3 -17.4 -42.2 -31.2 40.3 -2
1609 155.2 221.5 -12.4 -52.1 -5.9
2055.5 88.8 85 -69.6 -76.5 -22.1
111.5 206.8 192.3
551.6 -28.7 -35.8 -28.9 37.4 -0.6
1605 128.5 213.5 -15.8 -53.9 -0.5
2064.9 82.1 88.8 -60 -76.5 -17.9
108.5 215.2 216
554.1 -39.5 -29.1 -32.3 43.7 -10.8
1599.8 127.1 215.6 -14.8 -69.1 5.7
2068.7 83 113.3 -61.9 -76.1 -6.3
107.3 222.2 239.3
552.6 -41.5 -30.8 -29.8 42.4 -12.3
1584.4 76.7 171.8 -54.6 -124.8 -32.6
2074.1 81.6 132.3 -68.1 -81.9 -11.7
107.5 207.6 233.1
552 -45.6 -32.2 -28.1 35.5 -7.8
1545.7 -43.5 102.9 -98 -153 -9.8
2066.6 44.6 127.5 -90.8 -92.4 9.7
108.3 194.8 232.4
554.4 -46.5 -35.3 -23.5 35.4 -6.7
1570.2 -25.4 108.8 -57.6 -146.5 -14.3
2092 28.9 105.9 -56.8 -99.9 18.3
108.7 183.4 240
555.1 -43.9 -36.6 -23.8 35.4 -5.2
1602.4 2.5 134.5 -33.7 -139.9 -27.1
2142.5 14 100.9 -26.6 -108.7 21.5
109.5 176.7 250.2
556.2 -41.5 -42.2 -18.8 33.2 -0.5
1637.5 15.9 157 -13.6 -130.2 -38.3
2211.8 13.2 93.2 11.8 -122.8 18.8
109.7 178.8 242.8
559.4 -39.7 -46 -18.9 32.2 0
1666.9 46.8 168.1 -19.3 -147.8 -60.9
2276.7 11.1 75.5 28.3 -126.1 7.4
110.8 165.7 222.8
560.9 -36.9 -50.2 -18 34.7 4
1706.9 90.3 192.8 17.7 -134 -46.5
2358.9 20.4 62.9 91.6 -123.7 14.2
111.3 156.8 187.1
561.9 -30.9 -56.2 -19.6 35.6 4.3
1731.4 129.3 215.3 38.4 -120.3 -25.5
2420.3 66.3 64.2 115.1 -118.6 28
110.8 151.5 152.5
562.5 -26 -61.9 -18.9 36.2 8.5
1742.5 140.8 220.3 46.8 -108.8 -15.7
2463.6 83.8 43.4 136.9 -124.9 34.3
113.5 155.3 154.2
564.6 -27 -63.1 -20.2 34.5 15.1
1747.6 135.6 220.6 45.9 -111 -7.8
2480.3 82 39.6 136.1 -128.4 53
111.9 155.3 155.8
561.3 -20.6 -67.3 -23.8 39.6 11
1747.5 138.1 217.9 43.6 -106.7 -9.3
2488.8 76.6 35.4 133 -128.1 61.6
113.5 161 161.6
563.4 -24.9 -65.9 -24.3 35.8 18.2
1750.3 133.2 219.7 42.1 -108.8 -1.2
2498.2 63.6 35.1 129.1 -133.3 76
112.4 166.8 165.9
562 -23.7 -67.2 -25.1 35.8 19.7
1751.4 132 220.4 40.2 -108.9 3.4
2508.7 48.1 38.3 124.5 -136.3 94.7
111.1 167.5 167.3
559.3 -21.6 -66.5 -29.4 43.6 9.6
1750.8 133.5 219.4 38.1 -105.1 0.3
2516.3 39.2 41.4 116.4 -121.9 88.9
113.8 165.7 185.2
567 -37.5 -50.9 -46.8 62.2 -9.6
1760.1 117.5 232.4 25 -92.7 -9.7
2551.1 -14.3 79.9 84.8 -89.6 71.9
winner is: 1
